#,,base:cevent_vision_dom-mismatch-parent-inhand_child,,,,,cevent_eye_roi_child,,,,,,cevent_eye_roi_parent,,,,,,cont_vision_size_obj#_child,,,,cevent_inhand_child,,,,,,cevent_inhand_parent,,,,,
#,,,,,,,individual_prop,,individual_mean_dur,,individual_freq,,individual_prop,,individual_mean_dur,,individual_freq,,individual_mean,,individual_median,,individual_prop,,individual_mean_dur,,individual_freq,,individual_prop,,individual_mean_dur,,individual_freq,
#,,,,,,,target,other,target,other,target,other,target,other,target,other,target,other,target,other,target,other,target,other,target,other,target,other,target,other,target,other,target,other
#subID,expID,onset,offset,category,trialsID,instanceID,cat-all,cat-all,cat-all,cat-all,cat-all,cat-all,cat-all,cat-all,cat-all,cat-all,cat-all,cat-all,cat-all,cat-all,cat-all,cat-all,cat-all,cat-all,cat-all,cat-all,cat-all,cat-all,cat-all,cat-all,cat-all,cat-all,cat-all,cat-all
1201,12,30.333,30.967,15,1,1,1,0,0.6333,0,94.742,0,0,0.4736,0,0.29993,0,94.742,0.18619,0.055554,0.18024,0.055361,1,0,0.6333,0,94.742,0,0,0.99995,0,0.63327,0,94.742
1201,12,31.033,31.467,15,1,2,1,0,0.4333,0,138.47,0,0,1,0,0.4333,0,138.47,0.1972,0.053703,0.20083,0.052094,1,0,0.4333,0,138.47,0,0,1.8461,0,0.39995,0,276.94
1201,12,31.533,31.867,15,1,3,1,0,0.3333,0,180.02,0,0,1,0,0.3333,0,180.02,0.18183,0.056001,0.18853,0.056835,0.10011,0,0.033367,0,180.02,0,0,1,0,0.3333,0,180.02
1201,12,34.567,34.667,24,1,4,0,1,0,0.0999,0,600.6,0,1,0,0.0999,0,600.6,0.096774,0.040945,0.096774,0.040945,0,0,0,0,0,0,0,1,0,0.0999,0,600.6
1201,12,36.833,37.1,12,1,5,0,0,0,0,0,0,0,0,0,0,0,0,0.073485,0.030694,0.07471,0.030153,0,0,0,0,0,0,0,1,0,0.2667,0,224.97
1201,12,37.967,38.067,15,1,6,0,1,0,0.0999,0,600.6,0,1,0,0.0999,0,600.6,0.073517,0.024023,0.073517,0.024023,0,0,0,0,0,0,0,1,0,0.0999,0,600.6
1201,12,38.933,39.167,15,1,7,0,0.57122,0,0.13327,0,257.18,0,1,0,0.2333,0,257.18,0.15888,0.044829,0.15708,0.04458,0,0,0,0,0,0,0,1,0,0.2333,0,257.18
1201,12,45.433,45.567,23,1,8,0,0.50038,0,0.0667,0,450.11,0,1,0,0.1333,0,450.11,0.07361,0.027219,0.072757,0.027901,0,2,0,0.1333,0,900.23,0,1,0,0.1333,0,450.11
1201,12,46.133,46.2,12,1,9,1,0,0.0667,0,899.55,0,0,0,0,0,0,0,0.10078,0.028324,0.10078,0.028324,0,1,0,0.0667,0,899.55,0,2,0,0.0667,0,1799.1
1201,12,49.133,49.267,20,1,10,0,1,0,0.1333,0,450.11,0,0,0,0,0,0,0.055169,0.021549,0.055156,0.021513,0,2,0,0.1333,0,900.23,0,2,0,0.1333,0,900.23
1201,12,52.1,52.367,15,1,11,0,1,0,0.2666,0,225.06,0,1,0,0.2666,0,225.06,0.081746,0.033709,0.081764,0.033911,0,1,0,0.2666,0,225.06,0,2,0,0.2666,0,450.11
1201,12,54.833,54.867,23,1,12,0,1,0,0.0333,0,1801.8,0,0,0,0,0,0,0.08124,0.032958,0.08124,0.032958,0,1,0,0.0333,0,1801.8,0,2,0,0.0333,0,3603.6
1201,12,58.9,59.533,12,1,13,0,1,0,0.6333,0,94.742,0,0,0,0,0,0,0.11054,0.036079,0.1025,0.034632,0,0,0,0,0,0,0,1,0,0.6333,0,94.742
1201,12,62,62.067,15,1,14,0,1,0,0.0666,0,900.9,0,0,0,0,0,0,0.12196,0.043024,0.12196,0.043024,0,2,0,0.0666,0,1801.8,0,1,0,0.0666,0,900.9
1201,12,63.433,63.633,15,1,15,0,1,0,0.2,0,300,0,1,0,0.2,0,300,0.11037,0.036331,0.11213,0.036748,0,1.8335,0,0.18335,0,600,0,2,0,0.2,0,600
1201,12,63.733,63.8,12,1,16,1,0,0.0667,0,899.55,0,0,1,0,0.0667,0,899.55,0.060018,0,0.060018,0,0,0.50025,0,0.016683,0,1799.1,0,2,0,0.0667,0,1799.1
1201,12,64.267,64.867,15,1,17,0,0.16664,0,0.099967,0,100.02,0,1,0,0.5999,0,100.02,0.11758,0.022799,0.11934,0.021797,0,0,0,0,0,0,0,2,0,0.5999,0,200.03
1201,12,64.867,65.1,12,1,18,0,0,0,0,0,0,0,1,0,0.2333,0,257.18,0.16387,0.046741,0.16689,0.045728,0,0,0,0,0,0,0,2,0,0.2333,0,514.36
1201,12,65.767,65.967,12,1,19,0.16658,0,0.0333,0,300.15,0,0,1,0,0.1999,0,300.15,0.11134,0.056452,0.11165,0.05716,1,0,0.1999,0,300.15,0,0,2,0,0.1999,0,600.3
1201,12,66.267,66.333,15,1,20,0,1,0,0.0666,0,900.9,0,1,0,0.0666,0,900.9,0.16453,0.052824,0.16453,0.052824,0,1,0,0.0666,0,900.9,0,2,0,0.0666,0,1801.8
1201,12,66.533,66.833,23,1,21,0,1,0,0.3,0,200,0,1,0,0.3,0,200,0.16154,0.040696,0.15883,0.038364,0,1,0,0.3,0,200,0,2,0,0.3,0,400
1201,12,69.933,70.033,15,1,22,0,1,0,0.1,0,600,0,1,0,0.1,0,600,0.069323,0.02678,0.072083,0.028566,0,2,0,0.1,0,1200,0,1,0,0.1,0,600
1201,12,70.367,70.567,15,1,23,0,1,0,0.1999,0,300.15,0,1,0,0.1999,0,300.15,0.096051,0.021486,0.1017,0.018729,0,2,0,0.1999,0,600.3,0,1.5001,0,0.14993,0,600.3
1201,12,70.833,70.867,15,1,24,0,1,0,0.0333,0,1801.8,0,1,0,0.0333,0,1801.8,0.086133,0.02372,0.086133,0.02372,0,2,0,0.0333,0,3603.6,0,1,0,0.0333,0,1801.8
1201,12,71.267,71.533,15,1,25,0,1,0,0.2666,0,225.06,0,1,0,0.2666,0,225.06,0.14352,0.026463,0.15299,0.022544,0,2,0,0.2666,0,450.11,0,1,0,0.2666,0,225.06
1201,12,80.3,80.5,15,1,26,0,1,0,0.2,0,300,0,1,0,0.2,0,300,0.064818,0.030925,0.064482,0.030765,0,2,0,0.2,0,600,0,1,0,0.2,0,300
1201,12,84.6,84.667,23,1,27,0,1,0,0.0666,0,900.9,0,0,0,0,0,0,0.18054,0.065565,0.18054,0.065565,0,2,0,0.0666,0,1801.8,0,1,0,0.0666,0,900.9
1201,12,84.7,84.933,15,1,28,0,1,0,0.2333,0,257.18,0,0,0,0,0,0,0.15835,0.044134,0.1592,0.037488,0,2,0,0.2333,0,514.36,0,1,0,0.2333,0,257.18
1201,12,84.967,85.3,15,1,29,0,1,0,0.3333,0,180.02,0,0,0,0,0,0,0.095131,0.02679,0.087643,0.025876,0,0.9999,0,0.16663,0,360.04,0,1,0,0.3333,0,180.02
1201,12,85.3,85.733,12,1,30,0,1,0,0.4333,0,138.47,0,0,0,0,0,0,0.11107,0.036535,0.11092,0.036762,0,0,0,0,0,0,0,1,0,0.4333,0,138.47
1201,12,87.4,87.9,23,1,31,0,0.93333,0,0.23333,0,240,0,1,0,0.5,0,120,0.19388,0.051637,0.19216,0.051297,0,0,0,0,0,0,0,2,0,0.5,0,240
1201,12,91.333,91.8,23,1,32,0,1,0,0.23335,0,257.12,0,1,0,0.4667,0,128.56,0.15237,0.058986,0.14862,0.059344,0,0,0,0,0,0,0,1.2143,0,0.28337,0,257.12
1201,12,93.933,94.233,23,1,33,0,1,0,0.3,0,200,0,1,0,0.3,0,200,0.13961,0.058334,0.13904,0.056117,0,0,0,0,0,0,0,1.7779,0,0.26668,0,400
1201,12,96.433,96.5,23,1,34,0,1,0,0.0667,0,899.55,0,1,0,0.03335,0,1799.1,0.16577,0.064875,0.16577,0.064875,0,0,0,0,0,0,0,0.9995,0,0.066667,0,899.55
1201,12,97.1,97.633,23,1,35,0,1,0,0.5333,0,112.51,0,0.50003,0,0.26667,0,112.51,0.19262,0.044801,0.19322,0.044014,0,0,0,0,0,0,0,1.75,0,0.46665,0,225.01
1201,12,98,98.033,23,1,36,0,1,0,0.0333,0,1801.8,0,0,0,0,0,0,0.15308,0.042394,0.15308,0.042394,0,0,0,0,0,0,0,1,0,0.0333,0,1801.8
1201,12,99.033,99.233,5,1,37,0,1,0,0.2,0,300,0,0,0,0,0,0,0.19921,0.042134,0.20632,0.043621,0,0,0,0,0,0,1,1,0.2,0.2,300,300
1201,12,99.233,99.367,15,1,38,0,1,0,0.1333,0,450.11,0,0,0,0,0,0,0.12192,0.035012,0.12119,0.033133,0,0,0,0,0,0,0,1.2503,0,0.083333,0,900.23
1201,12,99.733,99.833,12,1,39,1,0,0.1,0,600,0,1,0,0.1,0,600,0,0.11537,0.049523,0.11328,0.049613,0,0,0,0,0,0,0,1,0,0.1,0,600
1201,12,100.4,100.47,12,1,40,1,0,0.0666,0,900.9,0,0,1,0,0.0666,0,900.9,0.10113,0.045423,0.10113,0.045423,0,0,0,0,0,0,0,1,0,0.0666,0,900.9
1201,12,101.17,101.2,15,1,41,0,1,0,0.0333,0,1801.8,0,0,0,0,0,0,0,0,0,0,0,0,0,0,0,0,0,2,0,0.0333,0,3603.6
1201,12,101.47,101.5,5,1,42,0,0,0,0,0,0,0,0,0,0,0,1801.8,0,0,0,0,0,0,0,0,0,0,1,1,0.0333,0.0333,1801.8,1801.8
1201,12,101.5,101.53,12,1,43,0,0,0,0,0,0,0,1,0,0.0333,0,1801.8,0.14484,0.048511,0.14484,0.048511,0,0,0,0,0,0,0,2,0,0.0333,0,3603.6
1201,12,101.53,101.6,5,1,44,0,0,0,0,0,0,0,1,0,0.0667,0,899.55,0.084232,0.01967,0.084232,0.01967,0,0,0,0,0,0,1,1,0.0667,0.0667,899.55,899.55
1201,12,101.73,101.77,3,1,45,0,0,0,0,0,0,0,1,0,0.0333,0,1801.8,0.096797,0,0.096797,0,0,0,0,0,0,0,0,2,0,0.0333,0,3603.6
1201,12,103.17,103.63,15,1,46,0,0.78576,0,0.36663,0,128.59,0,0.85712,0,0.19997,0,257.18,0.11588,0.039402,0.11548,0.039697,0,0,0,0,0,0,0,1,0,0.4666,0,128.59
1201,12,103.73,103.83,23,1,47,0,1,0,0.1,0,600,0,1,0,0.1,0,600,0.157,0.056209,0.15791,0.057045,0,0,0,0,0,0,0,1,0,0.1,0,600
1201,12,104.3,104.33,23,1,48,0,1,0,0.0333,0,1801.8,0,1,0,0.0333,0,1801.8,0.18118,0.057735,0.18118,0.057735,0,0,0,0,0,0,0,1,0,0.0333,0,1801.8
1201,12,104.33,104.73,15,1,49,0,1,0,0.4,0,150,0,1,0,0.4,0,150,0.14198,0.049313,0.14417,0.049746,0,0,0,0,0,0,0,1.4167,0,0.28333,0,300
1201,12,105.7,105.83,15,1,50,0,1,0,0.1333,0,450.11,0,1,0,0.1333,0,450.11,0.13775,0.045513,0.13838,0.044541,0,0,0,0,0,0,0,2,0,0.1333,0,900.23
1201,12,108.9,109.13,23,1,51,0,1,0,0.2333,0,257.18,0,1,0,0.2333,0,257.18,0.11095,0.036742,0.11129,0.036633,0,0,0,0,0,0,0,1,0,0.2333,0,257.18
1201,12,109.67,110.63,15,1,52,0,1,0,0.9666,0,62.073,0,1,0,0.9666,0,62.073,0.16892,0.02139,0.15661,0.018838,0,0,0,0,0,0,0,1,0,0.9666,0,62.073
1201,12,111.17,111.37,15,1,53,0,1,0,0.1999,0,300.15,0,1,0,0.1999,0,300.15,0.11666,0.028948,0.11373,0.027897,0,0,0,0,0,0,0,1,0,0.1999,0,300.15
1201,12,111.6,111.93,15,1,54,0,1,0,0.3333,0,180.02,0,1,0,0.3333,0,180.02,0.18044,0.054977,0.1804,0.051302,0,0.19992,0,0.066633,0,180.02,0,1,0,0.3333,0,180.02
1201,12,112,112.47,15,1,55,0.49993,0,0.23327,0,128.59,0,0,1,0,0.4666,0,128.59,0.22138,0.060419,0.20486,0.062909,0,1,0,0.4666,0,128.59,0,1,0,0.4666,0,128.59
1201,12,112.7,113,23,1,56,0,1,0,0.3,0,200,0,0,0,0,0,0,0.14939,0.033618,0.14848,0.032912,0,1,0,0.3,0,200,0,1,0,0.3,0,200
1201,12,115,115.5,23,1,57,0,1,0,0.5,0,120,0,1,0,0.5,0,120,0.16448,0.043515,0.16417,0.041793,0,0,0,0,0,0,0,1.4667,0,0.36667,0,240
1201,12,117.27,117.47,6,1,58,0,1,0,0.1999,0,300.15,0,0,0,0,0,0,0.18987,0.036392,0.19296,0.035989,0,1,0,0.1999,0,300.15,0,1,0,0.1999,0,300.15
1201,12,118.07,118.17,20,1,59,0,1,0,0.0999,0,600.6,0,0,0,0,0,0,0.33288,0.0546,0.33288,0.0546,0,2,0,0.0999,0,1201.2,0,1,0,0.0999,0,600.6
1201,12,118.53,118.83,7,1,60,1,0,0.3,0,200,0,0,0,0,0,0,0,0.32048,0.0061523,0.35366,0.0061523,2,0,0.3,0,400,0,0,1,0,0.3,0,200
1201,12,119.17,119.4,7,1,61,0.14273,0.28576,0.0333,0.066667,257.18,257.18,0,0.85727,0,0.2,0,257.18,0.23554,0.070647,0.25933,0.0715,2,0,0.2333,0,514.36,0,0,1.2856,0,0.14997,0,514.36
1201,12,119.4,119.43,12,1,62,0,1,0,0.0333,0,1801.8,0,1,0,0.0333,0,1801.8,0.15215,0.072278,0.15215,0.072278,0,2,0,0.0333,0,3603.6,0,1,0,0.0333,0,1801.8
1201,12,119.43,119.5,9,1,63,0,1,0,0.0667,0,899.55,0,1,0,0.0667,0,899.55,0.11467,0.037177,0.11467,0.037177,0,2,0,0.0667,0,1799.1,0,1,0,0.0667,0,899.55
1201,12,121.6,121.87,15,1,64,0,1,0,0.2666,0,225.06,0,1,0,0.2666,0,225.06,0.17581,0.052579,0.17964,0.052371,0,1,0,0.2666,0,225.06,0,1,0,0.2666,0,225.06
1201,12,122,122.17,15,1,65,0,1,0,0.1666,0,360.14,0,1,0,0.1666,0,360.14,0.14193,0.059796,0.14163,0.059712,0,1,0,0.1666,0,360.14,0,1,0,0.1666,0,360.14
1201,12,123.57,123.8,15,1,66,0,0,0,0,0,0,0,1,0,0.2333,0,257.18,0.10255,0.029068,0.09936,0.027374,0,1,0,0.2333,0,257.18,0,1,0,0.2333,0,257.18
1201,12,123.83,123.87,15,1,67,0,0,0,0,0,0,0,1,0,0.0333,0,1801.8,0.073975,0.02395,0.073975,0.02395,0,1,0,0.0333,0,1801.8,0,1,0,0.0333,0,1801.8
1201,12,124.07,124.3,16,1,68,0,0,0,0,0,0,0,0.57137,0,0.06665,0,514.36,0.071522,0.0215,0.0689,0.021595,0,1,0,0.2333,0,257.18,0,1,0,0.2333,0,257.18
1201,12,126.63,126.97,16,1,69,0,0,0,0,0,0,0,0.80018,0,0.2667,0,180.02,0.081542,0.020945,0.083171,0.021082,0,0,0,0,0,0,0,1.7999,0,0.29995,0,360.04
1201,12,129.57,129.63,9,1,70,0,0,0,0,0,0,0,1,0,0.0666,0,900.9,0.061094,0.015104,0.061094,0.015104,0,0,0,0,0,0,0,1,0,0.0666,0,900.9
1201,12,131.57,131.67,16,1,71,0,0,0,0,0,0,0,0,0,0,0,0,0.50386,0,0.50386,0,0,0,0,0,0,0,0,1,0,0.0999,0,600.6
1201,12,131.7,131.8,22,1,72,0,0,0,0,0,0,0,0,0,0,0,0,0.45058,0.02506,0.44072,0.025269,0,0,0,0,0,0,0,1,0,0.1,0,600
1201,12,132.13,132.17,9,1,73,0,0,0,0,0,0,0,0,0,0,0,0,0.064062,0.018382,0.064062,0.018382,0,0,0,0,0,0,0,1,0,0.0333,0,1801.8
1201,12,132.2,132.3,9,1,74,0,0,0,0,0,0,0,0,0,0,0,0,0.057163,0.01657,0.058125,0.016729,0,0,0,0,0,0,0,1,0,0.1,0,600
1201,12,132.33,133.5,22,1,75,0,0,0,0,0,0,0,0,0,0,0,0,0.22014,0.02016,0.21417,0.019538,0,0,0,0,0,0,0,1.3143,0,0.76668,0,102.85
1201,12,138.2,138.23,3,1,76,0,0,0,0,0,0,0,0,0,0,0,0,0.058314,0.018981,0.058314,0.018981,0,0,0,0,0,0,0,2,0,0.0333,0,3603.6
1201,12,143.8,143.83,8,1,77,0,0,0,0,0,0,0,0,0,0,0,0,0.082344,0.011081,0.082344,0.011081,0,0,0,0,0,0,0,1,0,0.0333,0,1801.8
1201,12,157.57,157.6,14,1,78,0,1,0,0.0333,0,1801.8,0,0,0,0,0,0,0,0,0,0,0,1,0,0.0333,0,1801.8,0,1,0,0.0333,0,1801.8
1201,12,157.77,157.93,14,1,79,0,1,0,0.1666,0,360.14,0,0.19988,0,0.0333,0,360.14,0.10336,0.040647,0.10381,0.040809,0,1,0,0.1666,0,360.14,0,1,0,0.1666,0,360.14
1201,12,158.07,158.93,15,1,80,0,1,0,0.8666,0,69.236,0,0.96154,0,0.41663,0,138.47,0.13114,0.043305,0.13421,0.042893,0,1,0,0.8666,0,69.236,0,1,0,0.8666,0,69.236
1201,12,158.97,160.57,17,1,81,1,0,1.5999,0,37.502,0,0,0.18745,0,0.14995,0,75.005,0.22697,0.035146,0.22536,0.033873,1.8125,0,1.4499,0,75.005,0,0,1.7084,0,1.3666,0,75.005
1201,12,160.7,162.83,17,1,82,1,0,2.1333,0,28.125,0,0.65624,0.25,1.4,0.26667,28.125,56.251,0.18769,0.041436,0.1845,0.04456,2,0,2.1333,0,56.251,0,0,1.7813,0,1.9,0,56.251
1201,12,180.67,180.73,19,1,83,0,1,0,0.0666,0,900.9,0,1,0,0.0666,0,900.9,0.16622,0.054823,0.16622,0.054823,0,1,0,0.0666,0,900.9,0,2,0,0.0666,0,1801.8
1201,12,180.9,180.93,19,1,84,0,1,0,0.0333,0,1801.8,0,1,0,0.0333,0,1801.8,0.20825,0.056858,0.20825,0.056858,0,2,0,0.0333,0,3603.6,0,2,0,0.0333,0,3603.6
1201,12,193.43,193.47,16,1,85,0,0,0,0,0,0,0,0,0,0,0,0,0.14749,0.029074,0.14749,0.029074,0,0,0,0,0,0,0,1,0,0.0333,0,1801.8
1201,12,207.23,209.4,17,1,86,1,0,2.1667,0,27.692,0,0,0.90769,0,0.65557,0,83.076,0.25824,0.044579,0.23194,0.042571,2,0,2.1667,0,55.384,0,0,0.99998,0,2.1667,0,27.692
1201,12,218.97,219,17,1,87,1,0,0.0333,0,1801.8,0,0,0,0,0,0,0,0,0,0,0,2,0,0.0333,0,3603.6,0,0,1,0,0.0333,0,1801.8
1201,12,225,225.07,1,1,88,0,1,0,0.0666,0,900.9,0,1,0,0.0666,0,900.9,0.077437,0.038466,0.077437,0.038466,0,2,0,0.0666,0,1801.8,0,1,0,0.0666,0,900.9
1201,12,225.07,225.1,17,1,89,1,0,0.0333,0,1801.8,0,0,1,0,0.0333,0,1801.8,0,0,0,0,2,0,0.0333,0,3603.6,0,0,1,0,0.0333,0,1801.8
1201,12,225.1,225.17,15,1,90,0,1,0,0.0666,0,900.9,0,1,0,0.0666,0,900.9,0.14433,0.046861,0.14433,0.046861,0,2,0,0.0666,0,1801.8,0,1,0,0.0666,0,900.9
1201,12,225.53,225.8,20,1,91,0,0.87502,0,0.23337,0,224.97,0,1,0,0.2667,0,224.97,0.095059,0.036537,0.094419,0.036789,0,2,0,0.2667,0,449.94,0,1,0,0.2667,0,224.97
1201,12,226.4,226.53,22,1,92,0,0,0,0,0,0,0,1,0,0.1333,0,450.11,0.082084,0.025354,0.08416,0.025338,0,1,0,0.1333,0,450.11,0,1,0,0.1333,0,450.11
1201,12,226.77,227.2,20,1,93,0,0.15386,0,0.066667,0,138.47,0,1,0,0.4333,0,138.47,0.11105,0.028731,0.11131,0.028546,0,1,0,0.4333,0,138.47,0,2,0,0.4333,0,276.94
1201,12,227.43,227.5,9,1,94,0,1,0,0.0667,0,899.55,0,0,0,0,0,0,0.091715,0.041067,0.091715,0.041067,0,1,0,0.0667,0,899.55,0,2,0,0.0667,0,1799.1
1201,12,227.53,227.63,9,1,95,0,1,0,0.1,0,600,0,0,0,0,0,0,0.14797,0.042862,0.12518,0.042934,0,1.9997,0,0.099983,0,1200,0,2,0,0.1,0,1200
1201,12,227.67,229.3,17,1,96,1,0,1.6333,0,36.735,0,0.040817,0,0.066667,0,36.735,0,0.25814,0.036233,0.27084,0.036019,1.7551,0,1.4333,0,73.471,0,0.61226,1.1224,1,0.91663,36.735,73.471
1201,12,229.3,229.33,1,1,97,0,1,0,0.0333,0,1801.8,0,1,0,0.0333,0,1801.8,0.077565,0.037664,0.077565,0.037664,0,1,0,0.0333,0,1801.8,0,2,0,0.0333,0,3603.6
1201,12,229.6,229.8,15,1,98,0,1,0,0.2,0,300,0,1,0,0.2,0,300,0.13431,0.042139,0.13402,0.040359,0,1,0,0.2,0,300,0,1,0,0.2,0,300
1201,12,229.8,230.73,1,1,99,0,1,0,0.9333,0,64.288,0,1,0,0.9333,0,64.288,0.11922,0.037498,0.12026,0.036496,0,1,0,0.9333,0,64.288,0,1,0,0.9333,0,64.288
1201,12,230.87,231.57,17,1,100,1,0,0.6999,0,85.727,0,1,0,0.6999,0,85.727,0,0.24881,0.044775,0.25553,0.046135,1.4285,0,0.49992,0,171.45,0,0.47616,1,0.33327,0.6999,85.727,85.727
1201,12,231.6,233.1,17,1,101,1,0,1.5,0,40,0,1,0,1.5,0,40,0,0.18823,0.042325,0.19258,0.040509,1.7333,0,0.86667,0,120,0,1,1,1.5,1.5,40,40
1201,12,233.2,233.4,2,1,102,0,1,0,0.2,0,300,0,1,0,0.2,0,300,0.21467,0.043143,0.21832,0.042152,0,2,0,0.2,0,600,0,2,0,0.2,0,600
1201,12,233.4,233.47,17,1,103,1,0,0.0666,0,900.9,0,1,0,0.0666,0,900.9,0,0.11901,0.035331,0.11901,0.035331,2,0,0.0666,0,1801.8,0,1,1,0.0666,0.0666,900.9,900.9
1201,12,233.53,233.83,19,1,104,0,1,0,0.3,0,200,0,1,0,0.3,0,200,0.10651,0.033052,0.11424,0.034027,0,2,0,0.3,0,400,0,2,0,0.3,0,400
1201,12,233.9,233.97,1,1,105,0,1,0,0.0666,0,900.9,0,1,0,0.0666,0,900.9,0.07153,0.026817,0.07153,0.026817,0,2,0,0.0666,0,1801.8,0,2,0,0.0666,0,1801.8
1201,12,234.2,234.27,17,1,106,1,0,0.0666,0,900.9,0,1,0,0.0666,0,900.9,0,0.14078,0.038174,0.14078,0.038174,1,0,0.0666,0,900.9,0,1,1,0.0666,0.0666,900.9,900.9
1201,12,234.47,235.23,17,1,107,1,0,0.7666,0,78.268,0,1,0,0.7666,0,78.268,0,0.19887,0.034841,0.19149,0.034354,1.6522,0,0.63328,0,156.54,0,1,1,0.7666,0.7666,78.268,78.268
1201,12,238.23,238.27,16,1,108,0,1,0,0.0333,0,1801.8,0,1,0,0.0333,0,1801.8,0.077686,0.042407,0.077686,0.042407,0,0,0,0,0,0,0,2,0,0.0333,0,3603.6
1201,12,245.03,245.2,1,1,109,0.59988,0,0.1,0,359.93,0,0,1,0,0.1667,0,359.93,0.090824,0.037773,0.092422,0.036934,0,0,0,0,0,0,0,2,0,0.1667,0,719.86
1201,12,246.47,246.53,1,1,110,1,0,0.0666,0,900.9,0,0,1,0,0.0666,0,900.9,0.085166,0.038419,0.085166,0.038419,0,0,0,0,0,0,0,2,0,0.0666,0,1801.8
1201,12,249.17,249.2,20,1,111,0,1,0,0.0333,0,1801.8,0,1,0,0.0333,0,1801.8,0,0,0,0,0,0,0,0,0,0,0,2,0,0.0333,0,3603.6
1201,12,249.73,249.77,23,1,112,0,1,0,0.0333,0,1801.8,0,1,0,0.0333,0,1801.8,0.095527,0.057799,0.095527,0.057799,0,0,0,0,0,0,0,2,0,0.0333,0,3603.6
1201,12,250.1,250.3,3,1,113,0,1,0,0.2,0,300,0,1,0,0.2,0,300,0.13473,0.048992,0.13787,0.049518,0,0,0,0,0,0,0,2,0,0.2,0,600
1201,12,250.47,250.7,3,1,114,0,1,0,0.2333,0,257.18,0,1,0,0.2333,0,257.18,0.11541,0.034588,0.1192,0.031502,0,0,0,0,0,0,0,2,0,0.2333,0,514.36
1201,12,251.9,251.97,16,1,115,0,0,0,0,0,0,0,0,0,0,0,0,0.11599,0.037076,0.11599,0.037076,0,0,0,0,0,0,0,2,0,0.0666,0,1801.8
1201,12,252.6,252.67,16,1,116,0,0,0,0,0,0,0,0,0,0,0,0,0.13084,0.037572,0.13084,0.037572,0,0,0,0,0,0,0,2,0,0.0666,0,1801.8
1201,12,369.73,369.77,15,2,117,0,0,0,0,0,0,0,1,0,0.0333,0,1801.8,0.10799,0.045362,0.10799,0.045362,0,0,0,0,0,0,0,1,0,0.0333,0,1801.8
1201,12,371,371.1,20,2,118,0,1,0,0.1,0,600,0,1,0,0.1,0,600,0.065076,0.023609,0.065905,0.023487,0,1,0,0.1,0,600,0,2,0,0.1,0,1200
1201,12,373.1,373.93,18,2,119,0.72003,0.23997,0.6,0.19997,72.003,72.003,0,1,0,0.8333,0,72.003,0.10819,0.039674,0.1085,0.038674,0,0.59998,0,0.49997,0,72.003,0,1.96,0,0.81663,0,144.01
1201,12,374.17,374.47,11,2,120,1,0,0.2999,0,200.07,0,0,1,0,0.2999,0,200.07,0.25429,0.056832,0.24009,0.055666,1,0,0.2999,0,200.07,0,0,2,0,0.2999,0,400.13
1201,12,374.53,374.57,15,2,121,0,1,0,0.0333,0,1801.8,0,1,0,0.0333,0,1801.8,0.12106,0.050004,0.12106,0.050004,0,1,0,0.0333,0,1801.8,0,2,0,0.0333,0,3603.6
1201,12,375.2,376,11,2,122,1,0,0.8,0,75,0,0,1,0,0.8,0,75,0.11825,0.040237,0.11758,0.039985,1,0,0.8,0,75,0,0,2,0,0.8,0,150
1201,12,379.17,379.27,20,2,123,0,1,0,0.0999,0,600.6,0,1,0,0.0999,0,600.6,0.080915,0.031602,0.080915,0.031602,0,1,0,0.0999,0,600.6,0,2,0,0.0999,0,1201.2
1201,12,380.33,380.63,16,2,124,0,0,0,0,0,0,0,0,0,0,0,0,0.2454,0.13176,0.24421,0.11516,0,1,0,0.3,0,200,0,2,0,0.3,0,400
1201,12,380.63,380.67,10,2,125,0,0,0,0,0,0,0,0,0,0,0,0,0.3484,0.28918,0.3484,0.28918,0,1,0,0.0333,0,1801.8,1,1,0.0333,0.0333,1801.8,1801.8
1201,12,380.67,382.03,16,2,126,0,0,0,0,0,0,0,0,0,0,0,0,0.21268,0.092466,0.21237,0.091536,0,1,0,1.3666,0,43.905,0,2,0,1.3666,0,87.809
1201,12,382.07,383,16,2,127,0,0,0,0,0,0,0,0,0,0,0,0,0.2021,0.05421,0.21925,0.045439,0,1,0,0.9333,0,64.288,0,2,0,0.9333,0,128.58
1201,12,383,383.3,11,2,128,0,0,0,0,0,0,0,0,0,0,0,0,0.069266,0.0077441,0.071807,0.0077441,1,0,0.3,0,200,0,0,2,0,0.3,0,400
1201,12,383.5,383.7,16,2,129,0,0,0,0,0,0,0,0,0,0,0,0,0.2387,0.026713,0.2338,0.026823,0,1,0,0.2,0,300,0,2,0,0.2,0,600
1201,12,383.97,384,12,2,130,1,0,0.0333,0,1801.8,0,0,0,0,0,0,0,0,0,0,0,0,1,0,0.0333,0,1801.8,1,1,0.0333,0.0333,1801.8,1801.8
1201,12,384.7,384.77,16,2,131,0,1,0,0.0666,0,900.9,0,0,0,0,0,0,0.24775,0.025195,0.24775,0.025195,0,1,0,0.0666,0,900.9,0,2,0,0.0666,0,1801.8
1201,12,384.77,384.8,3,2,132,0,1,0,0.0333,0,1801.8,0,0,0,0,0,0,0,0,0,0,0,1,0,0.0333,0,1801.8,0,2,0,0.0333,0,3603.6
1201,12,384.83,385.6,16,2,133,0,1,0,0.7667,0,78.257,0,0,0,0,0,0,0.19444,0.030289,0.20167,0.033037,0,1,0,0.7667,0,78.257,0,2,0,0.7667,0,156.51
1201,12,385.6,385.67,7,2,134,0,1,0,0.0666,0,900.9,0,0,0,0,0,0,0.061646,0,0.061646,0,0,1,0,0.0666,0,900.9,0,2,0,0.0666,0,1801.8
1201,12,386.33,386.37,11,2,135,0,0,0,0,0,0,0,0,0,0,0,0,0.081999,0,0.081999,0,1,0,0.0333,0,1801.8,0,0,2,0,0.0333,0,3603.6
1201,12,386.53,386.8,15,2,136,0,0.87489,0,0.23333,0,224.97,0,1,0,0.2667,0,224.97,0.072089,0.020614,0.059001,0.019579,0,1,0,0.2667,0,224.97,0,2,0,0.2667,0,449.94
1201,12,386.87,387.33,11,2,137,1,0,0.4666,0,128.59,0,0,1,0,0.4666,0,128.59,0.079296,0.024456,0.071143,0.023467,1,0,0.4666,0,128.59,0,0,1.5714,0,0.36662,0,257.18
1201,12,387.73,387.77,11,2,138,1,0,0.0333,0,1801.8,0,0,1,0,0.0333,0,1801.8,0.097031,0.031928,0.097031,0.031928,1,0,0.0333,0,1801.8,0,0,1,0,0.0333,0,1801.8
1201,12,388.7,388.87,11,2,139,0,0,0,0,0,0,0,1,0,0.1666,0,360.14,0.11942,0.026751,0.11988,0.025977,1,0,0.1666,0,360.14,0,0,1,0,0.1666,0,360.14
1201,12,389.3,389.5,21,2,140,0,1,0,0.2,0,300,0,1,0,0.2,0,300,0.16286,0.042513,0.15094,0.042185,0,1.8333,0,0.18333,0,600,0,1.5,0,0.15,0,600
1201,12,391.83,392.57,15,2,141,1,0,0.7333,0,81.822,0,1,0,0.7333,0,81.822,0,0.11509,0.036672,0.11538,0.036767,0,1.9546,0,0.71667,0,163.64,1,1,0.7333,0.7333,81.822,81.822
1201,12,392.73,394.03,15,2,142,1,0,1.3,0,46.154,0,1,0,1.3,0,46.154,0,0.14616,0.037812,0.1477,0.037251,0.025615,0.46156,0.0333,0.60003,46.154,46.154,1,1,1.3,1.3,46.154,46.154
1201,12,394.37,394.43,23,2,143,0,1,0,0.0666,0,900.9,0,0,0,0,0,0,0.090736,0.039702,0.090736,0.039702,0,1,0,0.0666,0,900.9,0,2,0,0.0666,0,1801.8
1201,12,394.43,396.13,15,2,144,0.56865,0.09802,0.48335,0.16663,70.588,35.294,0,0,0,0,0,0,0.42928,0.038778,0.44531,0.039267,2,0,1.7,0,70.588,0,0.17649,1,0.30003,1.7,35.294,35.294
1201,12,396.83,397.03,23,2,145,0,0,0,0,0,0,0,0,0,0,0,0,0.074002,0.026652,0.074912,0.025984,0,1,0,0.2,0,300,0,1.0002,0,0.10002,0,600
1201,12,397.2,398.5,16,2,146,0,0,0,0,0,0,0,0,0,0,0,0,0.15282,0.030534,0.15633,0.030534,0,1,0,1.3,0,46.154,0,2,0,1.3,0,92.308
1201,12,398.63,399.13,15,2,147,0,0.4666,0,0.2333,0,120,0,0,0,0,0,0,0.17071,0.039593,0.15565,0.039737,1,0,0.5,0,120,0,0,1.5334,0,0.38335,0,240
1201,12,399.47,400.4,23,2,148,0.42855,0.53573,0.39997,0.5,64.288,64.288,0,0,0,0,0,0,0.2408,0.074613,0.27515,0.079801,0,2,0,0.9333,0,128.58,0,2,0,0.9333,0,128.58
1201,12,400.47,400.93,15,2,149,1,0,0.4666,0,128.59,0,0,0,0,0,0,0,0.40316,0.087275,0.40727,0.079342,1,1,0.4666,0.4666,128.59,128.59,1,1,0.4666,0.4666,128.59,128.59
1201,12,400.93,401.07,23,2,150,0,1,0,0.1333,0,450.11,0,0,0,0,0,0,0.32853,0.12091,0.32969,0.11901,0,2,0,0.1333,0,900.23,0,2,0,0.1333,0,900.23
1201,12,401.13,401.63,23,2,151,0,1,0,0.5,0,120,0,0,0,0,0,0,0.42658,0.13978,0.46105,0.13818,0,2,0,0.5,0,240,0,2,0,0.5,0,240
1201,12,401.67,401.7,15,2,152,1,0,0.0333,0,1801.8,0,0,0,0,0,0,0,0,0,0,0,1,1,0.0333,0.0333,1801.8,1801.8,1,1,0.0333,0.0333,1801.8,1801.8
1201,12,402.07,404.43,15,2,153,1,0,2.3666,0,25.353,0,0,0,0,0,0,0,0.34927,0.081284,0.34182,0.077273,1,1,2.3666,2.3666,25.353,25.353,1,1,2.3666,2.3666,25.353,25.353
1201,12,404.47,404.5,1,2,154,0,1,0,0.0333,0,1801.8,0,0,0,0,0,0,0,0,0,0,0,2,0,0.0333,0,3603.6,0,2,0,0.0333,0,3603.6
1201,12,404.5,404.53,15,2,155,1,0,0.0333,0,1801.8,0,0,0,0,0,0,0,0.25934,0.050246,0.25934,0.050246,1,1,0.0333,0.0333,1801.8,1801.8,1,1,0.0333,0.0333,1801.8,1801.8
1201,12,404.53,404.6,1,2,156,0,1,0,0.0667,0,899.55,0,0,0,0,0,0,0.29769,0.089674,0.29769,0.089674,0,2,0,0.0667,0,1799.1,0,2,0,0.0667,0,1799.1
1201,12,404.67,404.73,15,2,157,1,0,0.0666,0,900.9,0,0,0,0,0,0,0,0.25967,0.071022,0.25967,0.071022,1,1,0.0666,0.0666,900.9,900.9,1,1,0.0666,0.0666,900.9,900.9
1201,12,404.8,404.9,1,2,158,0,1,0,0.1,0,600,0,0,0,0,0,0,0.25242,0.07139,0.25428,0.07095,0,2,0,0.1,0,1200,0,2,0,0.1,0,1200
1201,12,405.17,405.43,15,2,159,1,0,0.2666,0,225.06,0,0,0,0,0,0,0,0.26839,0.056658,0.27242,0.053414,0.24994,1,0.066633,0.2666,225.06,225.06,1,1,0.2666,0.2666,225.06,225.06
1201,12,405.63,406.03,23,2,160,0,0,0,0,0,0,0,0.74992,0,0.29997,0,150,0.187,0.043143,0.19182,0.042645,0,0,0,0,0,0,0,2,0,0.4,0,300
1201,12,406.07,406.1,15,2,161,0,0,0,0,0,0,0,1,0,0.0333,0,1801.8,0,0,0,0,0,1,0,0.0333,0,1801.8,1,1,0.0333,0.0333,1801.8,1801.8
1201,12,406.17,406.43,15,2,162,0,0,0,0,0,0,0,1,0,0.2666,0,225.06,0.10532,0.037266,0.10459,0.037199,0,1,0,0.2666,0,225.06,1,1,0.2666,0.2666,225.06,225.06
1201,12,406.67,406.8,15,2,163,1,0,0.1333,0,450.11,0,0,1,0,0.1333,0,450.11,0.097643,0.034425,0.098437,0.03459,0,0,0,0,0,0,1,1,0.1333,0.1333,450.11,450.11
1201,12,407.5,407.53,15,2,164,1,0,0.0333,0,1801.8,0,0,1,0,0.0333,0,1801.8,0.10404,0.037612,0.10404,0.037612,0,0,0,0,0,0,0,1,0,0.0333,0,1801.8
1201,12,411.77,411.83,23,2,165,0,1,0,0.0666,0,900.9,0,1,0,0.0666,0,900.9,0.079707,0.030356,0.079707,0.030356,0,0,0,0,0,0,0,1.5,0,0.04995,0,1801.8
1201,12,412.5,413.03,15,2,166,0,1,0,0.5333,0,112.51,0,1,0,0.5333,0,112.51,0.075442,0.021831,0.070789,0.020984,0,0,0,0,0,0,0,2,0,0.5333,0,225.01
1201,12,413.07,413.4,3,2,167,0.49995,0,0.16663,0,180.02,0,1,0,0.3333,0,180.02,0,0.095181,0.029394,0.098551,0.031523,0,0,0,0,0,0,1,1,0.3333,0.3333,180.02,180.02
1201,12,413.57,413.77,3,2,168,0,0,0,0,0,0,1,0,0.1999,0,300.15,0,0.13548,0.0405,0.13405,0.040456,0,0,0,0,0,0,1,1,0.1999,0.1999,300.15,300.15
1201,12,414.53,415.23,3,2,169,1,0,0.7,0,85.714,0,0,0.28567,0,0.19997,0,85.714,0.11951,0.038773,0.1201,0.03884,1.0952,0,0.38333,0,171.43,0,1,0.99995,0.7,0.69997,85.714,85.714
1201,12,415.27,415.5,3,2,170,1,0,0.2333,0,257.18,0,0,0.14273,0,0.0333,0,257.18,0.11387,0.034604,0.11531,0.034706,1,0,0.2333,0,257.18,0,1,1,0.2333,0.2333,257.18,257.18
1201,12,415.9,416.3,3,2,171,0.75,0.083333,0.3,0.033333,150,150,0,0,0,0,0,0,0.1703,0.042298,0.17323,0.042312,1,0,0.4,0,150,0,1,1,0.4,0.4,150,150
1201,12,416.57,417.43,3,2,172,0.30772,0.4615,0.26667,0.19997,69.236,138.47,0.11536,0,0.099967,0,69.236,0,0.14654,0.040455,0.14834,0.040506,2,0,0.8666,0,138.47,0,0.076891,1,0.066633,0.8666,69.236,69.236
1201,12,418.03,418.43,3,2,173,0,1,0,0.4,0,150,0.083417,0.66658,0.033367,0.26663,150,150,0.091237,0.032359,0.088763,0.032061,2,0,0.4,0,300,0,0,0.99992,0,0.39997,0,150
1201,12,420.07,420.17,18,2,174,0,1,0,0.0999,0,600.6,0,0,0,0,0,0,0.071794,0.0336,0.071794,0.0336,0,2,0,0.0999,0,1201.2,0,2,0,0.0999,0,1201.2
1201,12,420.37,421.33,3,2,175,1,0,0.9666,0,62.073,0,0.2414,0,0.23333,0,62.073,0,0.17076,0.041243,0.17895,0.042925,1.3448,0,0.64995,0,124.15,0,0,1.6207,0,0.52218,0,186.22
1201,12,421.63,421.67,3,2,176,1,0,0.0333,0,1801.8,0,0,0,0,0,0,0,0.098063,0.044455,0.098063,0.044455,1,0,0.0333,0,1801.8,0,0,1,0,0.0333,0,1801.8
1201,12,422.53,422.57,3,2,177,1,0,0.0333,0,1801.8,0,0,0,0,0,0,0,0.08431,0.035938,0.08431,0.035938,1,0,0.0333,0,1801.8,0,0,1,0,0.0333,0,1801.8
1201,12,422.63,422.67,3,2,178,1,0,0.0333,0,1801.8,0,0,0,0,0,0,0,0.081016,0.035181,0.081016,0.035181,1,0,0.0333,0,1801.8,0,0,1,0,0.0333,0,1801.8
1201,12,422.93,423.1,3,2,179,1,0,0.1667,0,359.93,0,0,0,0,0,0,0,0.086536,0.037631,0.087891,0.039799,1,0,0.1667,0,359.93,0,0,1,0,0.1667,0,359.93
1201,12,423.37,423.47,3,2,180,1,0,0.0999,0,600.6,0,0,0,0,0,0,0,0.091304,0.038226,0.091304,0.038226,1,0,0.0999,0,600.6,0,0,1,0,0.0999,0,600.6
1201,12,423.7,424.6,3,2,181,1,0,0.9,0,66.667,0,0,0.62963,0,0.28333,0,133.33,0.084616,0.030445,0.085371,0.030109,1,0,0.9,0,66.667,0,0,1.3333,0,0.6,0,133.33
1201,12,425.17,425.27,3,2,182,0.667,0,0.066633,0,600.6,0,0,1,0,0.0999,0,600.6,0.093411,0.033446,0.093411,0.033446,1,0,0.0999,0,600.6,0,0,2,0,0.0999,0,1201.2
1201,12,425.37,425.4,18,2,183,0,0,0,0,0,0,0,1,0,0.0333,0,1801.8,0,0,0,0,0,1,0,0.0333,0,1801.8,0,2,0,0.0333,0,3603.6
1201,12,425.5,425.6,15,2,184,0,0,0,0,0,0,0,1,0,0.1,0,600,0.083222,0.029967,0.08416,0.030175,0,1,0,0.1,0,600,0,2,0,0.1,0,1200
1201,12,427.2,427.33,5,2,185,0,0,0,0,0,0,1,0,0.1333,0,450.11,0,0.11371,0.03403,0.11459,0.033318,0,1,0,0.1333,0,450.11,1,1,0.1333,0.1333,450.11,450.11
1201,12,427.53,427.67,15,2,186,0,0,0,0,0,0,0,1,0,0.1333,0,450.11,0.099556,0.034084,0.099972,0.033677,0,0.75044,0,0.10003,0,450.11,0,2,0,0.1333,0,900.23
1201,12,427.77,427.87,15,2,187,0,0,0,0,0,0,0,1,0,0.0999,0,600.6,0.076955,0.025389,0.076955,0.025389,0,0,0,0,0,0,0,2,0,0.0999,0,1201.2
1201,12,431.1,431.8,16,2,188,0,0,0,0,0,0,0,0,0,0,0,0,0.097108,0.015835,0.10287,0.015944,0,0,0,0,0,0,0,1,0,0.7,0,85.714
1201,12,433.67,433.73,23,2,189,0,0,0,0,0,0,0,1,0,0.0666,0,900.9,0.094961,0.036462,0.094961,0.036462,0,0,0,0,0,0,0,2,0,0.0666,0,1801.8
1201,12,433.83,433.93,23,2,190,0,0,0,0,0,0,0,1,0,0.1,0,600,0.12786,0.048081,0.12833,0.048638,0,0,0,0,0,0,0,2,0,0.1,0,1200
1201,12,433.93,433.97,5,2,191,0,0,0,0,0,0,0,1,0,0.0333,0,1801.8,0.099577,0.038848,0.099577,0.038848,0,0,0,0,0,0,0,2,0,0.0333,0,3603.6
1201,12,434.03,434.07,5,2,192,0,0,0,0,0,0,0,1,0,0.0333,0,1801.8,0.092018,0.038903,0.092018,0.038903,0,0,0,0,0,0,0,2,0,0.0333,0,3603.6
1201,12,437.4,437.43,20,2,193,0,1,0,0.0333,0,1801.8,0,0,0,0,0,1801.8,0.10576,0.046534,0.10576,0.046534,0,1,0,0.0333,0,1801.8,0,2,0,0.0333,0,3603.6
1201,12,437.6,437.67,5,2,194,1,0,0.0666,0,900.9,0,0,1,0,0.0666,0,900.9,0.11266,0.048038,0.11266,0.048038,1,0,0.0666,0,900.9,0,0,1,0,0.0666,0,900.9
1201,12,438.83,439,15,2,195,1,0,0.1667,0,359.93,0,0,1,0,0.1667,0,359.93,0.094376,0.032956,0.096221,0.033013,0,1,0,0.1667,0,359.93,0,1.9998,0,0.16668,0,719.86
1201,12,439.13,439.27,15,2,196,1,0,0.1333,0,450.11,0,0,1,0,0.1333,0,450.11,0.074884,0.032021,0.074616,0.031882,0,1,0,0.1333,0,450.11,0,2,0,0.1333,0,900.23
1201,12,439.43,440.03,15,2,197,1,0,0.6,0,100,0,0,0.72222,0,0.21667,0,200,0.0859,0.030801,0.089951,0.029991,0,5.5556e-05,0,3.3333e-05,0,100,0,2,0,0.6,0,200
1201,12,440.23,440.37,15,2,198,0.50038,0,0.0667,0,450.11,0,0,1,0,0.1333,0,450.11,0.084914,0.031663,0.085472,0.031488,0,0,0,0,0,0,0,2,0,0.1333,0,900.23
1201,12,440.4,440.67,23,2,199,0,0,0,0,0,0,0,1,0,0.2666,0,225.06,0.12668,0.039825,0.12826,0.040273,0,0,0,0,0,0,0,2,0,0.2666,0,450.11
1201,12,440.77,441.43,15,2,200,0,0.65007,0,0.43333,0,90.009,0,1,0,0.6666,0,90.009,0.1036,0.03281,0.096725,0.033403,0,0,0,0,0,0,0,1.45,0,0.48328,0,180.02
1201,12,442.33,442.47,18,2,201,0,1,0,0.1333,0,450.11,0,1,0,0.1333,0,450.11,0.067122,0.022884,0.06695,0.022341,0,0,0,0,0,0,0,2,0,0.1333,0,900.23
1201,12,442.93,443.3,15,2,202,0,1,0,0.3667,0,163.62,0,1,0,0.3667,0,163.62,0.077559,0.021736,0.079189,0.021953,0,0,0,0,0,0,0,1.091,0,0.20003,0,327.24
1201,12,443.37,443.53,18,2,203,0,1,0,0.1666,0,360.14,0,1,0,0.1666,0,360.14,0.086242,0.030413,0.086699,0.030492,0,0,0,0,0,0,0,1,0,0.1666,0,360.14
1201,12,446.5,446.7,13,2,204,0,0,0,0,0,0,0,0,0,0,0,0,0.1054,0.06055,0.10427,0.065422,1,0,0.2,0,300,0,0,1,0,0.2,0,300
1201,12,446.77,446.87,13,2,205,0,0,0,0,0,0,0,0,0,0,0,0,0.12902,0.047806,0.12902,0.047806,1,0,0.0999,0,600.6,0,0,1,0,0.0999,0,600.6
1201,12,447,447.2,15,2,206,0,0.33333,0,0.066667,0,300,0,0,0,0,0,0,0.15259,0.04064,0.15505,0.041044,0,1,0,0.2,0,300,0,1,0,0.2,0,300
1201,12,447.8,447.87,15,2,207,0,0,0,0,0,0,0,1,0,0.0666,0,900.9,0.095592,0.046089,0.095592,0.046089,0,0,0,0,0,0,0,1,0,0.0666,0,900.9
1201,12,447.9,448.53,15,2,208,0,0.10522,0,0.066633,0,94.742,0,1,0,0.6333,0,94.742,0.16322,0.051507,0.16872,0.055955,0,0,0,0,0,0,0,1,0,0.6333,0,94.742
1201,12,449.73,450.4,16,2,209,0.15004,0,0.10003,0,89.996,0,0,0.40003,0,0.2667,0,89.996,0.27002,0.047489,0.30126,0.049041,1.3,0,0.43335,0,179.99,0,0,2,0,0.6667,0,179.99
1201,12,450.8,450.83,20,2,210,0,0,0,0,0,0,0,1,0,0.0333,0,1801.8,0.091536,0.029896,0.091536,0.029896,0,1,0,0.0333,0,1801.8,0,2,0,0.0333,0,3603.6
1201,12,450.93,451.27,20,2,211,0,0,0,0,0,0,0,0.30013,0,0.10003,0,180.02,0.092666,0.030758,0.095234,0.030484,0,1,0,0.3333,0,180.02,0,2,0,0.3333,0,360.04
1201,12,451.4,452.3,20,2,212,0,0,0,0,0,0,0,0,0,0,0,0,0.089782,0.031426,0.092526,0.03131,0,1,0,0.9,0,66.667,0,1.4074,0,0.42222,0,200
1201,12,453.3,453.37,16,2,213,1,0,0.0666,0,900.9,0,0,0,0,0,0,0,0.12567,0.03204,0.12567,0.03204,1,0,0.0666,0,900.9,0,0,1,0,0.0666,0,900.9
1201,12,453.77,453.87,16,2,214,1,0,0.0999,0,600.6,0,0,0,0,0,0,0,0.16563,0.035704,0.16563,0.035704,1,0,0.0999,0,600.6,0,1,1,0.0999,0.0999,600.6,600.6
1201,12,453.87,453.93,10,2,215,0,1,0,0.0666,0,900.9,0,0,0,0,0,0,0.18503,0.048385,0.18503,0.048385,0,1,0,0.0666,0,900.9,0,2,0,0.0666,0,1801.8
1201,12,453.93,454.6,16,2,216,0.85001,0,0.5667,0,89.996,0,0,0,0,0,0,0,0.14821,0.040824,0.13412,0.037042,0.55002,0,0.3667,0,89.996,0,1,1,0.6667,0.6667,89.996,89.996
1201,12,454.9,454.93,18,2,217,0,0,0,0,0,0,0,0,0,0,0,0,0.097754,0.039222,0.097754,0.039222,0,0,0,0,0,0,0,2,0,0.0333,0,3603.6
1201,12,456.4,456.47,8,2,218,1,0,0.0666,0,900.9,0,0,0,0,0,0,0,0.11655,0.064496,0.11655,0.064496,1,0,0.0666,0,900.9,0,0,1,0,0.0666,0,900.9
1201,12,456.77,457,23,2,219,0,1,0,0.2333,0,257.18,0,0,0,0,0,0,0.12501,0.034196,0.12464,0.034498,0,1.8573,0,0.21665,0,514.36,0,2,0,0.2333,0,514.36
1201,12,457.17,457.23,20,2,220,0,1,0,0.0666,0,900.9,0,0,0,0,0,0,0.071143,0.027697,0.071143,0.027697,0,2,0,0.0666,0,1801.8,0,2,0,0.0666,0,1801.8
1201,12,457.4,457.57,8,2,221,1,0,0.1666,0,360.14,0,0,0,0,0,0,0,0.22572,0.032279,0.22174,0.032447,2,0,0.1666,0,720.29,0,0,2,0,0.1666,0,720.29
1201,12,457.7,457.83,20,2,222,0,1,0,0.1333,0,450.11,0,0,0,0,0,0,0.074644,0.028325,0.074787,0.028142,0,2,0,0.1333,0,900.23,0,2,0,0.1333,0,900.23
1201,12,459.9,459.93,6,2,223,0,0,0,0,0,0,0,0,0,0,0,0,0.29955,0,0.29955,0,0,1,0,0.0333,0,1801.8,0,1,0,0.0333,0,1801.8
1201,12,459.97,460.2,21,2,224,0,0,0,0,0,0,0,0,0,0,0,0,0.36431,0.14504,0.37471,0.14504,0,1,0,0.2333,0,257.18,0,2,0,0.2333,0,514.36
1201,12,460.6,461.07,3,2,225,0,0.78568,0,0.3666,0,128.59,0,0,0,0,0,0,0.16243,0.12259,0.157,0.11886,0,1,0,0.4666,0,128.59,0,2,0,0.4666,0,257.18
1201,12,461.13,461.77,8,2,226,1,0,0.6333,0,94.742,0,0,0,0,0,0,0,0.17509,0.02429,0.18012,0.02429,1,0,0.6333,0,94.742,0,1,1,0.6333,0.6333,94.742,94.742
1201,12,462.47,462.5,18,2,227,0,1,0,0.0333,0,1801.8,0,1,0,0.0333,0,1801.8,0,0,0,0,0,1,0,0.0333,0,1801.8,0,2,0,0.0333,0,3603.6
1201,12,462.57,462.67,8,2,228,1,0,0.0999,0,600.6,0,1,0,0.0999,0,600.6,0,0.11754,0.025211,0.11754,0.025211,1,0,0.0999,0,600.6,0,1,1,0.0999,0.0999,600.6,600.6
1201,12,462.7,462.93,3,2,229,0,1,0,0.2333,0,257.18,0,0.42863,0,0.1,0,257.18,0.10303,0.032793,0.11035,0.035564,0,1,0,0.2333,0,257.18,0,2,0,0.2333,0,514.36
1201,12,463.47,463.6,15,2,230,0,1,0,0.1333,0,450.11,0,0,0,0,0,0,0.057753,0.024847,0.057819,0.024714,0,2,0,0.1333,0,900.23,0,2,0,0.1333,0,900.23
1201,12,463.63,464.7,8,2,231,1,0,1.0667,0,56.248,0,0,0,0,0,0,0,0.13825,0.038264,0.13381,0.038109,1.9375,0,0.68891,0,168.74,0,0.75001,1,0.80003,1.0667,56.248,56.248
1201,12,464.87,464.9,6,2,232,0,1,0,0.0333,0,1801.8,0,0,0,0,0,0,0,0,0,0,0,2,0,0.0333,0,3603.6,0,1,0,0.0333,0,1801.8
1201,12,465.3,465.37,8,2,233,1,0,0.0666,0,900.9,0,0,0,0,0,0,0,0.1331,0.03914,0.1331,0.03914,2,0,0.0666,0,1801.8,0,0,1,0,0.0666,0,900.9
1201,12,465.37,465.47,19,2,234,0,1,0,0.0999,0,600.6,0,0,0,0,0,0,0.098464,0.038182,0.098464,0.038182,0,2,0,0.0999,0,1201.2,0,1,0,0.0999,0,600.6
1201,12,466.07,466.13,8,2,235,0,0,0,0,0,0,0,0,0,0,0,0,0.17974,0.040755,0.17974,0.040755,2,0,0.0666,0,1801.8,0,0,2,0,0.0666,0,1801.8
1201,12,466.57,467.33,8,2,236,0.95656,0,0.7333,0,78.268,0,0,0,0,0,0,0,0.24069,0.040403,0.23007,0.039932,2,0,0.7666,0,156.54,0,0,2,0,0.7666,0,156.54
1201,12,469.3,469.33,15,2,237,0,1,0,0.0333,0,1801.8,0,1,0,0.0333,0,1801.8,0.082969,0.030841,0.082969,0.030841,0,1,0,0.0333,0,1801.8,0,1,0,0.0333,0,1801.8
1201,12,469.63,469.8,3,2,238,0,0,0,0,0,0,0,1,0,0.1667,0,359.93,0.11563,0.038808,0.11699,0.03526,0,0,0,0,0,0,0,2,0,0.1667,0,719.86
1201,12,469.83,470,15,2,239,0,0,0,0,0,0,0,1,0,0.1667,0,359.93,0.35987,0.042444,0.3707,0.047741,0,0,0,0,0,0,0,1.8,0,0.15003,0,719.86
1201,12,470.4,470.8,15,2,240,0,0,0,0,0,0,0,1,0,0.4,0,150,0.47259,0.036842,0.49329,0.038645,0,0,0,0,0,0,0,1.4167,0,0.28333,0,300
1201,12,471.37,471.9,11,2,241,0,1,0,0.5333,0,112.51,1,0,0.5333,0,112.51,0,0.12973,0.046872,0.12979,0.04828,0,0.18751,0,0.1,0,112.51,1,1,0.5333,0.5333,112.51,112.51
1201,12,472.1,472.13,11,2,242,0,1,0,0.0333,0,1801.8,1,0,0.0333,0,1801.8,0,0.10602,0.050055,0.10602,0.050055,0,1,0,0.0333,0,1801.8,1,1,0.0333,0.0333,1801.8,1801.8
1201,12,473.3,473.43,19,2,243,0,1,0,0.1333,0,450.11,0,1,0,0.1333,0,450.11,0.094508,0.033697,0.094263,0.03355,0,0,0,0,0,0,0,2,0,0.1333,0,900.23
1201,12,473.6,473.67,20,2,244,0,1,0,0.0666,0,900.9,0,1,0,0.0666,0,900.9,0.094173,0.035005,0.094173,0.035005,0,0,0,0,0,0,0,1,0,0.0666,0,900.9
1201,12,473.9,473.93,3,2,245,0,1,0,0.0333,0,1801.8,0,1,0,0.0333,0,1801.8,0.085176,0.028026,0.085176,0.028026,0,0,0,0,0,0,0,1,0,0.0333,0,1801.8
1201,12,473.93,474.03,19,2,246,0,1,0,0.1,0,600,0,1,0,0.1,0,600,0.079285,0.02514,0.079388,0.024923,0,0,0,0,0,0,0,1,0,0.1,0,600
1201,12,474.37,475.1,14,2,247,0.045457,0.40906,0.033333,0.29997,81.822,81.822,1,0,0.7333,0,81.822,0,0.10522,0.033112,0.09668,0.034187,0,0,0,0,0,0,1,1,0.7333,0.7333,81.822,81.822
1201,12,475.2,475.23,14,2,248,1,0,0.0333,0,1801.8,0,1,0,0.0333,0,1801.8,0,0.077246,0.032228,0.077246,0.032228,0,0,0,0,0,0,1,1,0.0333,0.0333,1801.8,1801.8
1201,12,476.47,476.8,14,2,249,0,1,0,0.3333,0,180.02,0,1,0,0.3333,0,180.02,0.13626,0.037538,0.14152,0.038328,0,0.10001,0,0.033333,0,180.02,1,1,0.3333,0.3333,180.02,180.02
1201,12,477.5,477.53,20,2,250,0,1,0,0.0333,0,1801.8,0,1,0,0.0333,0,1801.8,0.07873,0.029044,0.07873,0.029044,0,1,0,0.0333,0,1801.8,0,1,0,0.0333,0,1801.8
1201,12,477.73,478.13,15,2,251,0,1,0,0.4,0,150,0,1,0,0.4,0,150,0.075986,0.022806,0.072507,0.022726,0,1,0,0.4,0,150,0,1.9999,0,0.39998,0,300
1201,12,480.4,481.4,14,2,252,1,0,1,0,60,0,0,0.9,0,0.45,0,120,0.17374,0.049347,0.17702,0.046661,1,1,1,1,60,60,0,1.9,0,0.95,0,120
1201,12,482.17,482.67,14,2,253,1,0,0.4999,0,120.02,0,0,1,0,0.4999,0,120.02,0.16023,0.059498,0.16521,0.059751,1,1,0.4999,0.4999,120.02,120.02,0,2,0,0.4999,0,240.05
1201,12,482.67,482.73,3,2,254,0,1,0,0.0666,0,900.9,0,1,0,0.0666,0,900.9,0.10429,0.048557,0.10429,0.048557,0,2,0,0.0666,0,1801.8,0,2,0,0.0666,0,1801.8
1201,12,482.93,483.03,8,2,255,0,1,0,0.1,0,600,0,1,0,0.1,0,600,0.10697,0.050527,0.10599,0.04873,1,1,0.1,0.1,600,600,0,2,0,0.1,0,1200
1201,12,483.27,484.9,14,2,256,1,0,1.6333,0,36.735,0,0,1,0,1.6333,0,36.735,0.20446,0.061734,0.20602,0.061754,1,1,1.6333,1.6333,36.735,36.735,0,1.3061,0,0.53332,0,146.94
1201,12,484.9,485,8,2,257,0,1,0,0.1,0,600,0,1,0,0.1,0,600,0.18109,0.063657,0.19171,0.063764,1,1,0.1,0.1,600,600,0,1,0,0.1,0,600
1201,12,485.47,485.5,8,2,258,0,1,0,0.0333,0,1801.8,0,1,0,0.0333,0,1801.8,0,0,0,0,1,1,0.0333,0.0333,1801.8,1801.8,0,2,0,0.0333,0,3603.6
1201,12,485.57,486.7,14,2,259,0.35292,0,0.39997,0,52.943,0,0,1,0,1.1333,0,52.943,0.18093,0.042086,0.19019,0.037817,1,1,1.1333,1.1333,52.943,52.943,0,1.6765,0,0.94998,0,105.89
1201,12,487.97,488,18,2,260,0,0,0,0,0,0,0,1,0,0.0333,0,1801.8,0,0,0,0,0,2,0,0.0333,0,3603.6,0,2,0,0.0333,0,3603.6
1201,12,488.37,488.73,15,2,261,0,0,0,0,0,0,0,1,0,0.3666,0,163.67,0.10242,0.034571,0.10833,0.031419,0,0.81824,0,0.29997,0,163.67,0,1.9092,0,0.34995,0,327.33
1201,12,492.03,492.07,5,2,262,0,0,0,0,0,0,1,0,0.0333,0,1801.8,0,0.10354,0.033999,0.10354,0.033999,0,0,0,0,0,0,0,1.999,0,0.033283,0,3603.6
1201,12,492.6,492.83,3,2,263,0,1,0,0.2333,0,257.18,0,0.71439,0,0.16667,0,257.18,0.097668,0.033285,0.096178,0.033298,0,0,0,0,0,0,0,1,0,0.2333,0,257.18
1201,12,493.07,493.47,3,2,264,0,1,0,0.3999,0,150.04,0,0.83329,0,0.16662,0,300.08,0.094676,0.032551,0.094268,0.032363,0,1.6668,0,0.33327,0,300.08,0,2,0,0.3999,0,300.08
1201,12,493.53,493.6,3,2,265,0,1,0,0.0667,0,899.55,0,1,0,0.0667,0,899.55,0.09194,0.033968,0.09194,0.033968,0,2,0,0.0667,0,1799.1,0,2,0,0.0667,0,1799.1
1201,12,493.7,496.03,10,2,266,1,0,2.3333,0,25.715,0,0,0.97143,0,1.1333,0,51.429,0.17635,0.038494,0.16907,0.038367,2,0,2.3333,0,51.429,0,0,1.7714,0,2.0666,0,51.429
1201,12,496.23,496.5,10,2,267,1,0,0.2667,0,224.97,0,0,1,0,0.2667,0,224.97,0.11764,0.041309,0.12521,0.041097,2,0,0.2667,0,449.94,0,0,2,0,0.2667,0,449.94
1201,12,496.7,499.4,10,2,268,1,0,2.7,0,22.222,0,0,1,0,2.7,0,22.222,0.15042,0.038063,0.15261,0.037989,2,0,2.7,0,44.444,0,0,2,0,2.7,0,44.444
1201,12,499.7,500.67,10,2,269,1,0,0.9666,0,62.073,0,0,0.86206,0,0.27776,0,186.22,0.20082,0.034156,0.20635,0.033531,2,0,0.9666,0,124.15,0,0,2,0,0.6444,0,186.22
1201,12,501.77,501.8,23,2,270,0,1,0,0.0333,0,1801.8,0,0,0,0,0,0,0,0,0,0,0,2,0,0.0333,0,3603.6,0,2,0,0.0333,0,3603.6
1201,12,502.3,502.37,23,2,271,0,1,0,0.0666,0,900.9,0,1,0,0.0666,0,900.9,0.11747,0.04561,0.11747,0.04561,0,1,0,0.0666,0,900.9,0,2,0,0.0666,0,1801.8
1201,12,502.87,502.93,10,2,272,0.5,0.5,0.0333,0.0333,900.9,900.9,1,0,0.0666,0,900.9,0,0.14557,0.052767,0.14557,0.052767,1,0,0.0666,0,900.9,0,0,1,0,0.0666,0,900.9
1201,12,503.07,503.2,3,2,273,0,1,0,0.1333,0,450.11,0,0.24981,0,0.0333,0,450.11,0.14025,0.04758,0.13759,0.047385,0,1,0,0.1333,0,450.11,0,1,0,0.1333,0,450.11
1201,12,503.33,503.53,10,2,274,0.50017,0,0.10003,0,300,0,0,0,0,0,0,0,0.21866,0.055136,0.2259,0.055482,1,0,0.2,0,300,0,0,1,0,0.2,0,300
1201,12,506.03,506.07,3,2,275,0,0,0,0,0,0,0,0,0,0,0,0,0.16759,0.048462,0.16759,0.048462,0,1,0,0.0333,0,1801.8,0,1,0,0.0333,0,1801.8
1201,12,506.27,506.67,3,2,276,0,0,0,0,0,0,0,0,0,0,0,0,0.15917,0.018784,0.16161,0.015215,0,1,0,0.3999,0,150.04,0,1,0,0.3999,0,150.04
1201,12,507.17,507.5,3,2,277,0,1,0,0.3333,0,180.02,1,0,0.3333,0,180.02,0,0.14217,0.044651,0.1401,0.043882,0,1,0,0.3333,0,180.02,0,1,0,0.3333,0,180.02
1201,12,507.57,507.7,10,2,278,1,0,0.1333,0,450.11,0,0,1,0,0.1333,0,450.11,0.20866,0.058669,0.20969,0.059118,1,0,0.1333,0,450.11,0,0,1,0,0.1333,0,450.11
1201,12,507.77,507.83,3,2,279,0,1,0,0.0666,0,900.9,1,0,0.0666,0,900.9,0,0.15179,0.057048,0.15179,0.057048,0,1,0,0.0666,0,900.9,0,1,0,0.0666,0,900.9
1201,12,507.87,507.97,3,2,280,0,1,0,0.0999,0,600.6,1,0,0.0999,0,600.6,0,0.12589,0.053837,0.12589,0.053837,0,1,0,0.0999,0,600.6,0,1,0,0.0999,0,600.6
1201,12,508.03,508.13,10,2,281,1,0,0.1,0,600,0,0,1,0,0.1,0,600,0.14652,0.063105,0.14627,0.062901,1,0,0.1,0,600,0,0,1,0,0.1,0,600
1201,12,508.2,508.37,3,2,282,0,1,0,0.1666,0,360.14,1,0,0.1666,0,360.14,0,0.12497,0.053236,0.12114,0.053087,0,1,0,0.1666,0,360.14,0,1,0,0.1666,0,360.14
1201,12,508.43,508.53,10,2,283,1,0,0.1,0,600,0,0,1,0,0.1,0,600,0.20135,0.058347,0.19694,0.058299,1,0,0.1,0,600,0,0,1,0,0.1,0,600
1201,12,508.6,508.87,3,2,284,0,1,0,0.2666,0,225.06,1,0,0.2666,0,225.06,0,0.14406,0.052691,0.13932,0.052527,0,1,0,0.2666,0,225.06,0.49987,1,0.13327,0.2666,225.06,225.06
1201,12,509.2,509.4,3,2,285,0,1,0,0.2,0,300,0,1,0,0.2,0,300,0.13171,0.048322,0.13366,0.048605,0,1,0,0.2,0,300,1,1,0.2,0.2,300,300
1201,12,509.43,510.93,10,2,286,1,0,1.5,0,40,0,0,0.95556,0,0.71667,0,80,0.17774,0.045144,0.18182,0.04493,1.3778,0,1.0333,0,80,0,0,1.7778,0,0.66667,0,160
1201,12,511.23,511.43,10,2,287,1,0,0.2,0,300,0,0,1,0,0.2,0,300,0.11276,0.034769,0.11348,0.034956,2,0,0.2,0,600,0,0,1.3335,0,0.13335,0,600
1201,12,511.57,512,10,2,288,1,0,0.4333,0,138.47,0,0,1,0,0.4333,0,138.47,0.12399,0.034531,0.12196,0.034678,1.4615,0,0.31663,0,276.94,0,0,1,0,0.21665,0,276.94
1201,12,512.3,512.5,10,2,289,1,0,0.2,0,300,0,0,1,0,0.2,0,300,0.13721,0.038353,0.13732,0.038141,1,0,0.2,0,300,0,0,2,0,0.2,0,600
1201,12,512.9,513.1,3,2,290,0,1,0,0.2,0,300,0,1,0,0.2,0,300,0.13469,0.053686,0.13982,0.053639,0,1,0,0.2,0,300,0,2,0,0.2,0,600
1201,12,513.33,513.5,3,2,291,0,1,0,0.1667,0,359.93,0,1,0,0.1667,0,359.93,0.13558,0.04315,0.13493,0.043045,0,1,0,0.1667,0,359.93,0,1.0002,0,0.083367,0,719.86
1201,12,513.7,513.9,3,2,292,0,1,0,0.2,0,300,0,1,0,0.2,0,300,0.1362,0.045804,0.13591,0.045807,0,1,0,0.2,0,300,0,1.5,0,0.15,0,600
1201,12,514,514.13,10,2,293,1,0,0.1333,0,450.11,0,0,1,0,0.1333,0,450.11,0.1633,0.051266,0.16481,0.051354,1,0,0.1333,0,450.11,0,0,2,0,0.1333,0,900.23
1201,12,514.43,514.93,10,2,294,1,0,0.5,0,120,0,0,1,0,0.5,0,120,0.2744,0.046772,0.27995,0.046206,1,0,0.5,0,120,0,0,2,0,0.5,0,240
1201,12,515,515.17,3,2,295,0,1,0,0.0833,0,720.29,0,0.59984,0,0.049967,0,720.29,0.12002,0.045777,0.12609,0.045702,0,2,0,0.1666,0,720.29,0,2,0,0.1666,0,720.29
1201,12,515.43,515.47,5,2,296,0,0.001001,0,3.3333e-05,0,1801.8,0,1,0,0.0333,0,1801.8,0.1008,0.045997,0.1008,0.045997,0,1.001,0,0.016667,0,3603.6,0,2,0,0.0333,0,3603.6
1201,12,515.67,515.7,21,2,297,1,0,0.0333,0,1801.8,0,0,0,0,0,0,0,0,0,0,0,0,2,0,0.0333,0,3603.6,1,1,0.0333,0.0333,1801.8,1801.8
1201,12,516.23,516.4,3,2,298,0,0.59988,0,0.1,0,359.93,0,6.8198e-13,0,1.1369e-13,0,359.93,0.14573,0.05865,0.15262,0.058305,0,2,0,0.1667,0,719.86,0,2,0,0.1667,0,719.86
1201,12,516.63,516.77,3,2,299,0,1,0,0.1333,0,450.11,0,1,0,0.1333,0,450.11,0.16038,0.063807,0.16458,0.062497,0,2,0,0.1333,0,900.23,0,2,0,0.1333,0,900.23
1201,12,516.8,516.93,10,2,300,0,1,0,0.1333,0,450.11,0,1,0,0.1333,0,450.11,0.18769,0.060796,0.18865,0.060518,1,1,0.1333,0.1333,450.11,450.11,0,2,0,0.1333,0,900.23
1201,12,517,517.4,10,2,301,0,1,0,0.4,0,150,0,1,0,0.4,0,150,0.14355,0.057581,0.14276,0.05636,1,0.16667,0.4,0.066667,150,150,0,2,0,0.4,0,300
1201,12,518.07,518.1,15,2,302,0,1,0,0.0333,0,1801.8,0,1,0,0.0333,0,1801.8,0,0,0,0,0,1,0,0.0333,0,1801.8,0,2,0,0.0333,0,3603.6
1201,12,518.13,518.17,15,2,303,0,1,0,0.0333,0,1801.8,0,1,0,0.0333,0,1801.8,0.15327,0.068043,0.15327,0.068043,0,1,0,0.0333,0,1801.8,0,2,0,0.0333,0,3603.6
1201,12,518.67,519.43,10,2,304,1,0,0.7666,0,78.268,0,0,1,0,0.7666,0,78.268,0.21395,0.053399,0.19332,0.052711,1.7826,0,0.68328,0,156.54,0,0,2,0,0.7666,0,156.54
1201,12,520.17,520.37,10,2,305,1,0,0.1999,0,300.15,0,0,1,0,0.1999,0,300.15,0.14056,0.044387,0.15132,0.044376,1,0,0.1999,0,300.15,0,0,1,0,0.1999,0,300.15
1201,12,520.5,520.87,10,2,306,1,0,0.3666,0,163.67,0,0,1,0,0.3666,0,163.67,0.141,0.058437,0.14547,0.058372,1,0,0.3666,0,163.67,0,0,1.2726,0,0.23327,0,327.33
1201,12,521.83,521.93,10,2,307,1,0,0.1,0,600,0,0,1,0,0.1,0,600,0.11514,0.05498,0.11367,0.055117,1,0,0.1,0,600,0,0,2,0,0.1,0,1200
1201,12,527,527.8,21,2,308,1,0,0.8,0,75,0,1,0,0.8,0,75,0,0.26428,0.030474,0.26136,0.030174,2,0,0.8,0,150,0,0,1,0,0.8,0,75
1201,12,527.83,527.9,21,2,309,0,0,0,0,0,0,1,0,0.0667,0,899.55,0,0.15083,0.036816,0.15083,0.036816,2,0,0.0667,0,1799.1,0,0,1,0,0.0667,0,899.55
1201,12,527.97,528,3,2,310,0,0,0,0,0,0,0,1,0,0.0333,0,1801.8,0,0,0,0,0,2,0,0.0333,0,3603.6,0,1,0,0.0333,0,1801.8
1201,12,528.2,528.27,16,2,311,0,0,0,0,0,0,0,1,0,0.0666,0,900.9,0.23789,0.025879,0.23789,0.025879,0,2,0,0.0666,0,1801.8,0,1,0,0.0666,0,900.9
1201,12,528.77,528.83,16,2,312,0,0,0,0,0,0,0,1,0,0.0666,0,900.9,0.16553,0,0.16553,0,0,2,0,0.0666,0,1801.8,0,1,0,0.0666,0,900.9
1201,12,529.47,529.5,20,2,313,0,1,0,0.0333,0,1801.8,0,1,0,0.0333,0,1801.8,0,0,0,0,0,0,0,0,0,0,0,2,0,0.0333,0,3603.6
1201,12,529.67,529.7,14,2,314,0,1,0,0.0333,0,1801.8,0,1,0,0.0333,0,1801.8,0,0,0,0,0,0,0,0,0,0,0,1,0,0.0333,0,1801.8
1201,12,529.87,529.93,3,2,315,0,1,0,0.0666,0,900.9,0,1,0,0.0666,0,900.9,0.053499,0.0179,0.053499,0.0179,0,0,0,0,0,0,0,1,0,0.0666,0,900.9
1201,12,530.3,530.33,15,2,316,0,1,0,0.0333,0,1801.8,0,1,0,0.0333,0,1801.8,0.055547,0.0166,0.055547,0.0166,0,0,0,0,0,0,0,1,0,0.0333,0,1801.8
1201,12,539.73,539.9,21,2,317,0,0,0,0,0,0,0,1,0,0.1667,0,359.93,0.35535,0.031868,0.36205,0.032243,2,0,0.1667,0,719.86,0,0,0.9998,0,0.16667,0,359.93
1201,12,539.93,540.8,21,2,318,0,0.07692,0,0.066667,0,69.228,0,1,0,0.8667,0,69.228,0.27043,0.034493,0.28073,0.035101,2,0,0.8667,0,138.46,0,0,1,0,0.43335,0,138.46
1201,12,540.93,540.97,3,2,319,0,1,0,0.0333,0,1801.8,0,1,0,0.0333,0,1801.8,0.079785,0.028168,0.079785,0.028168,0,2,0,0.0333,0,3603.6,0,2,0,0.0333,0,3603.6
1201,12,543.97,544,1,2,320,1,0,0.0333,0,1801.8,0,1,0,0.0333,0,1801.8,0,0,0,0,0,0,2,0,0.0333,0,3603.6,1,1,0.0333,0.0333,1801.8,1801.8
1201,12,546.77,546.8,23,2,321,0,1,0,0.0333,0,1801.8,0,1,0,0.0333,0,1801.8,0,0,0,0,0,2,0,0.0333,0,3603.6,0,2,0,0.0333,0,3603.6
1201,12,547.13,547.2,23,2,322,0,1,0,0.0667,0,899.55,0,1,0,0.0667,0,899.55,0.078203,0.024778,0.078203,0.024778,0,1,0,0.0667,0,899.55,0,2,0,0.0667,0,1799.1
1201,12,547.23,547.27,23,2,323,0,1,0,0.0333,0,1801.8,0,1,0,0.0333,0,1801.8,0.082282,0.026523,0.082282,0.026523,0,1,0,0.0333,0,1801.8,0,2,0,0.0333,0,3603.6
1201,12,547.3,547.37,23,2,324,0,1,0,0.0666,0,900.9,0,1,0,0.0666,0,900.9,0.080749,0.025768,0.080749,0.025768,0,1,0,0.0666,0,900.9,0,2,0,0.0666,0,1801.8
1201,12,547.4,547.43,23,2,325,0,1,0,0.0333,0,1801.8,0,1,0,0.0333,0,1801.8,0.080078,0.024751,0.080078,0.024751,0,1,0,0.0333,0,1801.8,0,2,0,0.0333,0,3603.6
1201,12,547.47,547.5,23,2,326,0,1,0,0.0333,0,1801.8,0,1,0,0.0333,0,1801.8,0,0,0,0,0,1,0,0.0333,0,1801.8,0,2,0,0.0333,0,3603.6
1201,12,547.77,548.7,23,2,327,0,1,0,0.9333,0,64.288,0,1,0,0.9333,0,64.288,0.10141,0.029417,0.098763,0.030804,0,0.3214,0,0.29997,0,64.288,0,2,0,0.9333,0,128.58
1201,12,548.77,548.87,23,2,328,0,0,0,0,0,0,0,1,0,0.0999,0,600.6,0.098044,0.03475,0.098044,0.03475,0,0,0,0,0,0,0,2,0,0.0999,0,1201.2
1201,12,549.07,549.1,1,2,329,0,0,0,0,0,0,1,0,0.0333,0,1801.8,0,0,0,0,0,0,0,0,0,0,0,1,1,0.0333,0.0333,1801.8,1801.8
1201,12,549.17,549.4,1,2,330,0.71439,0,0.16667,0,257.18,0,1,0,0.2333,0,257.18,0,0.085586,0.019618,0.088605,0.019199,0,1,0,0.2333,0,257.18,1,1,0.2333,0.2333,257.18,257.18
1201,12,549.5,549.67,1,2,331,1,0,0.1666,0,360.14,0,1,0,0.1666,0,360.14,0,0.083382,0.02825,0.083646,0.02868,0,1,0,0.1666,0,360.14,1,1,0.1666,0.1666,360.14,360.14
1201,12,549.7,549.73,1,2,332,1,0,0.0333,0,1801.8,0,1,0,0.0333,0,1801.8,0,0.091794,0.022144,0.091794,0.022144,0,1,0,0.0333,0,1801.8,1,1,0.0333,0.0333,1801.8,1801.8
1201,12,549.77,549.8,23,2,333,0,1,0,0.0333,0,1801.8,0,1,0,0.0333,0,1801.8,0,0,0,0,0,1,0,0.0333,0,1801.8,0,2,0,0.0333,0,3603.6
1201,12,549.8,549.87,1,2,334,1,0,0.0666,0,900.9,0,1,0,0.0666,0,900.9,0,0.086722,0.027177,0.086722,0.027177,0,1,0,0.0666,0,900.9,1,1,0.0666,0.0666,900.9,900.9
1201,12,549.9,549.93,1,2,335,1,0,0.0333,0,1801.8,0,1,0,0.0333,0,1801.8,0,0.07665,0.024665,0.07665,0.024665,0,1,0,0.0333,0,1801.8,1,1,0.0333,0.0333,1801.8,1801.8
1201,12,550.17,550.33,1,2,336,1,0,0.1666,0,360.14,0,0,0,0,0,0,0,0.11367,0.031661,0.11272,0.031115,0,1,0,0.1666,0,360.14,1,1,0.1666,0.1666,360.14,360.14
1201,12,550.4,551.2,1,2,337,1,0,0.8,0,75,0,0.79167,0,0.63333,0,75,0,0.12937,0.040951,0.13084,0.040182,0,1,0,0.8,0,75,1,1,0.8,0.8,75,75
1201,12,551.23,552.53,1,2,338,1,0,1.3,0,46.154,0,1,0,1.3,0,46.154,0,0.14487,0.036256,0.14549,0.034174,0,1,0,0.65,0,92.308,1,1,1.3,1.3,46.154,46.154
1201,12,552.73,552.83,1,2,339,1,0,0.1,0,600,0,1,0,0.1,0,600,0,0.12597,0.046549,0.13021,0.044247,0,1,0,0.1,0,600,1,1,0.1,0.1,600,600
1201,12,552.83,552.87,15,2,340,0,1,0,0.0333,0,1801.8,0,1,0,0.0333,0,1801.8,0.20142,0.057585,0.20142,0.057585,0,1,0,0.0333,0,1801.8,1,1,0.0333,0.0333,1801.8,1801.8
1201,12,552.87,553,1,2,341,1,0,0.1333,0,450.11,0,1,0,0.1333,0,450.11,0,0.12036,0.038052,0.12098,0.03798,0,0,0,0,0,0,1,1,0.1333,0.1333,450.11,450.11
1201,12,553.07,553.4,15,2,342,0,1,0,0.3333,0,180.02,0,1,0,0.3333,0,180.02,0.17464,0.043022,0.17167,0.041922,0,0,0,0,0,0,1,1,0.3333,0.3333,180.02,180.02
1201,12,553.4,553.5,1,2,343,1,0,0.1,0,600,0,1,0,0.1,0,600,0,0.11748,0.043431,0.11605,0.04302,0,0,0,0,0,0,1,1,0.1,0.1,600,600
1201,12,553.5,553.87,15,2,344,0,1,0,0.3666,0,163.67,0,1,0,0.3666,0,163.67,0.21063,0.043589,0.21016,0.04374,0,0,0,0,0,0,1,1,0.3666,0.3666,163.67,163.67
1201,12,553.9,553.93,1,2,345,1,0,0.0333,0,1801.8,0,1,0,0.0333,0,1801.8,0,0.13026,0.041013,0.13026,0.041013,0,0,0,0,0,0,1,1,0.0333,0.0333,1801.8,1801.8
1201,12,554.27,554.47,1,2,346,1,0,0.1999,0,300.15,0,1,0,0.1999,0,300.15,0,0.20544,0.038399,0.21484,0.039191,0,0,0,0,0,0,0,1,0,0.1999,0,300.15
1201,12,554.5,554.8,1,2,347,1,0,0.3,0,200,0,1,0,0.3,0,200,0,0.25381,0.028114,0.27233,0.027444,0,0.66667,0,0.2,0,200,0.33333,1,0.1,0.3,200,200
1201,12,554.97,555.03,1,2,348,1,0,0.0666,0,900.9,0,1,0,0.0666,0,900.9,0,0.4401,0.090911,0.4401,0.090911,0,1,0,0.0666,0,900.9,1,1,0.0666,0.0666,900.9,900.9
1201,12,555.03,555.07,15,2,349,0,1,0,0.0333,0,1801.8,0,1,0,0.0333,0,1801.8,0.44197,0.020265,0.44197,0.020265,1,0,0.0333,0,1801.8,0,1,1,0.0333,0.0333,1801.8,1801.8
1201,12,555.07,555.17,1,2,350,1,0,0.0999,0,600.6,0,1,0,0.0999,0,600.6,0,0.18984,0.03373,0.18984,0.03373,0,1,0,0.0999,0,600.6,1,1,0.0999,0.0999,600.6,600.6
1201,12,555.17,555.27,15,2,351,0,1,0,0.0999,0,600.6,0,1,0,0.0999,0,600.6,0.31541,0.066532,0.31541,0.066532,1,0,0.0999,0,600.6,0,0.667,1,0.066633,0.0999,600.6,600.6
1201,12,555.4,555.57,15,2,352,0,1,0,0.1666,0,360.14,0,0,0,0,0,0,0.42339,0.033406,0.43721,0.034769,1,0,0.1666,0,360.14,0,0,1,0,0.1666,0,360.14
1201,12,555.6,555.63,15,2,353,0,1,0,0.0333,0,1801.8,0,0,0,0,0,0,0.38281,0.016659,0.38281,0.016659,1,0,0.0333,0,1801.8,0,0,1,0,0.0333,0,1801.8
1201,12,555.63,555.67,23,2,354,0,1,0,0.0333,0,1801.8,0,0,0,0,0,0,0.41023,0.044082,0.41023,0.044082,0,1,0,0.0333,0,1801.8,0,1,0,0.0333,0,1801.8
1201,12,555.67,555.73,2,2,355,0,1,0,0.0666,0,900.9,0,0,0,0,0,0,0.46439,0.033752,0.46439,0.033752,0,1,0,0.0666,0,900.9,0,1,0,0.0666,0,900.9
1201,12,555.73,555.77,15,2,356,0,1,0,0.0333,0,1801.8,0,0,0,0,0,0,0.33975,0.10016,0.33975,0.10016,1,0,0.0333,0,1801.8,0,0,1,0,0.0333,0,1801.8
1201,12,555.77,555.8,2,2,357,0,1,0,0.0333,0,1801.8,0,0,0,0,0,0,0,0,0,0,0,1,0,0.0333,0,1801.8,0,1,0,0.0333,0,1801.8
1201,12,555.8,556,15,2,358,0,1,0,0.2,0,300,0,0,0,0,0,0,0.48689,0.031061,0.50252,0.02699,1,0,0.2,0,300,0,0,1,0,0.2,0,300
1201,12,556,556.03,2,2,359,0,1,0,0.0333,0,1801.8,0,0,0,0,0,0,0.12441,0.036058,0.12441,0.036058,0,1,0,0.0333,0,1801.8,0,1,0,0.0333,0,1801.8
1201,12,556.03,556.07,20,2,360,0,1,0,0.0333,0,1801.8,0,0,0,0,0,0,0.066413,0.016927,0.066413,0.016927,0,1,0,0.0333,0,1801.8,0,1,0,0.0333,0,1801.8
1201,12,556.07,556.27,2,2,361,0,1,0,0.1999,0,300.15,0,0,0,0,0,0,0.57961,0.028116,0.61451,0.028984,0,1,0,0.1999,0,300.15,0,1,0,0.1999,0,300.15
1201,12,556.27,556.4,15,2,362,0,1,0,0.1333,0,450.11,0.50013,0,0.066667,0,450.11,0,0.32384,0.067735,0.31052,0.076359,2,0,0.1333,0,900.23,0,0,1,0,0.1333,0,450.11
1201,12,556.4,556.43,23,2,363,0,1,0,0.0333,0,1801.8,0,1,0,0.0333,0,1801.8,0.39498,0.034022,0.39498,0.034022,0,2,0,0.0333,0,3603.6,0,1,0,0.0333,0,1801.8
1201,12,556.47,556.5,23,2,364,0,1,0,0.0333,0,1801.8,0,1,0,0.0333,0,1801.8,0,0,0,0,0,2,0,0.0333,0,3603.6,0,1,0,0.0333,0,1801.8
1201,12,556.5,556.57,15,2,365,0,1,0,0.0666,0,900.9,1,0,0.0666,0,900.9,0,0.44918,0.03334,0.44918,0.03334,2,0,0.0666,0,1801.8,0,0,1,0,0.0666,0,900.9
1201,12,564.87,564.93,1,2,366,1,0,0.0666,0,900.9,0,0,1,0,0.0666,0,900.9,0.23076,0.024029,0.23076,0.024029,0,2,0,0.0666,0,1801.8,0,1,0,0.0666,0,900.9
1201,12,564.97,565,2,2,367,0,1,0,0.0333,0,1801.8,0,0,0,0,0,0,0,0,0,0,0,2,0,0.0333,0,3603.6,0,1,0,0.0333,0,1801.8
1201,12,565,565.03,21,2,368,0,1,0,0.0333,0,1801.8,0,0,0,0,0,0,0.40334,0.022561,0.40334,0.022561,0,2,0,0.0333,0,3603.6,0,1,0,0.0333,0,1801.8
1201,12,565.03,565.07,1,2,369,1,0,0.0333,0,1801.8,0,0,0,0,0,0,0,0.37185,0.020896,0.37185,0.020896,0,2,0,0.0333,0,3603.6,0,1,0,0.0333,0,1801.8
1201,12,565.07,565.1,15,2,370,0,1,0,0.0333,0,1801.8,0,0,0,0,0,0,0,0,0,0,2,0,0.0333,0,3603.6,0,0,1,0,0.0333,0,1801.8
1201,12,565.13,565.17,15,2,371,0,1,0,0.0333,0,1801.8,0,0,0,0,0,0,0.29742,0.024811,0.29742,0.024811,2,0,0.0333,0,3603.6,0,0,1,0,0.0333,0,1801.8
1201,12,565.2,565.27,15,2,372,0,1,0,0.0666,0,900.9,0,1,0,0.0666,0,900.9,0.11215,0.018536,0.11215,0.018536,1,1,0.0666,0.0666,900.9,900.9,0,1.4995,0,0.049933,0,1801.8
1201,12,565.33,565.37,1,2,373,1,0,0.0333,0,1801.8,0,0,1,0,0.0333,0,1801.8,0.35644,0.029444,0.35644,0.029444,1,1,0.0333,0.0333,1801.8,1801.8,0,2,0,0.0333,0,3603.6
1201,12,565.47,565.5,1,2,374,1,0,0.0333,0,1801.8,0,0,1,0,0.0333,0,1801.8,0,0,0,0,1,1,0.0333,0.0333,1801.8,1801.8,0,2,0,0.0333,0,3603.6
1201,12,565.53,565.57,1,2,375,1,0,0.0333,0,1801.8,0,0,1,0,0.0333,0,1801.8,0.23447,0.034601,0.23447,0.034601,1,1,0.0333,0.0333,1801.8,1801.8,0,2,0,0.0333,0,3603.6
1201,12,565.6,566.37,1,2,376,0.78268,0.086877,0.6,0.0666,78.268,78.268,0,0.86964,0,0.33333,0,156.54,0.18565,0.030708,0.18594,0.029195,1.0434,0.56527,0.39993,0.43333,156.54,78.268,0,1.6087,0,0.41109,0,234.8
1201,12,568.87,568.9,1,2,377,1,0,0.0333,0,1801.8,0,0,1,0,0.0333,0,1801.8,0,0,0,0,1,1,0.0333,0.0333,1801.8,1801.8,0,1,0,0.0333,0,1801.8
1201,12,568.97,569.17,1,2,378,1,0,0.1999,0,300.15,0,0,1,0,0.1999,0,300.15,0.11036,0.037602,0.11051,0.037688,1,1,0.1999,0.1999,300.15,300.15,0,1.3332,0,0.13325,0,600.3
1201,12,569.3,569.37,15,2,379,0,1,0,0.0666,0,900.9,0,1,0,0.0666,0,900.9,0.20557,0.044245,0.20557,0.044245,1,1,0.0666,0.0666,900.9,900.9,0,2,0,0.0666,0,1801.8
1201,12,569.4,569.43,15,2,380,0,1,0,0.0333,0,1801.8,0,1,0,0.0333,0,1801.8,0.14009,0.048498,0.14009,0.048498,1,1,0.0333,0.0333,1801.8,1801.8,0,2,0,0.0333,0,3603.6
1201,12,569.5,570.1,15,2,381,0.61111,0.055556,0.36667,0.033333,100,100,0,0.27778,0,0.16667,0,100,0.34662,0.049557,0.35705,0.04778,1,1,0.6,0.6,100,100,0,2,0,0.6,0,200
1201,12,570.13,570.5,1,2,382,0.63631,0,0.23333,0,163.62,0,0.99991,0,0.36667,0,163.62,0,0.29475,0.034032,0.31213,0.03158,1,1,0.3667,0.3667,163.62,163.62,0,1.7273,0,0.3167,0,327.24
1201,12,570.5,570.57,21,2,383,0,1,0,0.0666,0,900.9,0,1,0,0.0666,0,900.9,0.1769,0.028448,0.1769,0.028448,0,2,0,0.0666,0,1801.8,0,1,0,0.0666,0,900.9
1201,12,570.57,570.6,3,2,384,0,1,0,0.0333,0,1801.8,0,1,0,0.0333,0,1801.8,0,0,0,0,0,2,0,0.0333,0,3603.6,0,1,0,0.0333,0,1801.8
1201,12,571.1,571.13,21,2,385,0,1,0,0.0333,0,1801.8,0,1,0,0.0333,0,1801.8,0.29053,0.023658,0.29053,0.023658,0,2,0,0.0333,0,3603.6,0,1,0,0.0333,0,1801.8
1201,12,571.17,571.23,1,2,386,1,0,0.0666,0,900.9,0,0,1,0,0.0666,0,900.9,0.32817,0.048703,0.32817,0.048703,1,1,0.0666,0.0666,900.9,900.9,0,1,0,0.0666,0,900.9
1201,12,571.23,571.27,21,2,387,0,1,0,0.0333,0,1801.8,0,1,0,0.0333,0,1801.8,0.33072,0.024734,0.33072,0.024734,0,2,0,0.0333,0,3603.6,0,1,0,0.0333,0,1801.8
1201,12,571.43,571.47,21,2,388,0,1,0,0.0333,0,1801.8,0,1,0,0.0333,0,1801.8,0.31572,0.045392,0.31572,0.045392,0,2,0,0.0333,0,3603.6,0,1,0,0.0333,0,1801.8
1201,12,571.47,572.03,1,2,389,1,0,0.5666,0,105.89,0,0,1,0,0.5666,0,105.89,0.32486,0.021722,0.32736,0.021479,1,1,0.5666,0.5666,105.89,105.89,0,1,0,0.5666,0,105.89
1201,12,572.23,572.77,1,2,390,0.93762,0,0.50003,0,112.51,0,0,1,0,0.5333,0,112.51,0.33948,0.0229,0.33993,0.02305,1,1,0.5333,0.5333,112.51,112.51,0,0.99994,0,0.26663,0,225.01
1201,12,572.93,572.97,21,2,391,0,1,0,0.0333,0,1801.8,0,0,0,0,0,0,0.32473,0.033203,0.32473,0.033203,0,2,0,0.0333,0,3603.6,0,2,0,0.0333,0,3603.6
1201,12,572.97,573.03,1,2,392,0,1,0,0.0666,0,900.9,0,0,0,0,0,0,0.30861,0.034881,0.30861,0.034881,1,1,0.0666,0.0666,900.9,900.9,0,2,0,0.0666,0,1801.8
1201,12,573.03,573.07,2,2,393,0,1,0,0.0333,0,1801.8,0,0.999,0,0.033267,0,1801.8,0.33072,0.046299,0.33072,0.046299,0,2,0,0.0333,0,3603.6,0,2,0,0.0333,0,3603.6
1201,12,573.07,573.13,1,2,394,0,1,0,0.0666,0,900.9,0,1,0,0.0666,0,900.9,0.27181,0.046967,0.27181,0.046967,1,1,0.0666,0.0666,900.9,900.9,0,2,0,0.0666,0,1801.8
1201,12,573.17,573.27,1,2,395,0,1,0,0.0999,0,600.6,0,1,0,0.0999,0,600.6,0.2718,0.042354,0.2718,0.042354,1,1,0.0999,0.0999,600.6,600.6,0,2,0,0.0999,0,1201.2
1201,12,573.27,573.6,15,2,396,1,0,0.3333,0,180.02,0,0,0.89999,0,0.14998,0,360.04,0.21349,0.042932,0.21473,0.042441,1,1,0.3333,0.3333,180.02,180.02,0,2,0,0.2222,0,540.05
1201,12,573.6,573.63,1,2,397,0,1,0,0.0333,0,1801.8,0,1,0,0.0333,0,1801.8,0.17974,0.029163,0.17974,0.029163,1,1,0.0333,0.0333,1801.8,1801.8,0,2,0,0.0333,0,3603.6
1201,12,573.63,573.67,15,2,398,1,0,0.0333,0,1801.8,0,0,1,0,0.0333,0,1801.8,0.22,0.040812,0.22,0.040812,1,1,0.0333,0.0333,1801.8,1801.8,0,2,0,0.0333,0,3603.6
1201,12,573.9,574.03,1,2,399,0,1,0,0.1333,0,450.11,0,1,0,0.1333,0,450.11,0.23281,0.044934,0.23186,0.044816,1,1,0.1333,0.1333,450.11,450.11,0,2,0,0.1333,0,900.23
1201,12,574.1,574.83,1,2,400,0.72726,0.22728,0.5333,0.16667,81.822,81.822,0,0.090913,0,0.066667,0,81.822,0.3503,0.052683,0.35841,0.055317,1,1,0.7333,0.7333,81.822,81.822,0,1.1818,0,0.43332,0,163.64
1201,12,574.87,574.9,1,2,401,1,0,0.0333,0,1801.8,0,0,0,0,0,0,0,0,0,0,0,1,1,0.0333,0.0333,1801.8,1801.8,0,1,0,0.0333,0,1801.8
1201,12,574.9,574.93,15,2,402,0,1,0,0.0333,0,1801.8,0,0,0,0,0,0,0.22154,0.068471,0.22154,0.068471,1,1,0.0333,0.0333,1801.8,1801.8,0,1,0,0.0333,0,1801.8
1201,12,575.03,575.23,1,2,403,1,0,0.2,0,300,0,0,0.49983,0,0.099967,0,300,0.25212,0.052761,0.25598,0.051082,1,1,0.2,0.2,300,300,0,1,0,0.2,0,300
1201,12,575.23,575.27,15,2,404,0,1,0,0.0333,0,1801.8,0,1,0,0.0333,0,1801.8,0.27637,0.048142,0.27637,0.048142,1,1,0.0333,0.0333,1801.8,1801.8,0,1,0,0.0333,0,1801.8
1201,12,575.27,575.57,1,2,405,1,0,0.2999,0,200.07,0,0,1,0,0.2999,0,200.07,0.22768,0.049033,0.2297,0.049602,1,1,0.2999,0.2999,200.07,200.07,0,1,0,0.2999,0,200.07
1201,12,575.6,575.63,1,2,406,1,0,0.0333,0,1801.8,0,0,1,0,0.0333,0,1801.8,0.1463,0.045763,0.1463,0.045763,1,1,0.0333,0.0333,1801.8,1801.8,0,1,0,0.0333,0,1801.8
1201,12,575.67,576.33,1,2,407,1,0,0.6666,0,90.009,0,0,1,0,0.6666,0,90.009,0.20408,0.049342,0.2082,0.049692,1,1,0.6666,0.6666,90.009,90.009,0,1,0,0.6666,0,90.009
1201,12,576.37,576.43,23,2,408,0,1,0,0.0666,0,900.9,0,1,0,0.0666,0,900.9,0.14006,0.044102,0.14006,0.044102,0,2,0,0.0666,0,1801.8,0,1,0,0.0666,0,900.9
1201,12,576.47,576.57,23,2,409,0,1,0,0.0999,0,600.6,0,1,0,0.0999,0,600.6,0.14105,0.045364,0.14105,0.045364,0,2,0,0.0999,0,1201.2,0,1,0,0.0999,0,600.6
1201,12,576.6,576.93,23,2,410,0,1,0,0.3333,0,180.02,0,1,0,0.3333,0,180.02,0.13462,0.048155,0.13442,0.048537,0,2,0,0.3333,0,360.04,0,1,0,0.3333,0,180.02
1201,12,576.93,576.97,1,2,411,0.001001,0,3.3333e-05,0,1801.8,0,0,1,0,0.0333,0,1801.8,0.28551,0.065792,0.28551,0.065792,1,1,0.0333,0.0333,1801.8,1801.8,0,1,0,0.0333,0,1801.8
1201,12,577.07,577.17,15,2,412,0,1,0,0.0999,0,600.6,0,0.333,0,0.033267,0,600.6,0.1704,0.047432,0.1704,0.047432,1,1,0.0999,0.0999,600.6,600.6,0,1,0,0.0999,0,600.6
1201,12,577.43,578.27,23,2,413,1,0,0.8333,0,72.003,0,0.83995,0.12004,0.69993,0.10003,72.003,72.003,0.14431,0.040817,0.14355,0.041194,0.080003,1.12,0.066667,0.46667,72.003,144.01,0,1.6799,0,0.69995,0,144.01
1201,12,578.37,578.53,15,2,414,0,1,0,0.1666,0,360.14,0,1,0,0.1666,0,360.14,0.23942,0.044531,0.23959,0.046251,2,0,0.1666,0,720.29,0,0,2,0,0.1666,0,720.29
1201,12,578.57,578.8,15,2,415,0,1,0,0.2333,0,257.18,0,0.85712,0,0.099983,0,514.36,0.20426,0.050262,0.2087,0.050157,2,0,0.2333,0,514.36,0,0,2,0,0.2333,0,514.36
1201,12,578.87,579,15,2,416,0.25006,0.74994,0.033333,0.099967,450.11,450.11,0,1,0,0.1333,0,450.11,0.22312,0.046436,0.22279,0.046309,2,0,0.1333,0,900.23,0,0,2,0,0.1333,0,900.23
1201,12,579.2,579.23,15,2,417,1,0,0.0333,0,1801.8,0,0,1,0,0.0333,0,1801.8,0.13161,0.033201,0.13161,0.033201,2,0,0.0333,0,3603.6,0,0,2,0,0.0333,0,3603.6
1201,12,579.43,579.67,15,2,418,1,0,0.2333,0,257.18,0,0,1,0,0.2333,0,257.18,0.13492,0.023737,0.13481,0.021267,1,0,0.2333,0,257.18,0,0,2,0,0.2333,0,514.36
1201,12,579.7,579.9,15,2,419,1,0,0.2,0,300,0,0,1,0,0.2,0,300,0.13988,0.018703,0.13826,0.01779,1,0,0.2,0,300,0,0,1.8333,0,0.18333,0,600
1201,12,579.93,579.97,15,2,420,1,0,0.0333,0,1801.8,0,0,1,0,0.0333,0,1801.8,0.12775,0,0.12775,0,1,0,0.0333,0,1801.8,0,0,1,0,0.0333,0,1801.8
1201,12,580,580.5,15,2,421,1,0,0.5,0,120,0,0,1,0,0.5,0,120,0.12933,0.019845,0.12777,0.020182,1,0,0.5,0,120,0,0,1,0,0.5,0,120
1201,12,580.77,580.8,15,2,422,1,0,0.0333,0,1801.8,0,0,1,0,0.0333,0,1801.8,0,0,0,0,1,0,0.0333,0,1801.8,0,0,1,0,0.0333,0,1801.8
1201,12,581.1,581.17,15,2,423,1,0,0.0666,0,900.9,0,0,1,0,0.0666,0,900.9,0.095527,0.032188,0.095527,0.032188,1,0,0.0666,0,900.9,0,0,1,0,0.0666,0,900.9
1201,12,581.43,581.93,15,2,424,1,0,0.5,0,120,0,0,1,0,0.5,0,120,0.14245,0.030237,0.13836,0.031694,1,0,0.5,0,120,0,0,1,0,0.25,0,240
1201,12,582.17,582.8,15,2,425,1,0,0.6333,0,94.742,0,0,1,0,0.6333,0,94.742,0.18623,0.035542,0.18149,0.031967,1,0,0.6333,0,94.742,0,0,1,0,0.6333,0,94.742
1201,12,582.83,583,15,2,426,1,0,0.1667,0,359.93,0,0,1,0,0.1667,0,359.93,0.15639,0.038012,0.15176,0.0376,1,0,0.1667,0,359.93,0,0,1,0,0.1667,0,359.93
1201,12,588.1,588.27,23,2,427,0,1,0,0.1666,0,360.14,0,1,0,0.1666,0,360.14,0.2729,0.059607,0.2748,0.060255,2,0,0.1666,0,720.29,0,0,1,0,0.1666,0,360.14
1201,12,588.8,588.83,23,2,428,0,1,0,0.0333,0,1801.8,0,1,0,0.0333,0,1801.8,0.28178,0.049916,0.28178,0.049916,2,0,0.0333,0,3603.6,0,0,1,0,0.0333,0,1801.8
1201,12,588.87,588.93,15,2,429,0,1,0,0.0666,0,900.9,0,1,0,0.0666,0,900.9,0.2563,0.049367,0.2563,0.049367,0,2,0,0.0666,0,1801.8,0,1,0,0.0666,0,900.9
1201,12,588.97,589,23,2,430,0,1,0,0.0333,0,1801.8,0,1,0,0.0333,0,1801.8,0,0,0,0,2,0,0.0333,0,3603.6,0,0,1,0,0.0333,0,1801.8
1201,12,589.03,589.2,15,2,431,0.79984,0,0.13333,0,359.93,0,0,1,0,0.1667,0,359.93,0.25143,0.044016,0.25879,0.046868,0,2,0,0.1667,0,719.86,0,1,0,0.1667,0,359.93
1201,12,591.1,591.13,15,2,432,0,1,0,0.0333,0,1801.8,0,1,0,0.0333,0,1801.8,0.07613,0.02885,0.07613,0.02885,0,1,0,0.0333,0,1801.8,0,2,0,0.0333,0,3603.6
1201,12,591.37,591.4,15,2,433,0,1,0,0.0333,0,1801.8,0,1,0,0.0333,0,1801.8,0,0,0,0,0,1,0,0.0333,0,1801.8,0,2,0,0.0333,0,3603.6
1201,12,592.1,592.17,16,2,434,0,0,0,0,0,0,0,1,0,0.0666,0,900.9,0.12848,0.011719,0.12848,0.011719,0,1,0,0.0666,0,900.9,0,2,0,0.0666,0,1801.8
1201,12,592.23,592.27,16,2,435,0,0,0,0,0,0,0,1,0,0.0333,0,1801.8,0.17145,0.015885,0.17145,0.015885,0,1,0,0.0333,0,1801.8,0,2,0,0.0333,0,3603.6
1201,12,592.37,592.43,16,2,436,0,0,0,0,0,0,0,1,0,0.0666,0,900.9,0.14906,0,0.14906,0,0,1,0,0.0666,0,900.9,0,1.5,0,0.04995,0,1801.8
1201,12,592.6,592.63,20,2,437,0,0,0,0,0,0,0,0,0,0,0,0,0.069701,0.016553,0.069701,0.016553,0,1,0,0.0333,0,1801.8,0,1,0,0.0333,0,1801.8
1201,12,594.9,594.93,4,2,438,1,0,0.0333,0,1801.8,0,1,0,0.0333,0,1801.8,0,0.15236,0.027337,0.15236,0.027337,2,0,0.0333,0,3603.6,0,0,1,0,0.0333,0,1801.8
1201,12,594.97,595.73,4,2,439,0.82612,0.086921,0.6333,0.066633,78.268,78.268,0.65219,0,0.49997,0,78.268,0,0.15715,0.027068,0.15984,0.026261,2,0,0.7666,0,156.54,0,0,1.6957,0,0.64995,0,156.54
1201,12,595.77,595.8,4,2,440,0,1,0,0.0333,0,1801.8,0,0,0,0,0,0,0,0,0,0,2,0,0.0333,0,3603.6,0,0,2,0,0.0333,0,3603.6
1201,12,596.13,596.2,4,2,441,0,0,0,0,0,0,0,0,0,0,0,0,0.082184,0.028947,0.082184,0.028947,2,0,0.0667,0,1799.1,0,0,2,0,0.0667,0,1799.1
1201,12,596.23,596.3,4,2,442,0,0,0,0,0,0,0,0,0,0,0,0,0.12166,0.033759,0.12166,0.033759,2,0,0.0667,0,1799.1,0,0,2,0,0.0667,0,1799.1
1201,12,596.4,596.57,4,2,443,0,0,0,0,0,0,0,0,0,0,0,0,0.16336,0.038485,0.16082,0.037001,2,0,0.1666,0,720.29,0,0,2,0,0.1666,0,720.29
1201,12,596.63,596.67,4,2,444,0,0.999,0,0.033267,0,1801.8,0,0,0,0,0,0,0.26995,0.047324,0.26995,0.047324,2,0,0.0333,0,3603.6,0,0,2,0,0.0333,0,3603.6
1201,12,597.57,597.67,4,2,445,0,1,0,0.0999,0,600.6,0.66667,0,0.0666,0,600.6,0,0.20291,0.05402,0.20291,0.05402,2,0,0.0999,0,1201.2,0,0,2,0,0.0999,0,1201.2
1201,12,598.83,598.87,4,2,446,0,1,0,0.0333,0,1801.8,1,0,0.0333,0,1801.8,0,0.30498,0.05729,0.30498,0.05729,1,0,0.0333,0,1801.8,0,0,2,0,0.0333,0,3603.6
1201,12,598.97,599,23,2,447,0,1,0,0.0333,0,1801.8,0,1,0,0.0333,0,1801.8,0,0,0,0,0,1,0,0.0333,0,1801.8,0,2,0,0.0333,0,3603.6
1201,12,599.6,599.67,9,2,448,0,0,0,0,0,0,0,1,0,0.0666,0,900.9,0.079215,0.023702,0.079215,0.023702,0,1,0,0.0666,0,900.9,0,2,0,0.0666,0,1801.8
1201,12,599.73,599.77,4,2,449,0,0,0,0,0,0,1,0,0.0333,0,1801.8,0,0.40896,0.032285,0.40896,0.032285,1,0,0.0333,0,1801.8,0,0,2,0,0.0333,0,3603.6
1201,12,599.77,599.8,9,2,450,0,0,0,0,0,0,0,1,0,0.0333,0,1801.8,0,0,0,0,0,1,0,0.0333,0,1801.8,0,2,0,0.0333,0,3603.6
1201,12,599.87,599.9,14,2,451,0,0,0,0,0,0,0,1,0,0.0333,0,1801.8,0,0,0,0,0,1,0,0.0333,0,1801.8,0,2,0,0.0333,0,3603.6
1201,12,600.47,600.5,5,2,452,0,1,0,0.0333,0,1801.8,0,1,0,0.0333,0,1801.8,0,0,0,0,0,1,0,0.0333,0,1801.8,0,2,0,0.0333,0,3603.6
1201,12,600.57,600.6,9,2,453,0,1,0,0.0333,0,1801.8,0,1,0,0.0333,0,1801.8,0,0,0,0,0,1,0,0.0333,0,1801.8,0,2,0,0.0333,0,3603.6
1201,12,600.67,600.7,24,2,454,0,1,0,0.0333,0,1801.8,0,1,0,0.0333,0,1801.8,0,0,0,0,0,1,0,0.0333,0,1801.8,0,2,0,0.0333,0,3603.6
1201,12,600.7,600.73,9,2,455,0,1,0,0.0333,0,1801.8,0,1,0,0.0333,0,1801.8,0.11931,0,0.11931,0,0,1,0,0.0333,0,1801.8,0,2,0,0.0333,0,3603.6
1201,12,600.8,600.83,21,2,456,0,1,0,0.0333,0,1801.8,0,1,0,0.0333,0,1801.8,0.49625,0,0.49625,0,0,1,0,0.0333,0,1801.8,0,2,0,0.0333,0,3603.6
1201,12,600.87,600.93,21,2,457,0,1,0,0.0666,0,900.9,0,1,0,0.0666,0,900.9,0.37059,0.17247,0.37059,0.17247,0,1,0,0.0666,0,900.9,0,2,0,0.0666,0,1801.8
1201,12,600.93,600.97,5,2,458,0,1,0,0.0333,0,1801.8,0,1,0,0.0333,0,1801.8,0.16349,0,0.16349,0,0,1,0,0.0333,0,1801.8,0,2,0,0.0333,0,3603.6
1201,12,601,601.03,24,2,459,0,1,0,0.0333,0,1801.8,0,1,0,0.0333,0,1801.8,0.11328,0.014209,0.11328,0.014209,0,1,0,0.0333,0,1801.8,0,2,0,0.0333,0,3603.6
1201,12,601.03,601.27,9,2,460,0,1,0,0.2333,0,257.18,0,1,0,0.2333,0,257.18,0.16226,0.020337,0.16161,0.01445,0,1,0,0.2333,0,257.18,0,2,0,0.2333,0,514.36
1201,12,601.27,601.3,24,2,461,0,1,0,0.0333,0,1801.8,0,1,0,0.0333,0,1801.8,0,0,0,0,0,1,0,0.0333,0,1801.8,0,2,0,0.0333,0,3603.6
1201,12,601.37,601.57,9,2,462,0,1,0,0.1999,0,300.15,0,1,0,0.1999,0,300.15,0.12707,0,0.12827,0,0,1,0,0.1999,0,300.15,0,2,0,0.1999,0,600.3
1201,12,601.63,601.7,24,2,463,0,1,0,0.0667,0,899.55,0,1,0,0.0667,0,899.55,0.28491,0,0.28491,0,0,1,0,0.0667,0,899.55,0,2,0,0.0667,0,1799.1
1201,12,601.7,602.57,4,2,464,1,0,0.8666,0,69.236,0,1,0,0.8666,0,69.236,0,0.54342,0.092473,0.52464,0.09886,1,0,0.8666,0,69.236,0,0,2,0,0.8666,0,138.47
1201,12,602.6,602.67,4,2,465,1,0,0.0666,0,900.9,0,1,0,0.0666,0,900.9,0,0.66324,0.0089518,0.66324,0.0089518,1,0,0.0666,0,900.9,0,0,2,0,0.0666,0,1801.8
1201,12,602.77,602.8,11,2,466,0,1,0,0.0333,0,1801.8,0,1,0,0.0333,0,1801.8,0,0,0,0,0,1,0,0.0333,0,1801.8,0,2,0,0.0333,0,3603.6
1201,12,602.87,602.9,11,2,467,0,1,0,0.0333,0,1801.8,0,1,0,0.0333,0,1801.8,0,0,0,0,0,1,0,0.0333,0,1801.8,0,2,0,0.0333,0,3603.6
1201,12,603.63,603.67,4,2,468,1,0,0.0333,0,1801.8,0,0,0,0,0,0,0,0.12952,0.051695,0.12952,0.051695,1,1,0.0333,0.0333,1801.8,1801.8,0,2,0,0.0333,0,3603.6
1201,12,603.7,604.23,4,2,469,1,0,0.5333,0,112.51,0,0,0,0,0,0,0,0.21412,0.05968,0.20535,0.060544,1,1,0.5333,0.5333,112.51,112.51,0,2,0,0.5333,0,225.01
1201,12,604.3,604.37,4,2,470,1,0,0.0666,0,900.9,0,0,0,0,0,0,0,0.2577,0.068244,0.2577,0.068244,1,1,0.0666,0.0666,900.9,900.9,0,2,0,0.0666,0,1801.8
1201,12,604.4,604.6,4,2,471,1,0,0.2,0,300,0,0,0,0,0,0,0,0.26839,0.058342,0.25594,0.05843,1,1,0.2,0.2,300,300,0,2,0,0.13333,0,900
1201,12,604.6,604.63,15,2,472,0,1,0,0.0333,0,1801.8,0,1,0,0.0333,0,1801.8,0.16896,0.050844,0.16896,0.050844,1,1,0.0333,0.0333,1801.8,1801.8,1,1,0.0333,0.0333,1801.8,1801.8
1201,12,604.63,604.8,4,2,473,1,0,0.1667,0,359.93,0,1,0,0.1667,0,359.93,0,0.1858,0.060614,0.19833,0.061725,1,1,0.1667,0.1667,359.93,359.93,0,2,0,0.1667,0,719.86
1201,12,604.8,604.83,15,2,474,0,1,0,0.0333,0,1801.8,0,1,0,0.0333,0,1801.8,0.16429,0.067814,0.16429,0.067814,1,1,0.0333,0.0333,1801.8,1801.8,1,1,0.0333,0.0333,1801.8,1801.8
1201,12,604.9,604.97,4,2,475,1,0,0.0666,0,900.9,0,1,0,0.0666,0,900.9,0,0.14711,0.050654,0.14711,0.050654,1,1,0.0666,0.0666,900.9,900.9,0,2,0,0.0444,0,2702.7
1201,12,605,605.17,15,2,476,0,1,0,0.1666,0,360.14,0,1,0,0.1666,0,360.14,0.1663,0.047583,0.17344,0.049511,1,1,0.1666,0.1666,360.14,360.14,0,2,0,0.1666,0,720.29
1201,12,605.2,605.47,15,2,477,1,0,0.2666,0,225.06,0,0,1,0,0.2666,0,225.06,0.1925,0.052235,0.19172,0.051976,1,1,0.2666,0.2666,225.06,225.06,0,1,0,0.2666,0,225.06
1201,12,606.43,606.47,3,2,478,0,1,0,0.0333,0,1801.8,0,1,0,0.0333,0,1801.8,0.17215,0.060709,0.17215,0.060709,0,2,0,0.0333,0,3603.6,0,1,0,0.0333,0,1801.8
1201,12,606.5,606.53,20,2,479,0,1,0,0.0333,0,1801.8,0,1,0,0.0333,0,1801.8,0.090521,0.040183,0.090521,0.040183,0,2,0,0.0333,0,3603.6,0,1,0,0.0333,0,1801.8
1201,12,606.53,606.6,3,2,480,0,1,0,0.0667,0,899.55,0,1,0,0.0667,0,899.55,0.16127,0.042571,0.16127,0.042571,0,2,0,0.0667,0,1799.1,0,1,0,0.0667,0,899.55
1201,12,606.6,606.7,20,2,481,0,1,0,0.1,0,600,0,1,0,0.1,0,600,0.092432,0.041985,0.090781,0.04137,0,2,0,0.1,0,1200,0,1,0,0.1,0,600
1201,12,606.7,606.73,3,2,482,0,1,0,0.0333,0,1801.8,0,1,0,0.0333,0,1801.8,0.12974,0.046501,0.12974,0.046501,0,2,0,0.0333,0,3603.6,0,1,0,0.0333,0,1801.8
1201,12,606.8,606.93,3,2,483,0,1,0,0.1333,0,450.11,0,1,0,0.1333,0,450.11,0.14994,0.049298,0.14727,0.046682,0,2,0,0.1333,0,900.23,0,1,0,0.1333,0,450.11
1201,12,607.97,608,3,2,484,0,1,0,0.0333,0,1801.8,0,1,0,0.0333,0,1801.8,0,0,0,0,0,2,0,0.0333,0,3603.6,0,1,0,0.0333,0,1801.8
1201,12,608.47,608.5,15,2,485,1,0,0.0333,0,1801.8,0,0,1,0,0.0333,0,1801.8,0,0,0,0,1,1,0.0333,0.0333,1801.8,1801.8,1,1,0.0333,0.0333,1801.8,1801.8
1201,12,608.53,608.6,15,2,486,1,0,0.0667,0,899.55,0,0,1,0,0.0667,0,899.55,0.099645,0.040032,0.099645,0.040032,1,1,0.0667,0.0667,899.55,899.55,1,1,0.0667,0.0667,899.55,899.55
1201,12,608.73,608.77,3,2,487,0,1,0,0.0333,0,1801.8,0,0,0,0,0,0,0.097103,0.041887,0.097103,0.041887,0,2,0,0.0333,0,3603.6,0,2,0,0.0333,0,3603.6
1201,12,608.77,608.83,15,2,488,1,0,0.0666,0,900.9,0,0,0,0,0,0,0,0.11125,0.041912,0.11125,0.041912,1,1,0.0666,0.0666,900.9,900.9,1,1,0.0666,0.0666,900.9,900.9
1201,12,608.87,608.9,3,2,489,0,1,0,0.0333,0,1801.8,0,0,0,0,0,0,0,0,0,0,0,2,0,0.0333,0,3603.6,0,2,0,0.0333,0,3603.6
1201,12,608.97,609.03,15,2,490,0.5,0,0.0333,0,900.9,0,0,0,0,0,0,0,0.12226,0.039246,0.12226,0.039246,1,1,0.0666,0.0666,900.9,900.9,1,1,0.0666,0.0666,900.9,900.9
1201,12,609.07,609.1,4,2,491,0,0,0,0,0,0,0,0,0,0,0,0,0,0,0,0,1,1,0.0333,0.0333,1801.8,1801.8,0,2,0,0.0333,0,3603.6
1201,12,609.17,609.27,15,2,492,0,0,0,0,0,0,0,0,0,0,0,0,0.15818,0.053298,0.15818,0.053298,1,1,0.0999,0.0999,600.6,600.6,1,1,0.0999,0.0999,600.6,600.6
1201,12,610.17,610.2,7,2,493,0,0,0,0,0,0,0,0,0,0,0,0,0,0,0,0,0,0,0,0,0,0,0,2,0,0.0333,0,3603.6
1201,12,610.23,610.27,7,2,494,0,0,0,0,0,0,0,0.999,0,0.033267,0,1801.8,0.068086,0.02826,0.068086,0.02826,0,0,0,0,0,0,0,2,0,0.0333,0,3603.6
1201,12,612.67,612.7,15,2,495,0,0,0,0,0,0,0,0,0,0,0,0,0,0,0,0,0,0,0,0,0,0,1,1,0.0333,0.0333,1801.8,1801.8
1201,12,612.93,612.97,18,2,496,0,0,0,0,0,0,0,0,0,0,0,0,0.066081,0.025449,0.066081,0.025449,0,0,0,0,0,0,0,1.001,0,0.016667,0,3603.6
1201,12,614.47,614.5,15,2,497,0,0,0,0,0,0,0,1,0,0.0333,0,1801.8,0,0,0,0,0,0,0,0,0,0,0,1,0,0.0333,0,1801.8
1201,12,614.97,615,10,2,498,1,0,0.0333,0,1801.8,0,0,1,0,0.0333,0,1801.8,0,0,0,0,0,0,0,0,0,0,0,1,0,0.0333,0,1801.8
1201,12,615.13,617.03,10,2,499,1,0,1.9,0,31.579,0,0.15789,0.2807,0.3,0.26667,31.579,63.158,0.11171,0.038665,0.11557,0.038869,0.28068,0,0.26665,0,63.158,0,0,1.0175,0,0.96665,0,63.158
1201,12,617.07,617.1,10,2,500,1,0,0.0333,0,1801.8,0,0,1,0,0.0333,0,1801.8,0,0,0,0,1,0,0.0333,0,1801.8,0,0,2,0,0.0333,0,3603.6
1201,12,617.23,618.23,10,2,501,1,0,1,0,60,0,0,1,0,1,0,60,0.12109,0.034355,0.12029,0.034216,1.4,0,0.69998,0,120,0,0,1.5333,0,0.51111,0,180
1201,12,618.37,618.4,10,2,502,1,0,0.0333,0,1801.8,0,0,1,0,0.0333,0,1801.8,0,0,0,0,2,0,0.0333,0,3603.6,0,0,2,0,0.0333,0,3603.6
1201,12,620.13,620.23,10,2,503,1,0,0.1,0,600,0,0,0,0,0,0,0,0.12442,0.032342,0.12738,0.031998,2,0,0.1,0,1200,0,0,2,0,0.1,0,1200
1201,12,620.27,620.3,5,2,504,0,1,0,0.0333,0,1801.8,0,0,0,0,0,0,0,0,0,0,0,2,0,0.0333,0,3603.6,0,2,0,0.0333,0,3603.6
1201,12,620.3,620.53,10,2,505,1,0,0.2333,0,257.18,0,0,0,0,0,0,0,0.17107,0.036159,0.16844,0.034994,2,0,0.2333,0,514.36,0,0,2,0,0.2333,0,514.36
1201,12,620.53,620.6,5,2,506,0,1,0,0.0667,0,899.55,0,0,0,0,0,0,0.078271,0.033647,0.078271,0.033647,0,2,0,0.0667,0,1799.1,0,2,0,0.0667,0,1799.1
1201,12,620.6,620.7,15,2,507,0,1,0,0.1,0,600,0,0,0,0,0,0,0.13938,0.049413,0.14404,0.049754,0,2,0,0.1,0,1200,0.33333,1,0.033333,0.1,600,600
1201,12,620.73,620.93,15,2,508,0,1,0,0.2,0,300,0,0,0,0,0,0,0.16782,0.053098,0.16375,0.052901,0,2,0,0.2,0,600,0,1,0,0.2,0,300
1201,12,621,621.03,15,2,509,0,0,0,0,0,0,0,0,0,0,0,0,0.15188,0.053473,0.15188,0.053473,0,2,0,0.0333,0,3603.6,0,1,0,0.0333,0,1801.8
1201,12,621.03,621.1,5,2,510,0,0,0,0,0,0,0,0,0,0,0,0,0.11158,0.055249,0.11158,0.055249,0,2,0,0.0667,0,1799.1,0,1,0,0.0667,0,899.55
1201,12,621.13,621.27,10,2,511,0,0,0,0,0,0,0,0,0,0,0,0,0.13444,0.043289,0.13417,0.043414,2,0,0.1333,0,900.23,0,0,1.7497,0,0.11662,0,900.23
1201,12,621.6,621.83,15,2,512,0,0.85712,0,0.19997,0,257.18,0,0,0,0,0,0,0.10914,0.032005,0.11581,0.031197,0,1.1429,0,0.13332,0,514.36,1,1,0.2333,0.2333,257.18,257.18
1201,12,621.9,622.57,10,2,513,0.60006,0.049905,0.4,0.033267,90.009,90.009,0,0,0,0,0,0,0.169,0.038489,0.15816,0.037355,1.6001,0,0.5333,0,180.02,0,0,2,0,0.4444,0,270.03
1201,12,623.33,623.37,5,2,514,0,0.001001,0,3.3333e-05,0,1801.8,0,0.999,0,0.033267,0,1801.8,0.093438,0.035586,0.093438,0.035586,0,0.999,0,0.033267,0,1801.8,0,1,0,0.0333,0,1801.8
1201,12,629.17,629.23,12,2,515,0,0,0,0,0,0,0,0,0,0,0,0,0.06627,0.033242,0.06627,0.033242,0,0,0,0,0,0,0,2,0,0.0666,0,1801.8
1201,12,629.27,629.3,12,2,516,0,0,0,0,0,0,0,0,0,0,0,0,0,0,0,0,0,0,0,0,0,0,0,2,0,0.0333,0,3603.6
1201,12,632.97,633,15,2,517,0,1,0,0.0333,0,1801.8,0,0,0,0,0,0,0,0,0,0,0,0,0,0,0,0,0,2,0,0.0333,0,3603.6
1201,12,633.03,633.1,15,2,518,0,1,0,0.0667,0,899.55,0,0,0,0,0,0,0.146,0.031613,0.146,0.031613,0,0,0,0,0,0,0,2,0,0.0667,0,1799.1
1201,12,633.77,633.8,15,2,519,0,0,0,0,0,0,0,1,0,0.0333,0,1801.8,0,0,0,0,0,0,0,0,0,0,0,1,0,0.0333,0,1801.8
1201,12,633.8,633.87,3,2,520,0,0,0,0,0,0,0,1,0,0.0666,0,900.9,0.083079,0.027726,0.083079,0.027726,0,0,0,0,0,0,0,1,0,0.0666,0,900.9
1201,12,635.23,635.27,6,2,521,1,0,0.0333,0,1801.8,0,1,0,0.0333,0,1801.8,0,0.060365,0.02242,0.060365,0.02242,0,0,0,0,0,0,1,1,0.0333,0.0333,1801.8,1801.8
1202,12,102.57,103.43,10,1,1,0.23079,0.038426,0.2,0.0333,69.236,69.236,0,0.23075,0,0.19997,0,69.236,0.26207,0.040378,0.28194,0.041225,1,1,0.8666,0.8666,69.236,69.236,0,1,0,0.8666,0,69.236
1202,12,103.7,103.93,10,1,2,0,1,0,0.2333,0,257.18,0,0.57137,0,0.1333,0,257.18,0.19811,0.040704,0.20116,0.040559,1,1,0.2333,0.2333,257.18,257.18,0,1,0,0.2333,0,257.18
1202,12,104,104.43,10,1,3,0,1,0,0.4333,0,138.47,0,0.69228,0,0.14998,0,276.94,0.19953,0.044697,0.19201,0.043512,1,1,0.4333,0.4333,138.47,138.47,0,1,0,0.4333,0,138.47
1202,12,105.53,105.57,10,1,4,0,0,0,0,0,0,0,1,0,0.0333,0,1801.8,0.088675,0.029943,0.088675,0.029943,1,1,0.0333,0.0333,1801.8,1801.8,0,1,0,0.0333,0,1801.8
1202,12,109.8,111.37,23,1,5,0.23405,0.63828,0.36667,0.99993,38.3,38.3,0,0.93617,0,0.7333,0,76.599,0.20876,0.045055,0.21542,0.044991,0.78727,1,1.2333,1.5666,38.3,38.3,0,1,0,1.5666,0,38.3
1202,12,111.4,111.9,23,1,6,0,1,0,0.5,0,120,0,1,0,0.5,0,120,0.23954,0.052065,0.2396,0.051747,0,1,0,0.5,0,120,0,1,0,0.5,0,120
1202,12,111.93,112.43,23,1,7,0,1,0,0.5,0,120,0,1,0,0.5,0,120,0.20371,0.046299,0.19747,0.044616,0,1,0,0.5,0,120,0,0.99993,0,0.49997,0,120
1202,12,112.6,112.9,23,1,8,0,1,0,0.3,0,200,0,1,0,0.3,0,200,0.17533,0.045497,0.17589,0.045968,0,1,0,0.3,0,200,0,1,0,0.3,0,200
1202,12,112.93,113.77,23,1,9,0.039922,0.88008,0.033267,0.73337,72.003,72.003,0,1,0,0.8333,0,72.003,0.25395,0.062665,0.26698,0.0554,0,1.0399,0,0.43328,0,144.01,0,1,0,0.8333,0,72.003
1202,12,114,114.47,23,1,10,1,0,0.4666,0,128.59,0,0,1,0,0.4666,0,128.59,0.19737,0.063293,0.19574,0.063059,0,2,0,0.4666,0,257.18,0,1,0,0.4666,0,128.59
1202,12,126.47,126.5,23,1,11,0,1,0,0.0333,0,1801.8,0,1,0,0.0333,0,1801.8,0,0,0,0,0,0,0,0,0,0,0,1,0,0.0333,0,1801.8
1202,12,127.5,127.57,23,1,12,0,1,0,0.0666,0,900.9,0,1,0,0.0666,0,900.9,0.13523,0.032737,0.13523,0.032737,0,0,0,0,0,0,0,1,0,0.0666,0,900.9
1202,12,128.07,128.13,23,1,13,0,1,0,0.0666,0,900.9,0,1,0,0.0666,0,900.9,0.13918,0.034953,0.13918,0.034953,0,0,0,0,0,0,0,1,0,0.0666,0,900.9
1202,12,128.17,128.2,23,1,14,0,1,0,0.0333,0,1801.8,0,1,0,0.0333,0,1801.8,0,0,0,0,0,0,0,0,0,0,0,1,0,0.0333,0,1801.8
1202,12,130.53,131.33,23,1,15,0,1,0,0.8,0,75,0,0.12504,0,0.10003,0,75,0.11525,0.034089,0.11556,0.034185,0,0,0,0,0,0,0,1,0,0.8,0,75
1202,12,132.07,132.2,23,1,16,1,0,0.1333,0,450.11,0,0,1,0,0.1333,0,450.11,0.14055,0.04198,0.14038,0.041946,0,0,0,0,0,0,0,1,0,0.1333,0,450.11
1202,12,133.17,133.27,23,1,17,1,0,0.0999,0,600.6,0,0,0,0,0,0,0,0.11234,0.048179,0.11234,0.048179,0,0,0,0,0,0,0,1,0,0.0999,0,600.6
1202,12,133.53,133.63,23,1,18,1,0,0.1,0,600,0,0,0,0,0,0,0,0.12954,0.04419,0.12919,0.044196,0,0,0,0,0,0,0,1,0,0.1,0,600
1202,12,133.67,133.93,23,1,19,0.24994,0.75006,0.066633,0.19997,225.06,225.06,0,0,0,0,0,0,0.11459,0.039965,0.11296,0.039245,0,0,0,0,0,0,0,1,0,0.2666,0,225.06
1202,12,134.27,134.33,23,1,20,0,1,0,0.0666,0,900.9,0,0,0,0,0,0,0.13053,0.045201,0.13053,0.045201,0,0,0,0,0,0,0,1,0,0.0666,0,900.9
1202,12,134.53,134.57,23,1,21,0,1,0,0.0333,0,1801.8,0,0,0,0,0,0,0.13929,0.045102,0.13929,0.045102,0,0,0,0,0,0,0,1,0,0.0333,0,1801.8
1202,12,138,138.27,23,1,22,0,1,0,0.2666,0,225.06,0,1,0,0.2666,0,225.06,0.11957,0.03733,0.12095,0.035781,0,1,0,0.2666,0,225.06,0,1,0,0.2666,0,225.06
1202,12,147.17,147.63,20,1,23,1,0,0.4666,0,128.59,0,0,1,0,0.4666,0,128.59,0.39147,0.085968,0.38969,0.084381,2,0,0.4666,0,257.18,0,0,1,0,0.4666,0,128.59
1202,12,147.87,148.13,20,1,24,1,0,0.2666,0,225.06,0,0,1,0,0.2666,0,225.06,0.4053,0.061197,0.40471,0.063581,2,0,0.2666,0,450.11,0,0,1,0,0.2666,0,225.06
1202,12,148.17,148.83,20,1,25,1,0,0.6666,0,90.009,0,0,1,0,0.6666,0,90.009,0.35687,0.066943,0.35747,0.075284,2,0,0.6666,0,180.02,0,0,1,0,0.6666,0,90.009
1202,12,149.13,150.7,20,1,26,1,0,1.5667,0,38.297,0,0,0.65958,0,1.0334,0,38.297,0.384,0.07305,0.38044,0.071398,2,0,1.5667,0,76.594,0,0,0.99998,0,1.5667,0,38.297
1202,12,151.17,152.07,20,1,27,0,0.92592,0,0.41662,0,133.35,0,0.74082,0,0.33333,0,133.35,0.22439,0.079899,0.21751,0.080235,2,0,0.8999,0,133.35,0,0,1,0,0.8999,0,66.674
1202,12,152.53,154.63,20,1,28,0.52381,0.36508,1.1,0.38333,28.571,57.143,0,0.80952,0,0.56667,0,85.714,0.36475,0.056592,0.40833,0.054358,2,0,2.1,0,57.143,0,0,0.99998,0,2.1,0,28.571
1202,12,154.67,154.87,20,1,29,0,1,0,0.1999,0,300.15,0,1,0,0.1999,0,300.15,0.14691,0.093667,0.14717,0.093576,2,0,0.1999,0,600.3,0,0,1,0,0.1999,0,300.15
1202,12,154.9,155.5,20,1,30,0,0.94444,0,0.56667,0,100,0,0.61111,0,0.36667,0,100,0.16646,0.090056,0.16009,0.091202,2,0,0.6,0,200,0,0,1,0,0.6,0,100
1202,12,155.53,156.1,20,1,31,0.41174,0.41174,0.23333,0.23333,105.88,105.88,0,0.82348,0,0.23333,0,211.75,0.31495,0.065282,0.30833,0.06916,2,0,0.5667,0,211.75,0,0,0.99994,0,0.56667,0,105.88
1202,12,156.13,156.57,20,1,32,1,0,0.4333,0,138.47,0,0.30756,0.30779,0.13327,0.13337,138.47,138.47,0.46549,0.031448,0.47101,0.030035,2,0,0.4333,0,276.94,0,0,0.99992,0,0.43327,0,138.47
1202,12,188.6,188.73,3,1,33,0,1,0,0.1333,0,450.11,0,1,0,0.1333,0,450.11,0.11206,0.04474,0.11287,0.04452,0,0,0,0,0,0,0,1,0,0.1333,0,450.11
1202,12,189.43,189.6,3,1,34,0,1,0,0.1667,0,359.93,0,1,0,0.1667,0,359.93,0.10102,0.047281,0.10093,0.047052,0,0,0,0,0,0,0,1,0,0.1667,0,359.93
1202,12,189.63,189.67,3,1,35,0,1,0,0.0333,0,1801.8,0,0.001001,0,3.3333e-05,0,1801.8,0.10551,0.049968,0.10551,0.049968,0,0,0,0,0,0,0,1,0,0.0333,0,1801.8
1202,12,190.33,190.5,3,1,36,0,1,0,0.1667,0,359.93,0,1,0,0.1667,0,359.93,0.14069,0.047399,0.14049,0.047461,0,0.59988,0,0.1,0,359.93,0,1,0,0.1667,0,359.93
1202,12,190.5,190.53,21,1,37,0,1,0,0.0333,0,1801.8,0,1,0,0.0333,0,1801.8,0.19094,0.058539,0.19094,0.058539,0,1,0,0.0333,0,1801.8,0,1,0,0.0333,0,1801.8
1202,12,190.53,190.63,3,1,38,0,1,0,0.1,0,600,0,1,0,0.1,0,600,0.13289,0.049637,0.13315,0.04828,0,1,0,0.1,0,600,0,1,0,0.1,0,600
1202,12,191.3,192.63,14,1,39,0.37501,0.30001,0.5,0.4,45.001,45.001,0,0.52499,0,0.34998,0,90.002,0.25882,0.065529,0.2447,0.061913,1.775,0,1.1833,0,90.002,0,0,1,0,1.3333,0,45.001
1202,12,192.67,192.8,14,1,40,0,0,0,0,0,0,0,1,0,0.1333,0,450.11,0.15124,0.046896,0.15034,0.047209,1,0,0.1333,0,450.11,0,0,1,0,0.1333,0,450.11
1202,12,192.9,193.07,20,1,41,0,0,0,0,0,0,0,1,0,0.1666,0,360.14,0.094975,0.043,0.095324,0.040965,0,1,0,0.1666,0,360.14,0,1,0,0.1666,0,360.14
1202,12,193.33,193.43,10,1,42,0,0,0,0,0,0,0,1,0,0.1,0,600,0.08909,0.047702,0.08928,0.04769,0,1,0,0.1,0,600,0,1,0,0.1,0,600
1202,12,193.47,193.77,10,1,43,0,0,0,0,0,0,0,1,0,0.2999,0,200.07,0.10321,0.032155,0.10402,0.030826,0,1,0,0.2999,0,200.07,0,1,0,0.2999,0,200.07
1202,12,193.77,193.8,14,1,44,0,0,0,0,0,0,0,1,0,0.0333,0,1801.8,0,0,0,0,1,0,0.0333,0,1801.8,0,0,1,0,0.0333,0,1801.8
1202,12,211.63,211.97,10,1,45,0,1,0,0.3333,0,180.02,0,1,0,0.3333,0,180.02,0.10371,0.031094,0.1037,0.031402,0,1,0,0.3333,0,180.02,0,0.9999,0,0.33327,0,180.02
1202,12,212.1,212.33,10,1,46,0,1,0,0.2333,0,257.18,0,1,0,0.2333,0,257.18,0.11461,0.041341,0.11429,0.040655,0,1,0,0.2333,0,257.18,0,1,0,0.2333,0,257.18
1202,12,213.83,213.87,10,1,47,0,0,0,0,0,0,0,1,0,0.0333,0,1801.8,0.11134,0.046589,0.11134,0.046589,0,1,0,0.0333,0,1801.8,0,1,0,0.0333,0,1801.8
1202,12,213.97,214.1,10,1,48,0,1,0,0.1333,0,450.11,0,1,0,0.1333,0,450.11,0.14579,0.049636,0.14634,0.04935,0,1,0,0.1333,0,450.11,0,1,0,0.1333,0,450.11
1202,12,214.17,214.53,10,1,49,0,1,0,0.3666,0,163.67,0,1,0,0.3666,0,163.67,0.15292,0.050154,0.15378,0.047967,0,1,0,0.3666,0,163.67,0,1,0,0.3666,0,163.67
1202,12,215.17,215.23,10,1,50,0,1,0,0.0666,0,900.9,0,1,0,0.0666,0,900.9,0.1133,0.04651,0.1133,0.04651,0,1,0,0.0666,0,900.9,0,1,0,0.0666,0,900.9
1202,12,215.6,215.83,10,1,51,0,1,0,0.2333,0,257.18,0,1,0,0.2333,0,257.18,0.12416,0.053749,0.12385,0.053763,0,1,0,0.2333,0,257.18,0,1,0,0.2333,0,257.18
1202,12,215.93,216.8,10,1,52,0,1,0,0.8667,0,69.228,0,1,0,0.8667,0,69.228,0.13758,0.052565,0.13547,0.052108,0,0.57694,0,0.25002,0,138.46,0,1,0,0.8667,0,69.228
1202,12,263.03,263.27,21,1,53,0,0.99986,0,0.23327,0,257.18,0,0.85698,0,0.19993,0,257.18,0.22843,0.06647,0.23863,0.06444,1.857,0,0.21662,0,514.36,0,0,1,0,0.2333,0,257.18
1202,12,264.2,264.37,21,1,54,0,0.79992,0,0.13327,0,360.14,0,0.60024,0,0.1,0,360.14,0.31116,0.059299,0.31461,0.059493,1,0,0.1666,0,360.14,0,0,1,0,0.1666,0,360.14
1202,12,264.37,265.23,18,1,55,0.80772,0.11536,0.69997,0.099967,69.236,69.236,0,0.57693,0,0.24998,0,138.47,0.13352,0.039267,0.13179,0.039139,0,1,0,0.8666,0,69.236,0,1,0,0.8666,0,69.236
1202,12,265.27,265.37,21,1,56,0,1,0,0.0999,0,600.6,0,1,0,0.0999,0,600.6,0.1561,0.054962,0.1561,0.054962,1,0,0.0999,0,600.6,0,0,1,0,0.0999,0,600.6
1202,12,265.73,266.2,21,1,57,0,1,0,0.4667,0,128.56,0,0.92858,0,0.43337,0,128.56,0.16871,0.056186,0.16147,0.055439,1,0,0.4667,0,128.56,0,0,0.99993,0,0.46667,0,128.56
1202,12,266.27,267.37,18,1,58,0,0.87878,0,0.48328,0,109.1,0,0,0,0,0,0,0.18733,0.066453,0.19131,0.06569,0,1.3334,0,0.73328,0,109.1,0,1,0,1.0999,0,54.55
1202,12,267.53,267.8,22,1,59,0,1,0,0.2667,0,224.97,0,0,0,0,0,0,0.13684,0.057168,0.13773,0.057081,1.25,0,0.16668,0,449.94,0,0,1,0,0.2667,0,224.97
1202,12,268.17,268.47,22,1,60,0.77781,0,0.23327,0,200.07,0,0,0,0,0,0,0,0.15044,0.061778,0.1517,0.062533,2,0,0.2999,0,400.13,0,0,1,0,0.2999,0,200.07
1202,12,268.53,270.27,22,1,61,0.82696,0.11535,1.4334,0.19993,34.616,34.616,0.21154,0,0.36667,0,34.616,0,0.1588,0.057698,0.15827,0.054803,2,0,1.7333,0,69.232,0,0,1,0,1.7333,0,34.616
1202,12,270.4,270.6,22,1,62,0,1,0,0.2,0,300,0,0.66667,0,0.13333,0,300,0.14973,0.063902,0.15001,0.063407,2,0,0.2,0,600,0,0,1,0,0.2,0,300
1202,12,271.83,272.2,18,1,63,0,1,0,0.3667,0,163.62,0,0.99991,0,0.36667,0,163.62,0.15502,0.055259,0.15837,0.056199,0,1,0,0.3667,0,163.62,0,1,0,0.3667,0,163.62
1202,12,272.33,272.37,18,1,64,0,1,0,0.0333,0,1801.8,0,1,0,0.0333,0,1801.8,0.13807,0.071219,0.13807,0.071219,0,1,0,0.0333,0,1801.8,0,1,0,0.0333,0,1801.8
1202,12,272.8,273.2,3,1,65,1,0,0.4,0,150,0,0,1,0,0.4,0,150,0.18738,0.077712,0.18675,0.075784,0,2,0,0.4,0,300,0,1,0,0.4,0,150
1202,12,274.8,276.2,18,1,66,0,0,0,0,0,0,0.19048,0.59524,0.26667,0.41667,42.857,85.714,0.1344,0.04419,0.13513,0.044371,0,1.8571,0,1.3,0,85.714,0,1,0,1.4,0,42.857
1202,12,277.97,278.03,18,1,67,0,0,0,0,0,0,0,1,0,0.0666,0,900.9,0.10629,0.048571,0.10629,0.048571,0,1,0,0.0666,0,900.9,0,1,0,0.0666,0,900.9
1202,12,279.27,279.37,24,1,68,0,1,0,0.0999,0,600.6,0,1,0,0.0999,0,600.6,0.093168,0.039368,0.093168,0.039368,1,0,0.0999,0,600.6,0,0,1,0,0.0999,0,600.6
1202,12,280.63,280.67,21,1,69,0,1,0,0.0333,0,1801.8,0,1,0,0.0333,0,1801.8,0.15074,0.059654,0.15074,0.059654,0,2,0,0.0333,0,3603.6,0,1,0,0.0333,0,1801.8
1202,12,285.07,285.33,18,1,70,0,0,0,0,0,0,0,1,0,0.2666,0,225.06,0.081272,0.044579,0.080862,0.043194,0,1,0,0.2666,0,225.06,0,1,0,0.2666,0,225.06
1202,12,291.93,293.1,14,1,71,1,0,1.1667,0,51.427,0,0,0.48573,0,0.1889,0,154.28,0.1453,0.055782,0.14685,0.055275,0,2,0,1.1667,0,102.85,0,1.0571,0,0.61667,0,102.85
1202,12,293.17,293.63,17,1,72,0,1,0,0.2333,0,257.18,1,0,0.4666,0,128.59,0,0.10244,0.046753,0.097969,0.046617,1,1,0.4666,0.4666,128.59,128.59,0,1.2857,0,0.29995,0,257.18
1202,12,293.9,294.43,17,1,73,0,0,0,0,0,0,0.12501,0.43753,0.066667,0.23333,112.51,112.51,0.10587,0.04767,0.10657,0.047268,1,0.25002,0.5333,0.13333,112.51,112.51,0,1,0,0.5333,0,112.51
1202,12,294.77,295.23,17,1,74,0,1,0,0.4666,0,128.59,0,0.64281,0,0.14997,0,257.18,0.097254,0.049628,0.096829,0.05014,1,0,0.4666,0,128.59,0,0,1,0,0.4666,0,128.59
1202,12,295.27,295.33,17,1,75,0,1,0,0.0666,0,900.9,0,1,0,0.0666,0,900.9,0.092477,0.045008,0.092477,0.045008,1,0,0.0666,0,900.9,0,0,1,0,0.0666,0,900.9
1202,12,330.1,330.37,18,1,76,0,0.87522,0,0.23333,0,225.06,0,1,0,0.2666,0,225.06,0.13254,0.047103,0.13235,0.047697,0,1,0,0.2666,0,225.06,0,1,0,0.2666,0,225.06
1202,12,330.93,331.07,17,1,77,0,0,0,0,0,0,0,0,0,0,0,0,0.086493,0.03165,0.086528,0.031728,0,1,0,0.1333,0,450.11,0,1,0,0.1333,0,450.11
1202,12,373.27,373.47,23,1,78,0,1,0,0.1999,0,300.15,0,1,0,0.1999,0,300.15,0.1347,0.045615,0.13406,0.045712,0,0.83342,0,0.1666,0,300.15,0,1,0,0.1999,0,300.15
1202,12,373.7,373.77,23,1,79,0,1,0,0.0666,0,900.9,0,1,0,0.0666,0,900.9,0.12628,0.041314,0.12628,0.041314,0,1,0,0.0666,0,900.9,0,1,0,0.0666,0,900.9
1202,12,380.3,380.57,2,1,80,1,0,0.2666,0,225.06,0,1,0,0.2666,0,225.06,0,0.35903,0.042381,0.3643,0.043155,1,1,0.2666,0.2666,225.06,225.06,0,1,0,0.2666,0,225.06
1202,12,380.6,380.93,2,1,81,1,0,0.3333,0,180.02,0,0,0.59996,0,0.19997,180.02,180.02,0.18894,0.035846,0.20363,0.035612,1,1,0.3333,0.3333,180.02,180.02,0,1,0,0.3333,0,180.02
1202,12,381.3,381.47,17,1,82,0,1,0,0.1666,0,360.14,0.40016,0,0.066667,0,360.14,0,0.090552,0.038844,0.090729,0.041022,0,2,0,0.1666,0,720.29,0,1,0,0.1666,0,360.14
1202,12,381.63,382.77,2,1,83,2.9413e-05,0.64708,3.3333e-05,0.73333,52.943,52.943,0,0.26471,0,0.3,0,52.943,0.22663,0.053876,0.20904,0.052641,1,1,1.1333,1.1333,52.943,52.943,0,0.99997,0,1.1333,0,52.943
1202,12,382.83,383.2,9,1,84,0,0,0,0,0,0,0,0.3636,0,0.13333,0,163.62,0.18476,0.13453,0.18142,0.13875,1,1,0.3667,0.3667,163.62,163.62,0,1,0,0.3667,0,163.62
1202,12,383.3,383.37,2,1,85,0,0,0,0,0,0,0,1,0,0.0666,0,900.9,0.17198,0.11362,0.17198,0.11362,1,1,0.0666,0.0666,900.9,900.9,0,1,0,0.0666,0,900.9
1202,12,383.43,383.47,9,1,86,0,0,0,0,0,0,0,1,0,0.0333,0,1801.8,0.16564,0.075991,0.16564,0.075991,1,0,0.0333,0,1801.8,0,0,1,0,0.0333,0,1801.8
1202,12,383.47,384.03,2,1,87,0.70591,0,0.39997,0,105.89,0,0,0.94123,0,0.5333,0,105.89,0.13037,0.029139,0.13297,0.030095,0,1.4706,0,0.41662,0,211.79,0,1,0,0.5666,0,105.89
1202,12,384.03,384.07,9,1,88,0,1,0,0.0333,0,1801.8,0,0,0,0,0,0,0.14839,0.069987,0.14839,0.069987,2,0,0.0333,0,3603.6,0,0,1,0,0.0333,0,1801.8
1202,12,384.47,385,2,1,89,1,0,0.5333,0,112.51,0,0.81255,0,0.43333,0,112.51,0,0.15585,0.021969,0.15937,0.022066,0,2,0,0.5333,0,225.01,0,1,0,0.5333,0,112.51
1202,12,385.2,385.3,2,1,90,1,0,0.1,0,600,0,0,0,0,0,0,0,0.18252,0,0.18595,0,0.33333,1.3333,0.033333,0.066667,600,1200,0,1,0,0.1,0,600
1202,12,386.57,387.47,2,1,91,1,0,0.8999,0,66.674,0,0,0.37037,0,0.3333,0,66.674,0.15294,0.051727,0.14991,0.038071,1,1,0.8999,0.8999,66.674,66.674,0,1,0,0.8999,0,66.674
1202,12,393.37,394.13,2,1,92,0,0.1304,0,0.099967,0,78.268,0,0.86955,0,0.2222,0,234.8,0.11907,0.040116,0.11879,0.040161,0,0,0,0,0,0,0,1,0,0.7666,0,78.268
1202,12,394.27,396.33,2,1,93,0,0.11291,0,0.23333,0,29.033,0,0.75806,0,0.5222,0,87.1,0.12609,0.04171,0.12308,0.04146,0,0.6613,0,1.3666,0,29.033,0,1,0,2.0666,0,29.033
1202,12,396.9,397.47,2,1,94,0,1,0,0.5666,0,105.89,0,1,0,0.5666,0,105.89,0.11035,0.043738,0.11021,0.043069,0,1,0,0.5666,0,105.89,0,1,0,0.5666,0,105.89
1202,12,397.87,398.07,2,1,95,0,1,0,0.1999,0,300.15,0,1,0,0.1999,0,300.15,0.11194,0.043966,0.11173,0.043817,0,0.33333,0,0.066633,0,300.15,0,1,0,0.1999,0,300.15
1202,12,398.1,398.13,2,1,96,0,1,0,0.0333,0,1801.8,0,1,0,0.0333,0,1801.8,0.11114,0.043796,0.11114,0.043796,0,0,0,0,0,0,0,1,0,0.0333,0,1801.8
1202,12,418.1,418.77,14,1,97,0,0.65007,0,0.43333,0,90.009,0,1,0,0.6666,0,90.009,0.17109,0.047757,0.17229,0.046852,1,0,0.6666,0,90.009,0,0,1,0,0.6666,0,90.009
1202,12,420,420.6,9,1,98,0,0,0,0,0,0,0,1,0,0.6,0,100,0.086624,0.018954,0.088021,0.019334,0,2,0,0.6,0,200,0,1,0,0.6,0,100
1202,12,458.7,458.73,9,1,99,0,0,0,0,0,0,0,0,0,0,0,0,0.093223,0,0.093223,0,0,1,0,0.0333,0,1801.8,0,0,0,0,0,0
1202,12,458.73,459.8,14,1,100,0,0,0,0,0,0,0,0,0,0,0,0,0.12836,0.050494,0.12381,0.033363,1,0,1.0667,0,56.248,0,0,0,0,0,0,0
1202,12,460.13,460.3,14,1,101,0,0,0,0,0,0,0,0,0,0,0,0,0.093839,0.032185,0.093678,0.030856,1,0,0.1667,0,359.93,0,0,0,0,0,0,0
1202,12,460.57,460.67,9,1,102,0,0,0,0,0,0,0,0,0,0,0,0,0.078516,0.027575,0.078516,0.027575,0,1,0,0.0999,0,600.6,0,0,0,0,0,0
1202,12,465.07,465.37,20,1,103,0.77793,0,0.2333,0,200.07,0,0,1,0,0.2999,0,200.07,0.13028,0.051772,0.12986,0.052043,0,0,0,0,0,0,0,1,0,0.2999,0,200.07
1202,12,478.9,478.93,9,1,104,0,1,0,0.0333,0,1801.8,0,0,0,0,0,0,0.09555,0.031236,0.09555,0.031236,0,1,0,0.0333,0,1801.8,0,1,0,0.0333,0,1801.8
1202,12,479.23,479.37,9,1,105,0,0,0,0,0,0,0,0,0,0,0,0,0.072915,0.030483,0.073145,0.030512,0,1,0,0.1333,0,450.11,0,1,0,0.1333,0,450.11
1202,12,482.2,482.37,9,1,106,0,0,0,0,0,0,0,0,0,0,0,0,0.057727,0.023601,0.058061,0.023039,0,1,0,0.1666,0,360.14,0,1.7999,0,0.14993,0,720.29
1202,12,483,483.07,9,1,107,0,0,0,0,0,0,0,0,0,0,0,0,0.065101,0.023978,0.065101,0.023978,0,1,0,0.0666,0,900.9,0,1,0,0.0666,0,900.9
1202,12,521.5,521.6,16,1,108,0,0,0,0,0,0,0,0,0,0,0,0,0.15915,0.054992,0.15738,0.053352,0,0,0,0,0,0,0,1,0,0.1,0,600
1202,12,522.53,522.97,23,1,109,0,1,0,0.4333,0,138.47,0,0.8463,0,0.3667,0,138.47,0.19578,0.066868,0.19406,0.066708,0,0,0,0,0,0,0,1,0,0.4333,0,138.47
1202,12,523.07,523.97,23,1,110,0.55554,0.40742,0.49993,0.36663,66.674,66.674,0,0.37041,0,0.33333,0,66.674,0.31342,0.081374,0.27086,0.084395,0,0.74075,0,0.6666,0,66.674,0,1,0,0.8999,0,66.674
1202,12,524.2,524.3,23,1,111,0,1,0,0.1,0,600,0,0,0,0,0,0,0.34689,0.061975,0.34807,0.063573,0,1,0,0.1,0,600,0,1,0,0.1,0,600
1202,12,524.33,526.2,15,1,112,1,0,1.8667,0,32.142,0,0.25,0,0.23333,0,64.285,0,0.4951,0.060855,0.49838,0.057556,1,0,1.8667,0,32.142,0,0,1,0,1.8667,0,32.142
1202,12,538.1,539.73,15,1,113,0.67348,0,1.1,0,36.735,0,0,0.87757,0,1.4333,0,36.735,0.23837,0.040851,0.24446,0.040548,2,0,1.6333,0,73.471,0,0,1.2245,0,0.99997,0,73.471
1202,12,540.5,541.3,15,1,114,0,1,0,0.8,0,75,0.20833,0,0.16667,0,75,0,0.16842,0.056415,0.17951,0.056246,1.9583,0,0.78333,0,150,0,0,1,0,0.8,0,75
1202,12,542.13,542.17,15,1,115,0,1,0,0.0333,0,1801.8,1,0,0.0333,0,1801.8,0,0.14875,0.057692,0.14875,0.057692,1,1,0.0333,0.0333,1801.8,1801.8,0,1,0,0.0333,0,1801.8
1202,12,554.83,555.03,15,1,116,0,0,0,0,0,0,0,0,0,0,0,0,0.094103,0.037503,0.09388,0.037442,1,1,0.2,0.2,300,300,0,0.99983,0,0.19997,0,300
1202,12,555.4,556.83,15,1,117,0.46513,0,0.66667,0,41.861,0,0.6279,0.27908,0.89997,0.4,41.861,41.861,0.52913,0.029894,0.58961,0.02593,1.2093,0.13954,0.86665,0.2,83.723,41.861,0.069746,1.5349,0.099967,1.1,41.861,83.723
1202,12,558.13,561.2,15,1,118,0,0.30434,0,0.93333,0,19.565,0.3587,0.63043,1.1,1.9333,19.565,19.565,0.41365,0.066591,0.4032,0.056493,0,0,0,0,0,0,1,1,3.0667,3.0667,19.565,19.565
1202,12,561.3,561.33,15,1,119,0,1,0,0.0333,0,1801.8,0,1,0,0.0333,0,1801.8,0.26635,0.01092,0.26635,0.01092,0,0,0,0,0,0,1,1,0.0333,0.0333,1801.8,1801.8
1202,12,561.4,562.03,15,1,120,0,1,0,0.6333,0,94.742,0,1,0,0.6333,0,94.742,0.31577,0.121,0.30558,0.11535,0,0,0,0,0,0,1,1,0.6333,0.6333,94.742,94.742
1202,12,562.03,562.73,1,1,121,1,0,0.7,0,85.714,0,1,0,0.7,0,85.714,0,0.22303,0.011252,0.20842,0.011285,0,0,0,0,0,0,1,1,0.7,0.7,85.714,85.714
1202,12,562.73,563.13,15,1,122,0,1,0,0.4,0,150,0,1,0,0.4,0,150,0.35563,0.23937,0.36441,0.22258,0,0,0,0,0,0,1,1,0.4,0.4,150,150
1202,12,563.2,563.43,1,1,123,0.28576,0,0.066667,0,257.18,0,0.28576,0.71424,0.066667,0.16663,257.18,257.18,0.38041,0.34885,0.3752,0.33319,0,0,0,0,0,0,1,1,0.2333,0.2333,257.18,257.18
1202,12,563.57,565.17,1,1,124,0,0,0,0,0,0,0,1,0,1.5999,0,37.502,0.19914,0.01363,0.19262,0.013662,0,0,0,0,0,0,1,1,1.5999,1.5999,37.502,37.502
1202,12,565.17,565.23,15,1,125,0,0,0,0,0,0,1,0,0.0666,0,900.9,0,0.2342,0.071257,0.2342,0.071257,0,0,0,0,0,0,1,1,0.0666,0.0666,900.9,900.9
1202,12,565.23,565.83,1,1,126,0.72217,0,0.4333,0,100,0,0,1,0,0.6,0,100,0.17039,0.019062,0.17237,0.018218,0,0,0,0,0,0,1,1,0.6,0.6,100,100
1202,12,565.83,566,15,1,127,0,1,0,0.1667,0,359.93,1,0,0.1667,0,359.93,0,0.33284,0.04699,0.31139,0.046019,0,0,0,0,0,0,1,1,0.1667,0.1667,359.93,359.93
1202,12,566,566.5,1,1,128,1,0,0.5,0,120,0,0,1,0,0.5,0,120,0.10872,0.030765,0.10532,0.031635,0,0,0,0,0,0,1,1,0.5,0.5,120,120
1202,12,566.5,567.9,15,1,129,0,1,0,1.4,0,42.857,0.57143,0.071429,0.8,0.1,42.857,42.857,0.2438,0.049567,0.22715,0.045971,0.2619,0,0.36667,0,42.857,0,0.095238,1,0.13333,1.4,42.857,42.857
1202,12,568.3,570.13,15,1,130,0,1,0,1.8333,0,32.728,0.58183,0.12728,1.0667,0.23333,32.728,32.728,0.35902,0.063108,0.33727,0.06298,2,0,1.8333,0,65.456,0,0,1,0,1.8333,0,32.728
1202,12,570.27,570.67,15,1,131,0,1,0,0.3999,0,150.04,0,0,0,0,0,0,0.347,0.06979,0.34736,0.066231,1.8335,0,0.3666,0,300.08,0,0,1,0,0.3999,0,150.04
1203,12,64.367,64.433,7,1,1,0,0,0,0,0,0,0,1,0,0.0666,0,900.9,0.11065,0.044124,0.11065,0.044124,0,0,0,0,0,0,0,1,0,0.0666,0,900.9
1203,12,65.333,65.367,23,1,2,0,1,0,0.0333,0,1801.8,0,1,0,0.0333,0,1801.8,0.10761,0.051348,0.10761,0.051348,0,0,0,0,0,0,0,1,0,0.0333,0,1801.8
1203,12,65.967,66.067,23,1,3,0,1,0,0.0999,0,600.6,1,0,0.0999,0,600.6,0,0.093501,0.036169,0.093501,0.036169,0,0,0,0,0,0,0,1,0,0.0999,0,600.6
1203,12,66.8,67.1,23,1,4,0,1,0,0.3,0,200,0,0.11111,0,0.033333,0,200,0.11667,0.03174,0.11471,0.031443,0,0,0,0,0,0,0,1,0,0.3,0,200
1203,12,67.633,68.833,23,1,5,0.41669,0.55553,0.50003,0.66663,50,50,1,0,1.2,0,50,0,0.16716,0.043841,0.15833,0.045169,0,0,0,0,0,0,0,1,0,1.2,0,50
1203,12,70.367,71.5,23,1,6,0,0.61764,0,0.34998,0,105.89,0.70587,0,0.79997,0,52.943,0,0.14016,0.039816,0.13812,0.038336,0,0,0,0,0,0,0,1,0,1.1333,0,52.943
1203,12,72.2,72.367,7,1,7,0,1,0,0.1666,0,360.14,0,1,0,0.1666,0,360.14,0.1049,0.048824,0.10674,0.049495,0,1,0,0.1666,0,360.14,0,1,0,0.1666,0,360.14
1203,12,72.5,72.533,21,1,8,0,1,0,0.0333,0,1801.8,0,0,0,0,0,0,0.13203,0.060429,0.13203,0.060429,0,1,0,0.0333,0,1801.8,0,1,0,0.0333,0,1801.8
1203,12,72.633,72.7,7,1,9,0,1,0,0.0667,0,899.55,0,0,0,0,0,0,0.11037,0.04863,0.11037,0.04863,0,1,0,0.0667,0,899.55,0,1,0,0.0667,0,899.55
1203,12,72.767,72.933,23,1,10,0,1,0,0.1666,0,360.14,0,0,0,0,0,0,0.11286,0.052208,0.11318,0.050691,0,1,0,0.1666,0,360.14,0,1,0,0.1666,0,360.14
1203,12,73.667,74.667,7,1,11,0,0.83342,0,0.83333,0,60.006,0,0.3333,0,0.33327,0,60.006,0.096895,0.040875,0.096314,0.040642,0,0.56662,0,0.28328,0,120.01,0,1,0,0.9999,0,60.006
1203,12,75.567,75.733,21,1,12,0,1,0,0.1666,0,360.14,0,0,0,0,0,0,0.26016,0.039527,0.2646,0.039829,0,1,0,0.1666,0,360.14,0,1,0,0.1666,0,360.14
1203,12,76.7,77,15,1,13,1,0,0.3,0,200,0,0,0,0,0,0,0,0.077172,0.030464,0.076293,0.030697,0,1,0,0.3,0,200,0,1,0,0.3,0,200
1203,12,77.633,78,15,1,14,1,0,0.3667,0,163.62,0,0,0,0,0,0,0,0.085904,0.02706,0.08651,0.026773,0,1,0,0.3667,0,163.62,0,1,0,0.3667,0,163.62
1203,12,80.533,80.633,23,1,15,0,1,0,0.1,0,600,0,0.667,0,0.0667,0,600,0.079004,0.028922,0.078906,0.028875,0,1,0,0.1,0,600,0,1,0,0.1,0,600
1203,12,81.767,81.867,23,1,16,0,1,0,0.0999,0,600.6,0,1,0,0.0999,0,600.6,0.08523,0.035997,0.08523,0.035997,0,1,0,0.0999,0,600.6,0,1,0,0.0999,0,600.6
1203,12,81.967,82.167,23,1,17,0,1,0,0.1999,0,300.15,0,1,0,0.1999,0,300.15,0.087253,0.034548,0.0875,0.035082,0,1,0,0.1999,0,300.15,0,1,0,0.1999,0,300.15
1203,12,82.2,82.4,23,1,18,0,0.83333,0,0.16667,0,300,0,1,0,0.2,0,300,0.085771,0.030913,0.086729,0.031104,0,1,0,0.2,0,300,0,1,0,0.2,0,300
1203,12,86.633,86.733,2,1,19,0,1,0,0.1,0,600,0,0,0,0,0,0,0.06014,0.023959,0.060417,0.023914,0,1,0,0.1,0,600,0,1,0,0.1,0,600
1203,12,92.333,92.4,15,1,20,0,1,0,0.0667,0,899.55,0,0,0,0,0,0,0.069178,0.021458,0.069178,0.021458,0,1,0,0.0667,0,899.55,0,1,0,0.0667,0,899.55
1203,12,94.1,101.2,23,1,21,0,0.79343,0,1.8778,0,25.352,0,0.74648,0,5.3,0,8.4507,0.21279,0.049435,0.20787,0.050053,0,1,0,7.1,0,8.4507,0,1,0,7.1,0,8.4507
1203,12,122.13,130.37,21,1,22,0.46559,0.50607,3.8334,1.3889,7.2875,21.862,0.060729,0.58704,0.25,1.2083,14.575,29.15,0.21744,0.02565,0.2228,0.0253,1.4777,0.16599,3.0417,0.68333,29.15,14.575,0,1,0,8.2333,0,7.2875
1203,12,130.73,131.13,21,1,23,0,1,0,0.4,0,150,0,0.83333,0,0.16667,0,300,0.12191,0.031763,0.12184,0.030706,1,1,0.4,0.4,150,150,0,1,0,0.4,0,150
1203,12,131.57,132.07,21,1,24,0,1,0,0.4999,0,120.02,0,0.33333,0,0.16663,0,120.02,0.091136,0.022976,0.09116,0.02285,1,1,0.4999,0.4999,120.02,120.02,0,1,0,0.4999,0,120.02
1203,12,132.47,132.73,23,1,25,0,1,0,0.2666,0,225.06,0,0,0,0,0,0,0.10199,0.025974,0.10389,0.025783,0,1.8751,0,0.24995,0,450.11,0,1,0,0.2666,0,225.06
1203,12,133.17,133.37,23,1,26,0,1,0,0.1999,0,300.15,0,0,0,0,0,0,0.089387,0.03073,0.089149,0.030382,0,1.6668,0,0.1666,0,600.3,0,1,0,0.1999,0,300.15
1203,12,134.97,135.17,23,1,27,0,1,0,0.1999,0,300.15,0,1,0,0.1999,0,300.15,0.075347,0.025748,0.075347,0.02564,0,2,0,0.1999,0,600.3,0,2,0,0.1999,0,600.3
1203,12,135.47,135.5,23,1,28,0,1,0,0.0333,0,1801.8,0,1,0,0.0333,0,1801.8,0,0,0,0,0,2,0,0.0333,0,3603.6,0,2,0,0.0333,0,3603.6
1203,12,139.73,139.77,21,1,29,1,0,0.0333,0,1801.8,0,1,0,0.0333,0,1801.8,0,0.099609,0.025895,0.099609,0.025895,2,0,0.0333,0,3603.6,0,0,1,0,0.0333,0,1801.8
1203,12,140,140.13,21,1,30,1,0,0.1333,0,450.11,0,1,0,0.1333,0,450.11,0,0.090576,0.023869,0.090093,0.02387,2,0,0.1333,0,900.23,0,0,1,0,0.1333,0,450.11
1203,12,140.87,140.93,5,1,31,0,0,0,0,0,0,0,0,0,0,0,0,0.11731,0.028072,0.11731,0.028072,0,2,0,0.0666,0,1801.8,0,1,0,0.0666,0,900.9
1203,12,144.03,145.13,23,1,32,0,0,0,0,0,0,0,0.21209,0,0.2333,0,54.545,0.074405,0.025587,0.072656,0.025836,0,2,0,1.1,0,109.09,0,1,0,1.1,0,54.545
1203,12,146.2,146.63,21,1,33,1,0,0.4333,0,138.47,0,0,0,0,0,0,0,0.090144,0.027555,0.089352,0.027057,2,0,0.4333,0,276.94,0,0,1,0,0.4333,0,138.47
1203,12,147.67,151.03,21,1,34,0.40594,0.52475,1.3666,0.88332,17.822,35.644,0,0,0,0,0,0,0.18682,0.025992,0.17837,0.026201,1.8812,0,2.1111,0,53.466,0,0,1,0,3.3666,0,17.822
1203,12,151.4,152.5,21,1,35,0.51515,0.30303,0.56667,0.33333,54.545,54.545,0,0,0,0,0,0,0.20283,0.027319,0.21794,0.027226,2,0,1.1,0,109.09,0,0,1,0,1.1,0,54.545
1203,12,163.27,163.33,16,1,36,0,0,0,0,0,0,0,1,0,0.0666,0,900.9,0.071852,0.029556,0.071852,0.029556,0,2,0,0.0666,0,1801.8,0,1,0,0.0666,0,900.9
1203,12,163.67,163.83,16,1,37,0,0.80012,0,0.1333,0,360.14,0,1,0,0.1666,0,360.14,0.080689,0.029756,0.081318,0.02982,0,2,0,0.1666,0,720.29,0,1,0,0.1666,0,360.14
1203,12,173.9,174.17,23,1,38,0,1,0,0.2666,0,225.06,0,1,0,0.2666,0,225.06,0.083,0.033201,0.083945,0.033028,0,2,0,0.2666,0,450.11,0,1,0,0.2666,0,225.06
1203,12,187.97,188.17,23,1,39,0,1,0,0.1999,0,300.15,0,0.83325,0,0.083283,0,600.3,0.11212,0.027392,0.11194,0.027111,0,1.8334,0,0.18325,0,600.3,0,1,0,0.1999,0,300.15
1203,12,189.8,189.83,16,1,40,0,0,0,0,0,0,0,1,0,0.0333,0,1801.8,0.087688,0.030237,0.087688,0.030237,0,2,0,0.0333,0,3603.6,0,1,0,0.0333,0,1801.8
1203,12,189.87,189.9,16,1,41,0,0,0,0,0,0,0,1,0,0.0333,0,1801.8,0,0,0,0,0,2,0,0.0333,0,3603.6,0,1,0,0.0333,0,1801.8
1203,12,191.63,192.37,21,1,42,1,0,0.7333,0,81.822,0,0,0.49998,0,0.18332,0,163.64,0.20611,0.028543,0.21277,0.028342,1.5454,0,0.56662,0,163.64,0,0,0.99995,0,0.73327,0,81.822
1203,12,192.8,194.17,21,1,43,1,0,1.3666,0,43.905,0,0,0.82926,0,0.56663,0,87.809,0.25436,0.022165,0.24457,0.022178,1.5854,0,0.54165,0,175.62,0,0,1,0,0.6833,0,87.809
1203,12,204.2,204.4,10,1,44,0,0.33333,0,0.066667,0,300,0,1,0,0.2,0,300,0.075426,0.024872,0.074541,0.024933,0,2,0,0.2,0,600,0,1,0,0.2,0,300
1203,12,204.43,204.63,10,1,45,0,1,0,0.2,0,300,0,1,0,0.2,0,300,0.076218,0.022118,0.076374,0.022139,0,2,0,0.2,0,600,0,1,0,0.2,0,300
1203,12,212.8,212.97,21,1,46,0,0,0,0,0,0,0,0.59984,0,0.099933,0,360.14,0.091946,0.022522,0.082465,0.022753,1.5998,0,0.13327,0,720.29,0,0,1,0,0.1666,0,360.14
1203,12,215.6,215.67,21,1,47,0,0,0,0,0,0,0,0,0,0,0,0,0.054439,0.020356,0.054439,0.020356,2,0,0.0666,0,1801.8,0,0,1,0,0.0666,0,900.9
1203,12,218.7,218.73,16,1,48,0,0,0,0,0,0,0,0,0,0,0,0,0.093281,0.032309,0.093281,0.032309,0,1,0,0.0333,0,1801.8,0,1,0,0.0333,0,1801.8
1203,12,219,219.13,15,1,49,0,1,0,0.1333,0,450.11,0,1,0,0.1333,0,450.11,0.11155,0.036403,0.11164,0.035756,0,1,0,0.1333,0,450.11,0,1,0,0.1333,0,450.11
1203,12,220.63,220.8,10,1,50,0,0.60008,0,0.050017,0,719.86,0,0.00019996,0,3.3333e-05,0,359.93,0.094225,0.035543,0.095321,0.035505,0,1,0,0.1667,0,359.93,0,1,0,0.1667,0,359.93
1203,12,221.2,221.6,23,1,51,0,1,0,0.4,0,150,0,0,0,0,0,0,0.094031,0.031962,0.095148,0.032809,0,2,0,0.4,0,300,0,1,0,0.4,0,150
1203,12,221.83,221.97,23,1,52,0,1,0,0.1333,0,450.11,0,0,0,0,0,0,0.084096,0.029625,0.084097,0.029584,0,2,0,0.1333,0,900.23,0,1,0,0.1333,0,450.11
1203,12,224.37,224.67,10,1,53,0,1,0,0.2999,0,200.07,0,0,0,0,0,0,0.10142,0.029084,0.10257,0.028756,0,1.5556,0,0.23327,0,400.13,0,1,0,0.2999,0,200.07
1203,12,234.23,234.5,23,1,54,0,1,0,0.2667,0,224.97,0,0,0,0,0,224.97,0.076799,0.028734,0.077451,0.02879,0,1,0,0.2667,0,224.97,0,1,0,0.2667,0,224.97
1203,12,236.63,237.23,23,1,55,0,0.83333,0,0.25,0,200,0,0,0,0,0,0,0.083583,0.029525,0.080903,0.02895,0,1,0,0.6,0,100,0,1,0,0.6,0,100
1203,12,238.87,239.3,23,1,56,0,1,0,0.4333,0,138.47,0,1,0,0.4333,0,138.47,0.10639,0.038642,0.10626,0.038374,0,1.2308,0,0.26665,0,276.94,0,1,0,0.4333,0,138.47
1203,12,239.37,239.97,23,1,57,0,1,0,0.5999,0,100.02,0,0.55565,0,0.33333,0,100.02,0.1337,0.037595,0.13003,0.037015,0,2,0,0.5999,0,200.03,0,1,0,0.5999,0,100.02
1203,12,250.83,250.93,15,1,58,0,0,0,0,0,0,0,0,0,0,0,0,0.088668,0.027316,0.087095,0.027293,0,1,0,0.1,0,600,0,1,0,0.1,0,600
1203,12,251.13,252.27,15,1,59,0,0,0,0,0,0,0,0,0,0,0,0,0.091314,0.023618,0.091376,0.023746,0,1,0,1.1333,0,52.943,0,1,0,1.1333,0,52.943
1203,12,256.17,256.5,15,1,60,0,1,0,0.3333,0,180.02,0,0,0,0,0,0,0.075492,0.023826,0.074769,0.023655,0,1,0,0.3333,0,180.02,0,1,0,0.3333,0,180.02
1203,12,256.5,256.6,10,1,61,0,1,0,0.1,0,600,0,0,0,0,0,0,0.13459,0.026557,0.13598,0.026624,0,1,0,0.1,0,600,0,1,0,0.1,0,600
1203,12,256.6,258.83,15,1,62,0,0.95522,0,1.0666,0,53.732,0,0,0,0,0,0,0.074733,0.021598,0.075,0.020901,0,1.7463,0,1.95,0,53.732,0,1,0,2.2333,0,26.866
1203,12,258.97,259.07,15,1,63,0,1,0,0.0999,0,600.6,0,0,0,0,0,0,0.062721,0.023632,0.062721,0.023632,0,1,0,0.0999,0,600.6,0,1,0,0.0999,0,600.6
1203,12,260.33,260.43,10,1,64,0,1,0,0.1,0,600,0,0.333,0,0.0333,0,600,0.086803,0.029035,0.086479,0.0296,0,1,0,0.1,0,600,0,1,0,0.1,0,600
1203,12,272.63,273.27,11,1,65,1,0,0.6333,0,94.742,0,0,1,0,0.6333,0,94.742,0.11021,0.033208,0.11181,0.031833,0.73678,1,0.4666,0.6333,94.742,94.742,1,0.99995,0.6333,0.63327,94.742,94.742
1203,12,274.33,274.93,2,1,66,0.99994,0,0.59997,0,100,0,0,0,0,0,0,0,0.14323,0.03987,0.14513,0.04058,0,2,0,0.6,0,200,1,1,0.6,0.6,100,100
1203,12,278.3,278.33,15,1,67,0,1,0,0.0333,0,1801.8,0,0,0,0,0,0,0.05625,0.022429,0.05625,0.022429,0,1,0,0.0333,0,1801.8,0,1,0,0.0333,0,1801.8
1203,12,279.9,280.17,14,1,68,0,0.75019,0,0.2,0,225.06,0,1,0,0.2666,0,225.06,0.13352,0.032527,0.11125,0.032966,0,0,0,0,0,0,0,1,0,0.2666,0,225.06
1203,12,281.5,283.17,11,1,69,0,0.9,0,0.74997,0,72.003,0,1,0,1.6666,0,36.001,0.1076,0.031457,0.10765,0.031391,0,0,0,0,0,0,1,1,1.6666,1.6666,36.001,36.001
1203,12,284.13,284.2,8,1,70,0,1,0,0.0667,0,899.55,1,0,0.0667,0,899.55,0,0.075516,0.024354,0.075516,0.024354,0,0,0,0,0,0,1,1,0.03335,0.0667,1799.1,899.55
1203,12,286.57,286.7,8,1,71,1,0,0.1333,0,450.11,0,0,1,0,0.1333,0,450.11,0.088664,0.024877,0.090234,0.024824,0,0,0,0,0,0,1,1,0.1333,0.1333,450.11,450.11
1203,12,288.67,289.27,10,1,72,0,1,0,0.5999,0,100.02,0,1,0,0.5999,0,100.02,0.097987,0.035211,0.097758,0.034556,0,0,0,0,0,0,0,1.6667,0,0.49992,0,200.03
1203,12,289.97,290.57,10,1,73,0,0.72223,0,0.43327,0,100.02,0,0.88887,0,0.26662,0,200.03,0.086412,0.031304,0.087627,0.031008,0,0,0,0,0,0,0,2,0,0.5999,0,200.03
1203,12,291.6,291.87,11,1,74,0,1,0,0.2666,0,225.06,0,0.74994,0,0.099967,0,450.11,0.13441,0.030133,0.13836,0.030042,0,0,0,0,0,0,1,1,0.2666,0.2666,225.06,225.06
1203,12,292.03,292.53,15,1,75,0,1,0,0.5,0,120,0,1,0,0.5,0,120,0.074211,0.028406,0.070249,0.026206,0,0,0,0,0,0,0,2,0,0.5,0,240
1203,12,293.9,293.93,23,1,76,0,1,0,0.0333,0,1801.8,0,1,0,0.0333,0,1801.8,0.10111,0.040735,0.10111,0.040735,0,0,0,0,0,0,0,2,0,0.0333,0,3603.6
1203,12,301.53,301.57,10,1,77,0,1,0,0.0333,0,1801.8,0,1,0,0.0333,0,1801.8,0.076678,0.029505,0.076678,0.029505,0,1,0,0.0333,0,1801.8,0,0.999,0,0.033267,0,1801.8
1203,12,302.03,302.07,10,1,78,0,1,0,0.0333,0,1801.8,0,1,0,0.0333,0,1801.8,0.083333,0.025503,0.083333,0.025503,0,1,0,0.0333,0,1801.8,0,1,0,0.0333,0,1801.8
1203,12,303.1,303.13,10,1,79,0,1,0,0.0333,0,1801.8,0,1,0,0.0333,0,1801.8,0.086479,0.028894,0.086479,0.028894,0,1,0,0.0333,0,1801.8,0,1,0,0.0333,0,1801.8
1203,12,303.17,303.23,10,1,80,0,1,0,0.0666,0,900.9,0,1,0,0.0666,0,900.9,0.083247,0.029688,0.083247,0.029688,0,1,0,0.0666,0,900.9,0,1,0,0.0666,0,900.9
1203,12,303.43,303.67,23,1,81,0,1,0,0.2333,0,257.18,0,1,0,0.2333,0,257.18,0.083674,0.026894,0.085949,0.026666,0,1,0,0.2333,0,257.18,0,1,0,0.2333,0,257.18
1203,12,304.63,304.83,15,1,82,0,1,0,0.2,0,300,0,1,0,0.2,0,300,0.075702,0.027138,0.075394,0.027307,0,0,0,0,0,0,0,1,0,0.2,0,300
1203,12,304.93,305.23,10,1,83,0,1,0,0.3,0,200,0,0.11122,0,0.033367,0,200,0.089262,0.030385,0.08987,0.029654,0,0,0,0,0,0,0,1,0,0.3,0,200
1203,12,306.7,306.77,23,1,84,0,1,0,0.0666,0,900.9,0,1,0,0.0666,0,900.9,0.085761,0.033645,0.085761,0.033645,0,1,0,0.0666,0,900.9,0,1,0,0.0666,0,900.9
1203,12,307,307.37,23,1,85,0,1,0,0.3666,0,163.67,0,1,0,0.3666,0,163.67,0.084477,0.02769,0.08601,0.027318,0,1,0,0.3666,0,163.67,0,1,0,0.3666,0,163.67
1203,12,307.9,307.97,23,1,86,0,1,0,0.0666,0,900.9,0,1,0,0.0666,0,900.9,0.086576,0.031576,0.086576,0.031576,0,1,0,0.0666,0,900.9,0,1,0,0.0666,0,900.9
1203,12,308.13,308.17,23,1,87,0,0,0,0,0,0,0,1,0,0.0333,0,1801.8,0.091797,0.035862,0.091797,0.035862,0,1,0,0.0333,0,1801.8,0,1,0,0.0333,0,1801.8
1203,12,309.3,309.43,23,1,88,0,0,0,0,0,0,0,1,0,0.1333,0,450.11,0.092459,0.03957,0.092423,0.039492,0,1,0,0.1333,0,450.11,0,1,0,0.1333,0,450.11
1203,12,309.8,309.93,23,1,89,0,1,0,0.1333,0,450.11,0,0,0,0,0,0,0.071353,0.031876,0.071725,0.031984,0,1,0,0.1333,0,450.11,0,1,0,0.1333,0,450.11
1203,12,310.17,310.3,23,1,90,0,0.24981,0,0.0333,0,450.11,0,1,0,0.1333,0,450.11,0.083306,0.037817,0.084028,0.038016,0,1,0,0.1333,0,450.11,0,1,0,0.1333,0,450.11
1203,12,310.33,310.4,23,1,91,0,0,0,0,0,0,0,1,0,0.0667,0,899.55,0.090181,0.034056,0.090181,0.034056,0,1,0,0.0667,0,899.55,0,1,0,0.0667,0,899.55
1203,12,310.43,310.47,23,1,92,0,0,0,0,0,0,0,1,0,0.0333,0,1801.8,0.093429,0.048827,0.093429,0.048827,0,1,0,0.0333,0,1801.8,0,1,0,0.0333,0,1801.8
1203,12,310.77,310.9,23,1,93,0,1,0,0.1333,0,450.11,0,0.25006,0,0.033333,0,450.11,0.089534,0.036993,0.088472,0.037265,0,1,0,0.1333,0,450.11,0,1,0,0.1333,0,450.11
1203,12,312.1,312.47,10,1,94,0,0.54537,0,0.19993,0,163.67,0.81815,0,0.29993,0,163.67,0,0.092315,0.033584,0.093576,0.034295,0,1,0,0.3666,0,163.67,0,1,0,0.3666,0,163.67
1203,12,312.57,312.6,10,1,95,0,1,0,0.0333,0,1801.8,1,0,0.0333,0,1801.8,0,0,0,0,0,0,1,0,0.0333,0,1801.8,0,1,0,0.0333,0,1801.8
1203,12,313.57,313.73,15,1,96,0,1,0,0.1666,0,360.14,0,1,0,0.1666,0,360.14,0.098772,0.03323,0.1005,0.033183,0,2,0,0.1666,0,720.29,0,1,0,0.1666,0,360.14
1203,12,314.7,314.9,23,1,97,0,1,0,0.2,0,300,0,1,0,0.2,0,300,0.091205,0.030295,0.090152,0.030626,0,2,0,0.2,0,600,0,1,0,0.2,0,300
1203,12,315.27,315.3,15,1,98,0,0,0,0,0,0,0,0,0,0,0,0,0,0,0,0,0,2,0,0.0333,0,3603.6,0,1,0,0.0333,0,1801.8
1203,12,317.27,317.5,11,1,99,1,0,0.2333,0,257.18,0,1,0,0.2333,0,257.18,0,0.077462,0.021436,0.07793,0.021227,2,0,0.2333,0,514.36,0,0,1,0,0.2333,0,257.18
1203,12,318.8,318.97,12,1,100,0,1,0,0.1666,0,360.14,0,1,0,0.1666,0,360.14,0.05491,0.020964,0.054962,0.020853,0,2,0,0.1666,0,720.29,0,1,0,0.1666,0,360.14
1203,12,319.37,319.63,12,1,101,0,1,0,0.2666,0,225.06,0,1,0,0.2666,0,225.06,0.054813,0.022221,0.055417,0.022189,0,1.5,0,0.19995,0,450.11,0,1,0,0.2666,0,225.06
1203,12,319.97,320.13,12,1,102,0,1,0,0.1666,0,360.14,0,1,0,0.1666,0,360.14,0.054981,0.02196,0.055069,0.021965,0,2,0,0.1666,0,720.29,0,1,0,0.1666,0,360.14
1203,12,326.9,327.23,10,1,103,0,0,0,0,0,0,0,1,0,0.3333,0,180.02,0.099485,0.028841,0.098057,0.02775,0,2,0,0.3333,0,360.04,1,1,0.3333,0.3333,180.02,180.02
1203,12,327.8,328.47,1,1,104,1,0,0.6666,0,90.009,0,0,1,0,0.6666,0,90.009,0.090724,0.028035,0.09009,0.02797,0,2,0,0.6666,0,180.02,0,1.8,0,0.59993,0,180.02
1203,12,328.77,328.9,15,1,105,0,1,0,0.1333,0,450.11,0,1,0,0.1333,0,450.11,0.067341,0.026141,0.067078,0.026299,0,0.49987,0,0.033317,0,900.23,0,2,0,0.1333,0,900.23
1203,12,329.07,329.3,15,1,106,0,1,0,0.2333,0,257.18,0,1,0,0.2333,0,257.18,0.067486,0.023183,0.067396,0.023223,0,0.57137,0,0.06665,0,514.36,0,1,0,0.2333,0,257.18
1203,12,330.4,334.37,11,1,107,1,0,3.9666,0,15.126,0,0.59665,0,1.1833,0,30.253,0,0.13276,0.030191,0.13672,0.028675,0.033614,0,0.066667,0,30.253,0,1,1,3.9666,3.9666,15.126,15.126
1203,12,334.8,334.83,11,1,108,1,0,0.0333,0,1801.8,0,0,1,0,0.0333,0,1801.8,0.082378,0.025851,0.082378,0.025851,0,0,0,0,0,0,1,1,0.0333,0.0333,1801.8,1801.8
1203,12,337.1,337.2,21,1,109,0,0,0,0,0,0,1,0,0.1,0,600,0,0.16845,0.031011,0.17104,0.031011,0,0,0,0,0,0,1,1,0.1,0.1,600,600
1203,12,337.57,337.67,11,1,110,0,1,0,0.0999,0,600.6,0,0,0,0,0,0,0.1489,0.038516,0.1489,0.038516,0,0,0,0,0,0,1,1,0.0999,0.0999,600.6,600.6
1203,12,338.2,338.43,11,1,111,0,1,0,0.2333,0,257.18,0,0,0,0,0,0,0.13632,0.038452,0.13623,0.038017,0,0,0,0,0,0,1,1,0.2333,0.2333,257.18,257.18
1203,12,339.37,339.43,21,1,112,0,1,0,0.0666,0,900.9,0,0,0,0,0,0,0.17143,0.050647,0.17143,0.050647,0,0,0,0,0,0,1,1,0.0666,0.0666,900.9,900.9
1203,12,339.53,341.83,11,1,113,0.49277,0.21739,0.56668,0.25,52.174,52.174,0,0.73912,0,1.7,0,26.087,0.13464,0.035115,0.13371,0.037477,0,0.37681,0,0.86667,0,26.087,1,1,2.3,2.3,26.087,26.087
1203,12,341.97,342.07,11,1,114,0,1,0,0.0999,0,600.6,0,1,0,0.0999,0,600.6,0.091842,0.029325,0.091842,0.029325,0,0,0,0,0,0,1,1,0.0999,0.0999,600.6,600.6
1203,12,342.4,342.43,15,1,115,0,1,0,0.0333,0,1801.8,0,1,0,0.0333,0,1801.8,0.10764,0.027733,0.10764,0.027733,0,0,0,0,0,0,0,2,0,0.0333,0,3603.6
1203,12,342.47,342.8,21,1,116,0.09991,0,0.0333,0,180.02,0,0,0.39994,0,0.1333,0,180.02,0.12669,0.028004,0.12782,0.028011,0,0,0,0,0,0,1,1,0.3333,0.3333,180.02,180.02
1203,12,343.63,344.13,15,1,117,0,0,0,0,0,0,0.80007,0,0.40003,0,120,0,0.147,0.027702,0.14723,0.027313,0,0,0,0,0,0,1,1,0.5,0.5,120,120
1203,12,359.2,359.43,10,1,118,0,1,0,0.2333,0,257.18,0,1,0,0.2333,0,257.18,0.084992,0.029784,0.086319,0.029887,0,0,0,0,0,0,0,1,0,0.2333,0,257.18
1203,12,365.33,365.77,4,1,119,1,0,0.4333,0,138.47,0,0,0,0,0,0,0,0.1772,0.024613,0.18003,0.024211,0,0,0,0,0,0,1,0.99992,0.4333,0.43327,138.47,138.47
1203,12,369.87,369.9,21,1,120,1,0,0.0333,0,1801.8,0,0,1,0,0.0333,0,1801.8,0,0,0,0,0,1,0,0.01665,0,3603.6,0,1,0,0.0333,0,1801.8
1203,12,370.07,370.1,21,1,121,0,0,0,0,0,0,0,1,0,0.0333,0,1801.8,0,0,0,0,0,1,0,0.0333,0,1801.8,0,1,0,0.0333,0,1801.8
1203,12,370.77,370.97,3,1,122,0,1,0,0.1999,0,300.15,0,1,0,0.1999,0,300.15,0.085892,0.035504,0.087118,0.037633,0,1.6667,0,0.16658,0,600.3,0,1,0,0.1999,0,300.15
1203,12,371.07,371.5,3,1,123,0,1,0,0.4333,0,138.47,0,0,0,0,0,0,0.10705,0.051447,0.1006,0.047138,0,1.9231,0,0.27776,0,415.42,0,1,0,0.4333,0,138.47
1203,12,371.73,372,3,1,124,0,1,0,0.2667,0,224.97,0,0.49994,0,0.13333,0,224.97,0.10961,0.057819,0.10987,0.057887,0,1.875,0,0.16669,0,674.92,0,1,0,0.2667,0,224.97
1203,12,375.6,375.63,21,1,125,0,0,0,0,0,0,0,1,0,0.0333,0,1801.8,0.0875,0.026048,0.0875,0.026048,0,0,0,0,0,0,0,1,0,0.0333,0,1801.8
1203,12,382.77,382.93,10,1,126,0,1,0,0.1666,0,360.14,0,1,0,0.1666,0,360.14,0.087742,0.028895,0.088001,0.029333,0,0.19988,0,0.0333,0,360.14,0,1,0,0.1666,0,360.14
1203,12,383.17,383.27,10,1,127,0,0,0,0,0,0,0,1,0,0.0999,0,600.6,0.093698,0.028,0.093698,0.028,0,0,0,0,0,0,0,1,0,0.0999,0,600.6
1203,12,383.73,385.87,10,1,128,0,0.34376,0,0.73333,0,28.125,0,0.25002,0,0.53337,0,28.125,0.10943,0.028144,0.10532,0.026795,0,0.015641,0,0.033367,0,28.125,0,1,0,2.1333,0,28.125
1203,12,420.73,421.43,11,1,129,0,1,0,0.7,0,85.714,0.71424,0,0.49997,0,85.714,0,0.12076,0.027188,0.11953,0.027519,0,0,0,0,0,0,1,1,0.7,0.7,85.714,85.714
1203,12,421.73,422.97,21,1,130,0.40536,0.10814,0.49993,0.13337,48.65,48.65,0,0.08111,0,0.10003,0,48.65,0.18427,0.024587,0.17395,0.024526,0,0,0,0,0,0,1,1,1.2333,1.2333,48.65,48.65
1203,12,423.17,424.77,21,1,131,0.3125,0.625,0.49997,0.49997,37.502,75.005,0,0.45832,0,0.36663,0,75.005,0.21945,0.02634,0.22013,0.025909,0,0.062462,0,0.099933,0,37.502,0.3125,1,0.49997,1.5999,37.502,37.502
1203,12,425.13,426.03,11,1,132,0.81485,0.037,0.73337,0.0333,66.667,66.667,0,0.18522,0,0.1667,0,66.667,0.11501,0.024593,0.10634,0.02425,0.44444,0,0.2,0,133.33,0,1,0.99996,0.9,0.89997,66.667,66.667
1203,12,426.13,426.17,5,1,133,1,0,0.0333,0,1801.8,0,0,0,0,0,0,0,0.091163,0.029808,0.091163,0.029808,0,0,0,0,0,0,1,1,0.0333,0.0333,1801.8,1801.8
1203,12,426.27,426.53,5,1,134,0,0,0,0,0,0,0,0,0,0,0,0,0.10955,0.020985,0.11146,0.021101,0,0,0,0,0,0,1,1,0.2666,0.2666,225.06,225.06
1203,12,426.83,426.97,14,1,135,0,1,0,0.1333,0,450.11,0,0,0,0,0,0,0.14218,0.024417,0.14192,0.024304,0,0,0,0,0,0,0,2,0,0.1333,0,900.23
1203,12,427,427.43,5,1,136,1,0,0.4333,0,138.47,0,0,0,0,0,0,0,0.15373,0.01765,0.16637,0.016726,0,0.4615,0,0.19997,0,138.47,1,1,0.4333,0.4333,138.47,138.47
1203,12,427.47,428.57,21,1,137,0,1,0,1.0999,0,54.55,0,0,0,0,0,0,0.13469,0.017529,0.12844,0.017472,0,1,0,1.0999,0,54.55,0,2,0,1.0999,0,109.1
1203,12,428.7,428.77,21,1,138,0,0.5005,0,0.033333,0,900.9,0,0,0,0,0,0,0.076286,0.018315,0.076286,0.018315,0,1,0,0.0666,0,900.9,1,1,0.0666,0.0666,900.9,900.9
1203,12,428.77,429.53,5,1,139,0,0,0,0,0,0,0,0.34781,0,0.26663,0,78.268,0.12769,0.021551,0.14082,0.021134,0,1,0,0.7666,0,78.268,1,1,0.7666,0.7666,78.268,78.268
1203,12,430.23,430.43,5,1,140,0,0,0,0,0,0,0,0,0,0,0,0,0.060234,0.013954,0.061639,0.014063,0,1,0,0.2,0,300,1,1,0.2,0.2,300,300
1203,12,430.77,432.83,5,1,141,0,0,0,0,0,0,0,0.30646,0,0.63333,0,29.033,0.12733,0.01652,0.11964,0.015103,0,1,0,2.0666,0,29.033,1,1,2.0666,2.0666,29.033,29.033
1203,12,432.9,432.97,5,1,142,0,0.4995,0,0.033267,0,900.9,0,0,0,0,0,0,0.11207,0.020187,0.11207,0.020187,0,1,0,0.0666,0,900.9,1,1,0.0666,0.0666,900.9,900.9
1203,12,433,433.5,11,1,143,1,0,0.5,0,120,0,1,0,0.5,0,120,0,0.1033,0.025942,0.1072,0.027546,1,0,0.5,0,120,0,0,2,0,0.5,0,240
1203,12,433.63,434,5,1,144,0,1,0,0.3667,0,163.62,0,1,0,0.3667,0,163.62,0.091909,0.028762,0.093516,0.028253,0,1,0,0.3667,0,163.62,1,1,0.3667,0.3667,163.62,163.62
1203,12,436.2,436.47,11,1,145,0,0,0,0,0,0,0.87497,0,0.23327,0,225.06,0,0.062972,0.017705,0.058877,0.017884,1,0,0.2666,0,225.06,0,0,2,0,0.2666,0,450.11
1203,12,436.83,436.9,16,1,146,1,0,0.0667,0,899.55,0,0,1,0,0.0667,0,899.55,0.080635,0.025051,0.080635,0.025051,0,1.0005,0,0.033367,0,1799.1,0,1,0,0.0667,0,899.55
1203,12,437.33,437.43,16,1,147,0,1,0,0.1,0,600,0,1,0,0.1,0,600,0.069352,0.020805,0.069514,0.020836,0,2,0,0.1,0,1200,0,1,0,0.1,0,600
1203,12,437.43,437.8,15,1,148,0,0.8182,0,0.30003,0,163.62,0,0.8182,0,0.15002,0,327.24,0.38338,0.027014,0.40039,0.027723,0,2,0,0.3667,0,327.24,0,1,0,0.3667,0,163.62
1203,12,437.8,438.13,16,1,149,0,0,0,0,0,0,0,0.89999,0,0.14998,0,360.04,0.077968,0.022092,0.079028,0.022125,0,2,0,0.3333,0,360.04,0,1,0,0.3333,0,180.02
1203,12,446.83,448.3,10,1,150,0,0.88637,0,1.3,0,40.908,0,1,0,1.4667,0,40.908,0.093497,0.029695,0.09491,0.029638,0,0,0,0,0,0,0,1,0,1.4667,0,40.908
1203,12,448.7,451.27,10,1,151,0,0,0,0,0,0,0,0,0,0,0,0,0.089068,0.024181,0.090174,0.025655,0,0.20777,0,0.53327,0,23.377,0,1,0,2.5666,0,23.377
1203,12,471.6,471.7,11,1,152,1,0,0.1,0,600,0,0,1,0,0.1,0,600,0.1011,0.047417,0.10187,0.048772,0,0,0,0,0,0,0,1,0,0.1,0,600
1203,12,473.6,473.63,16,1,153,0,1,0,0.0333,0,1801.8,0,1,0,0.0333,0,1801.8,0.080689,0.026977,0.080689,0.026977,0,1,0,0.0333,0,1801.8,0,1,0,0.0333,0,1801.8
1203,12,473.67,473.73,16,1,154,0,1,0,0.0666,0,900.9,0,1,0,0.0666,0,900.9,0.082917,0.02959,0.082917,0.02959,0,1,0,0.0666,0,900.9,0,1,0,0.0666,0,900.9
1203,12,475.83,475.87,23,1,155,0,1,0,0.0333,0,1801.8,0,1,0,0.0333,0,1801.8,0.10212,0.028564,0.10212,0.028564,0,0,0,0,0,0,0,1,0,0.0333,0,1801.8
1203,12,475.97,476.03,2,1,156,0,1,0,0.0666,0,900.9,0,1,0,0.0666,0,900.9,0.13115,0.035551,0.13115,0.035551,0,0,0,0,0,0,0,1,0,0.0666,0,900.9
1203,12,476.3,476.43,23,1,157,0,1,0,0.1333,0,450.11,0,1,0,0.1333,0,450.11,0.13349,0.043621,0.13318,0.043646,0,1,0,0.1333,0,450.11,0,1,0,0.1333,0,450.11
1203,12,476.47,476.5,2,1,158,0,1,0,0.0333,0,1801.8,0,1,0,0.0333,0,1801.8,0,0,0,0,0,1,0,0.0333,0,1801.8,0,1,0,0.0333,0,1801.8
1203,12,476.5,476.53,23,1,159,0,1,0,0.0333,0,1801.8,0,1,0,0.0333,0,1801.8,0.1141,0.035292,0.1141,0.035292,0,1,0,0.0333,0,1801.8,0,1,0,0.0333,0,1801.8
1203,12,476.53,476.57,2,1,160,0,1,0,0.0333,0,1801.8,0,0.001001,0,3.3333e-05,0,1801.8,0.082749,0.034452,0.082749,0.034452,0,1,0,0.0333,0,1801.8,0,1,0,0.0333,0,1801.8
1203,12,492.13,492.2,16,1,161,0,1,0,0.0667,0,899.55,0,1,0,0.0667,0,899.55,0.058571,0.021852,0.058571,0.021852,0,0,0,0,0,0,0,1,0,0.0667,0,899.55
1203,12,492.23,492.33,16,1,162,0,1,0,0.1,0,600,0,1,0,0.1,0,600,0.061847,0.023084,0.06213,0.023198,0,0,0,0,0,0,0,1,0,0.1,0,600
1203,12,492.33,492.37,21,1,163,0,1,0,0.0333,0,1801.8,0,1,0,0.0333,0,1801.8,0.16246,0.025318,0.16246,0.025318,0,0,0,0,0,0,0,1,0,0.0333,0,1801.8
1203,12,492.37,492.47,16,1,164,0,1,0,0.0999,0,600.6,0,1,0,0.0999,0,600.6,0.060486,0.021033,0.060486,0.021033,0,0,0,0,0,0,0,1,0,0.0999,0,600.6
1203,12,505.87,506.33,11,1,165,0,0,0,0,0,0,0,1,0,0.4666,0,128.59,0.082938,0.025594,0.083993,0.025401,0,0,0,0,0,0,1,1,0.4666,0.4666,128.59,128.59
1203,12,506.5,506.97,11,1,166,0,0.42849,0,0.099967,0,257.18,0,1,0,0.4666,0,128.59,0.19175,0.043766,0.17867,0.043694,0,0,0,0,0,0,1,1,0.4666,0.4666,128.59,128.59
1203,12,507.27,507.9,21,1,167,0.89478,0,0.56667,0,94.742,0,1,0,0.6333,0,94.742,0,0.22407,0.030618,0.23366,0.030177,0,0,0,0,0,0,1,1,0.6333,0.6333,94.742,94.742
1203,12,508.03,510,21,1,168,1,0,1.9667,0,30.508,0,0.15256,0.16949,0.30003,0.33333,30.508,30.508,0.18987,0.028046,0.1908,0.027798,0.40677,0,0.8,0,30.508,0,0.86441,1,1.7,1.9667,30.508,30.508
1203,12,511.1,512.03,11,1,169,0,0.25001,0,0.23333,0,64.288,0,1,0,0.9333,0,64.288,0.071066,0.019378,0.0684,0.019027,0,1.9286,0,0.89997,0,128.58,1,1,0.9333,0.9333,64.288,64.288
1203,12,512.4,512.6,11,1,170,0,1,0,0.2,0,300,0,1,0,0.2,0,300,0.061868,0.023064,0.061849,0.023175,0,2,0,0.2,0,600,1,1,0.2,0.2,300,300
1203,12,512.63,512.7,11,1,171,0,1,0,0.0667,0,899.55,0,1,0,0.0667,0,899.55,0.061555,0.024951,0.061555,0.024951,0,2,0,0.0667,0,1799.1,1,1,0.0667,0.0667,899.55,899.55
1203,12,512.73,512.97,11,1,172,0,0.2859,0,0.0667,0,257.18,0,1,0,0.2333,0,257.18,0.090742,0.025976,0.090741,0.025348,0,2,0,0.2333,0,514.36,1,1,0.2333,0.2333,257.18,257.18
1203,12,513.73,514.1,11,1,173,0,1,0,0.3667,0,163.62,0,1,0,0.3667,0,163.62,0.10493,0.033447,0.10492,0.033853,0,2,0,0.3667,0,327.24,1,1,0.3667,0.3667,163.62,163.62
1203,12,514.9,515.07,21,1,174,1,0,0.1666,0,360.14,0,0,1,0,0.1666,0,360.14,0.116,0.037068,0.11679,0.037523,2,0,0.1666,0,720.29,0,0,2,0,0.1666,0,720.29
1203,12,516.17,516.2,10,1,175,0,1,0,0.0333,0,1801.8,0,1,0,0.0333,0,1801.8,0,0,0,0,0,2,0,0.0333,0,3603.6,0,2,0,0.0333,0,3603.6
1203,12,516.57,516.67,10,1,176,0,1,0,0.0999,0,600.6,0,0,0,0,0,0,0.09963,0.035502,0.09963,0.035502,0,2,0,0.0999,0,1201.2,0,2,0,0.0999,0,1201.2
1203,12,518.8,518.87,10,1,177,0,1,0,0.0666,0,900.9,0,1,0,0.0666,0,900.9,0.09293,0.037004,0.09293,0.037004,0,2,0,0.0666,0,1801.8,0,2,0,0.0666,0,1801.8
1203,12,519,520.53,21,1,178,1,0,1.5333,0,39.131,0,0,0.76089,0,0.38889,0,117.39,0.2516,0.037376,0.25345,0.037249,1.6739,0,0.85554,0,117.39,0,0,2,0,1.5333,0,78.263
1203,12,520.53,521.03,11,1,179,0,1,0,0.5,0,120,0,0.4666,0,0.2333,0,120,0.090636,0.025692,0.090012,0.025911,0,1.9999,0,0.49998,0,240,1,1,0.5,0.5,120,120
1203,12,521.03,521.43,21,1,180,1,0,0.4,0,150,0,0,1,0,0.4,0,150,0.33526,0.036591,0.29236,0.035908,2,0,0.4,0,300,0,0,2,0,0.4,0,300
1203,12,521.43,521.47,11,1,181,0,1,0,0.0333,0,1801.8,0,1,0,0.0333,0,1801.8,0.089288,0.026278,0.089288,0.026278,0,2,0,0.0333,0,3603.6,1,1,0.0333,0.0333,1801.8,1801.8
1203,12,521.47,525.37,21,1,182,0.48718,0.48717,1.9,1.8999,15.385,15.385,0,0.99145,0,1.9333,0,30.77,0.31037,0.029185,0.36305,0.028861,1.8803,0,2.4444,0,46.155,0,0,1.8632,0,2.4222,0,46.155
1203,12,525.77,531.87,21,1,183,0.74865,0.20765,4.5667,1.2666,9.8362,9.8362,0,0.071039,0,0.43333,0,9.8362,0.26149,0.030808,0.27256,0.031038,1.9836,0,6.0499,0,19.672,0,0,2,0,6.0999,0,19.672
1203,12,531.87,532,11,1,184,0,0,0,0,0,0,0,0,0,0,0,0,0.059524,0.018105,0.059511,0.018221,0,1,0,0.1333,0,450.11,1,1,0.1333,0.1333,450.11,450.11
1203,12,532.13,532.17,11,1,185,0,0,0,0,0,0,0,0,0,0,0,0,0.052766,0.01723,0.052766,0.01723,0,2,0,0.0333,0,3603.6,1,1,0.0333,0.0333,1801.8,1801.8
1203,12,537.5,538.03,11,1,186,0,0,0,0,0,0,0,1,0,0.5333,0,112.51,0.10471,0.026162,0.10385,0.026114,0,2,0,0.5333,0,225.01,1,1,0.5333,0.5333,112.51,112.51
1203,12,538.4,539.53,7,1,187,0.35292,0,0.39997,0,52.943,0,0.2941,0,0.3333,0,52.943,0,0.1274,0.033129,0.1286,0.033202,0,2,0,1.1333,0,105.89,1,1,1.1333,1.1333,52.943,52.943
1203,12,540.27,540.43,11,1,188,0,0,0,0,0,0,0,1,0,0.1666,0,360.14,0.089771,0.025632,0.090438,0.025672,0,2,0,0.1666,0,720.29,1,1,0.1666,0.1666,360.14,360.14
1203,12,540.77,541.1,11,1,189,0,0.10001,0,0.033333,0,180.02,0,1,0,0.3333,0,180.02,0.097727,0.027814,0.09822,0.027925,0,2,0,0.3333,0,360.04,1,1,0.3333,0.3333,180.02,180.02
1203,12,541.77,542.2,11,1,190,0,1,0,0.4333,0,138.47,0,0.92307,0,0.39997,0,138.47,0.086291,0.02615,0.08625,0.026091,0,2,0,0.4333,0,276.94,1,1,0.4333,0.4333,138.47,138.47
1203,12,543.43,543.6,7,1,191,1,0,0.1667,0,359.93,0,0.40012,0,0.0667,0,359.93,0,0.098368,0.032833,0.09987,0.032824,0,2,0,0.1667,0,719.86,1,1,0.1667,0.1667,359.93,359.93
1203,12,543.7,543.9,23,1,192,0,1,0,0.2,0,300,0,0,0,0,0,0,0.086712,0.033366,0.087724,0.033392,0,2,0,0.2,0,600,0,2,0,0.2,0,600
1203,12,544.07,544.5,7,1,193,1,0,0.4333,0,138.47,0,1,0,0.4333,0,138.47,0,0.11158,0.033464,0.11136,0.033485,0,2,0,0.4333,0,276.94,1,1,0.4333,0.4333,138.47,138.47
1203,12,544.77,545.2,23,1,194,0,0.61536,0,0.26663,0,138.47,0,1,0,0.4333,0,138.47,0.10138,0.031417,0.10582,0.030377,0,2,0,0.4333,0,276.94,0,2,0,0.4333,0,276.94
1203,12,545.23,545.33,23,1,195,0,0,0,0,0,0,0,1,0,0.1,0,600,0.079336,0.032568,0.080179,0.032575,0,2,0,0.1,0,1200,0,2,0,0.1,0,1200
1203,12,547.87,547.93,16,1,196,0,0.5,0,0.0333,0,900.9,0,1,0,0.0666,0,900.9,0.086968,0.032688,0.086968,0.032688,0,2,0,0.0666,0,1801.8,0,2,0,0.0666,0,1801.8
1203,12,552.4,552.47,23,1,197,0,0,0,0,0,0,0,1,0,0.0666,0,900.9,0.077237,0.026411,0.077237,0.026411,0,2,0,0.0666,0,1801.8,0,2,0,0.0666,0,1801.8
1203,12,552.5,552.6,3,1,198,0,0,0,0,0,0,0,0,0,0,0,0,0.063493,0.022439,0.063889,0.022031,0,2,0,0.1,0,1200,0,2,0,0.1,0,1200
1203,12,553.53,553.93,7,1,199,0,0,0,0,0,0,0,0,0,0,0,0,0.053709,0,0.053979,0,0,2,0,0.4,0,300,1,1,0.4,0.4,150,150
1203,12,554.77,554.8,11,1,200,0,0,0,0,0,0,0,0,0,0,0,0,0,0,0,0,0,2,0,0.0333,0,3603.6,1,1,0.0333,0.0333,1801.8,1801.8
1203,12,555.2,555.77,11,1,201,0,0.4117,0,0.23327,0,105.89,0,1,0,0.5666,0,105.89,0.096557,0.028133,0.096979,0.028164,0,2,0,0.5666,0,211.79,1,1,0.5666,0.5666,105.89,105.89
1203,12,556.43,556.67,16,1,202,0,1,0,0.2333,0,257.18,0,1,0,0.2333,0,257.18,0.078972,0.030525,0.079259,0.03059,0,2,0,0.2333,0,514.36,0,2,0,0.2333,0,514.36
1203,12,563.2,563.83,11,1,203,0.73688,0.10522,0.46667,0.066633,94.742,94.742,0,0,0,0,0,0,0.084186,0.022646,0.082075,0.022404,0,2,0,0.6333,0,189.48,1,1,0.6333,0.6333,94.742,94.742
1203,12,564,564.13,11,1,204,0,1,0,0.1333,0,450.11,0,0,0,0,0,0,0.083788,0.02727,0.08342,0.027229,0,2,0,0.1333,0,900.23,1,1,0.1333,0.1333,450.11,450.11
1203,12,571.8,571.97,11,1,205,1,0,0.1666,0,360.14,0,0,1,0,0.1666,0,360.14,0.084721,0.02924,0.08432,0.02911,0,1,0,0.1666,0,360.14,1,1,0.1666,0.1666,360.14,360.14
1203,12,577.57,577.87,21,1,206,0,1,0,0.2999,0,200.07,0,0.33333,0,0.099967,0,200.07,0.10037,0.034558,0.10137,0.034597,1,0,0.2999,0,200.07,0,0,1.8891,0,0.28327,0,400.13
1203,12,577.93,577.97,21,1,207,0,1,0,0.0333,0,1801.8,0,0.999,0,0.033267,0,1801.8,0.09434,0.033169,0.09434,0.033169,1,0,0.0333,0,1801.8,0,0,1,0,0.0333,0,1801.8
1203,12,579.03,579.7,21,1,208,0,1,0,0.6667,0,89.996,0,1,0,0.6667,0,89.996,0.084699,0.034735,0.085065,0.034844,1,0,0.6667,0,89.996,0,0,1.7,0,0.5667,0,179.99
1203,12,580.13,580.2,21,1,209,0,1,0,0.0667,0,899.55,0,0,0,0,0,0,0.074275,0.030039,0.074275,0.030039,1,0,0.0667,0,899.55,0,0,1,0,0.0667,0,899.55
1203,12,588.8,589.03,16,1,210,0,1,0,0.2333,0,257.18,0,0,0,0,0,0,0.072173,0.023031,0.072399,0.022869,0,1.2858,0,0.14998,0,514.36,0,1,0,0.2333,0,257.18
1203,12,591.2,592.77,3,1,211,0.93621,0,1.4667,0,38.3,0,0.617,0.29789,0.9666,0.46667,38.3,38.3,0.21053,0.034253,0.2087,0.032513,2,0,1.5666,0,76.599,0,0,1.1277,0,0.8833,0,76.599
1203,12,594.53,595,13,1,212,1,0,0.4667,0,128.56,0,0,0.42861,0,0.20003,0,128.56,0.26509,0.029491,0.26971,0.028618,0,2,0,0.4667,0,257.12,1,0.99993,0.4667,0.46667,128.56,128.56
1203,12,597.73,597.93,3,1,213,0,1,0,0.2,0,300,0,1,0,0.2,0,300,0.11075,0.036127,0.11033,0.035317,1,1,0.2,0.2,300,300,0,1,0,0.2,0,300
1203,12,598.37,598.53,13,1,214,0.60004,0,0.099967,0,360.14,0,0,1,0,0.1666,0,360.14,0.25642,0.042427,0.26642,0.041685,1,1,0.1666,0.1666,360.14,360.14,1,1,0.1666,0.1666,360.14,360.14
1203,12,598.57,599.8,3,1,215,0.37839,0.10811,0.46667,0.13333,48.65,48.65,0.56758,0.27025,0.7,0.3333,48.65,48.65,0.1901,0.041812,0.19715,0.040458,1.0541,0.35133,0.64998,0.4333,97.3,48.65,0,2,0,1.2333,0,97.3
1203,12,600.1,600.27,19,1,216,1,0,0.1666,0,360.14,0,0,0,0,0,0,0,0.15461,0.046648,0.15505,0.046762,0,2,0,0.1666,0,720.29,1,1,0.1666,0.1666,360.14,360.14
1203,12,600.27,600.97,3,1,217,0,1,0,0.6999,0,85.727,0.9048,0,0.63327,0,85.727,0,0.13269,0.038861,0.12553,0.038758,2,0,0.6999,0,171.45,0,0,2,0,0.6999,0,171.45
1203,12,601.17,603.33,3,1,218,1,0,2.1666,0,27.693,0,0.18461,0.15384,0.39997,0.3333,27.693,27.693,0.15719,0.042465,0.15657,0.041704,2,0,2.1666,0,55.386,0,0,2,0,2.1666,0,55.386
1203,12,603.43,603.63,19,1,219,0,1,0,0.2,0,300,0,1,0,0.2,0,300,0.17947,0.061082,0.18172,0.060975,0,2,0,0.2,0,600,1,1,0.2,0.2,300,300
1203,12,603.77,604,19,1,220,0,0,0,0,0,0,0,0.57137,0,0.1333,0,257.18,0.11039,0.031692,0.11976,0.027101,0,2,0,0.2333,0,514.36,1,1,0.2333,0.2333,257.18,257.18
1203,12,605.8,606.47,13,1,221,0.50005,0.24992,0.33333,0.0833,90.009,180.02,0,0,0,0,0,0,0.096248,0.023607,0.10284,0.021992,0,2,0,0.6666,0,180.02,1,1,0.6666,0.6666,90.009,90.009
1203,12,606.57,606.6,19,1,222,1,0,0.0333,0,1801.8,0,0,0,0,0,0,0,0,0,0,0,0,2,0,0.0333,0,3603.6,1,1,0.0333,0.0333,1801.8,1801.8
1203,12,606.63,606.67,19,1,223,1,0,0.0333,0,1801.8,0,0,0,0,0,0,0,0.12638,0.026846,0.12638,0.026846,0,2,0,0.0333,0,3603.6,1,1,0.0333,0.0333,1801.8,1801.8
1203,12,606.7,607.67,13,1,224,0,1,0,0.9666,0,62.073,0,0.3103,0,0.29993,0,62.073,0.082395,0.018313,0.080859,0.018303,0,2,0,0.9666,0,124.15,1,1,0.9666,0.9666,62.073,62.073
1203,12,607.67,607.93,19,1,225,0.37497,0,0.099967,0,225.06,0,1,0,0.2666,0,225.06,0,0.1918,0.038845,0.19148,0.038727,0,2,0,0.2666,0,450.11,1,1,0.2666,0.2666,225.06,225.06
1203,12,608.23,608.7,13,1,226,0,0.49996,0,0.23333,0,128.56,0,1,0,0.4667,0,128.56,0.18391,0.047401,0.18734,0.04866,0,2,0,0.4667,0,257.12,1,1,0.4667,0.4667,128.56,128.56
1203,12,609.23,609.27,3,1,227,1,0,0.0333,0,1801.8,0,0,1,0,0.0333,0,1801.8,0.15901,0.048111,0.15901,0.048111,2,0,0.0333,0,3603.6,0,0,2,0,0.0333,0,3603.6
1203,12,609.47,611.7,3,1,228,1,0,2.2333,0,26.866,0,0,0.28357,0,0.2111,0,80.598,0.17,0.049374,0.17025,0.047099,1.8657,0,1.3889,0,80.598,0,0,2,0,2.2333,0,53.732
1203,12,611.77,612.47,3,1,229,1,0,0.6999,0,85.727,0,0,1,0,0.6999,0,85.727,0.15858,0.054925,0.15879,0.054984,2,0,0.6999,0,171.45,0,0,2,0,0.6999,0,171.45
1203,12,612.87,612.93,13,1,230,0,1,0,0.0666,0,900.9,0,1,0,0.0666,0,900.9,0.14953,0.051224,0.14953,0.051224,0,2,0,0.0666,0,1801.8,1,1,0.0666,0.0666,900.9,900.9
1203,12,613.2,613.33,3,1,231,1,0,0.1333,0,450.11,0,0,1,0,0.1333,0,450.11,0.16697,0.05086,0.16682,0.050786,2,0,0.1333,0,900.23,0,0,2,0,0.1333,0,900.23
1203,12,613.4,613.7,13,1,232,0,0.22222,0,0.033333,0,400,0,0.11111,0,0.033333,0,200,0.10276,0.030986,0.10501,0.028374,0,2,0,0.3,0,400,1,1,0.3,0.3,200,200
1203,12,614.5,615.63,13,1,233,0,0.94117,0,0.53332,0,105.89,0,1,0,1.1333,0,52.943,0.09711,0.027422,0.097711,0.028014,0,2,0,1.1333,0,105.89,1,1,1.1333,1.1333,52.943,52.943
1203,12,615.8,615.83,13,1,234,0,1,0,0.0333,0,1801.8,0,0,0,0,0,0,0.090538,0.027891,0.090538,0.027891,0,2,0,0.0333,0,3603.6,1,1,0.0333,0.0333,1801.8,1801.8
1203,12,615.87,616.77,13,1,235,0,1,0,0.8999,0,66.674,0,0,0,0,0,0,0.10686,0.027805,0.10628,0.028321,0,1.7037,0,0.7666,0,133.35,1,1,0.8999,0.8999,66.674,66.674
1203,12,616.83,616.9,13,1,236,0,1,0,0.0667,0,899.55,0,0.9995,0,0.066667,0,899.55,0.10965,0.031481,0.10965,0.031481,0,1,0,0.0667,0,899.55,1,1,0.0667,0.0667,899.55,899.55
1203,12,617.37,617.93,19,1,237,0,1,0,0.5666,0,105.89,0.29409,0.41181,0.16663,0.23333,105.89,105.89,0.10004,0.040431,0.10022,0.040728,0,0.99994,0,0.18886,0,317.68,1,1,0.5666,0.5666,105.89,105.89
1203,12,619.47,619.53,14,1,238,0,1,0,0.0666,0,900.9,0,1,0,0.0666,0,900.9,0.1072,0.054288,0.1072,0.054288,0,2,0,0.0666,0,1801.8,0,2,0,0.0666,0,1801.8
1203,12,619.77,619.83,17,1,239,0,0,0,0,0,0,0,1,0,0.0666,0,900.9,0.051539,0.02423,0.051539,0.02423,0,2,0,0.0666,0,1801.8,0,1,0,0.0666,0,900.9
1203,12,623.53,623.57,11,1,240,0,0,0,0,0,0,0,0,0,0,0,0,0.11991,0.010327,0.11991,0.010327,1,0,0.0333,0,1801.8,0,0,2,0,0.0333,0,3603.6
1203,12,624.1,624.17,15,1,241,0,1,0,0.0666,0,900.9,0,0,0,0,0,0,0.24893,0,0.24893,0,0,1.4995,0,0.049933,0,1801.8,0,2,0,0.0666,0,1801.8
1203,12,624.53,624.57,21,1,242,0,0,0,0,0,0,0,0,0,0,0,0,0.085069,0.021471,0.085069,0.021471,0,2,0,0.0333,0,3603.6,0,2,0,0.0333,0,3603.6
1203,12,624.93,624.97,16,1,243,0,0,0,0,0,0,0,1,0,0.0333,0,1801.8,0.059265,0.029134,0.059265,0.029134,0,1,0,0.0333,0,1801.8,0,1,0,0.0333,0,1801.8
1203,12,635.27,636.7,15,1,244,1,0,1.4333,0,41.861,0,1,0,1.4333,0,41.861,0,0.12817,0.019522,0.13391,0.018637,0,0,0,0,0,0,1,1,1.4333,1.4333,41.861,41.861
1203,12,636.93,637.03,15,1,245,0,1,0,0.1,0,600,1,0,0.1,0,600,0,0.13199,0.027809,0.13222,0.027406,0,0,0,0,0,0,1,1,0.1,0.1,600,600
1203,12,637.3,638.03,11,1,246,0.27274,0.59089,0.2,0.4333,81.822,81.822,0,0.95454,0,0.34998,0,163.64,0.12546,0.02168,0.12123,0.019555,0,0,0,0,0,0,1,1,0.7333,0.7333,81.822,81.822
1203,12,647.3,647.5,15,1,247,0,0,0,0,0,0,0,0,0,0,0,0,0.050891,0.015214,0.050896,0.015178,0,0,0,0,0,0,0,1,0,0.2,0,300
1203,12,652.33,652.97,3,1,248,0,1,0,0.6333,0,94.742,0,1,0,0.6333,0,94.742,0.093527,0.03552,0.093889,0.035123,0,0,0,0,0,0,0,1,0,0.6333,0,94.742
1203,12,654.43,654.87,3,1,249,0,1,0,0.4333,0,138.47,0,0,0,0,0,0,0.086793,0.033674,0.086314,0.033594,0,0,0,0,0,0,0,1,0,0.4333,0,138.47
1203,12,654.97,655.47,3,1,250,0,1,0,0.4999,0,120.02,0,0.46663,0,0.23327,0,120.02,0.12455,0.031444,0.12634,0.032394,0,0.53331,0,0.2666,0,120.02,0,1,0,0.4999,0,120.02
1203,12,655.5,655.6,3,1,251,0,1,0,0.1,0,600,0,1,0,0.1,0,600,0.11466,0.032097,0.11504,0.031913,0,1,0,0.1,0,600,0,1,0,0.1,0,600
1203,12,656.67,656.7,21,1,252,0,0,0,0,0,0,0,0,0,0,0,0,0,0,0,0,0,0,0,0,0,0,0,1,0,0.0333,0,1801.8
1204,12,39.033,40.667,23,1,1,0.020429,0.61226,0.033367,1,36.735,36.735,0.28568,0.51023,0.4666,0.41668,36.735,73.471,0.18792,0.035837,0.20996,0.035983,0.61222,0,0.99993,0,36.735,0,0,0.99998,0,0.81663,0,73.471
1204,12,40.967,41.167,23,1,2,0,0,0,0,0,0,1,0,0.1999,0,300.15,0,0.089108,0.033999,0.089494,0.034069,1,0,0.1999,0,300.15,0,0,1,0,0.1999,0,300.15
1204,12,41.633,41.7,17,1,3,0,0,0,0,0,0,0,0.50025,0,0.033367,0,899.55,0.074553,0.035314,0.074553,0.035314,0,1,0,0.0667,0,899.55,0,1,0,0.0667,0,899.55
1204,12,42.2,42.7,23,1,4,0,1,0,0.5,0,120,0,0.26667,0,0.13333,0,120,0.13734,0.035962,0.14068,0.035205,1,0,0.5,0,120,0,0,1,0,0.5,0,120
1204,12,42.967,43.367,23,1,5,0.16654,0.66675,0.0666,0.26663,150.04,150.04,0,0.7501,0,0.29997,0,150.04,0.08593,0.029732,0.086181,0.029951,1,0,0.3999,0,150.04,0,0,1,0,0.3999,0,150.04
1204,12,43.533,43.867,23,1,6,0.40014,0.39984,0.13337,0.13327,180.02,180.02,0,0,0,0,0,0,0.10842,0.034094,0.10669,0.034093,1,0,0.3333,0,180.02,0,0,1,0,0.3333,0,180.02
1204,12,52.4,52.433,21,1,7,0,0,0,0,0,0,0,0,0,0,0,0,0.293,0.09122,0.293,0.09122,0,1,0,0.0333,0,1801.8,0,1,0,0.0333,0,1801.8
1204,12,52.733,52.767,11,1,8,0,1,0,0.0333,0,1801.8,0,1,0,0.0333,0,1801.8,0.2066,0.045969,0.2066,0.045969,0,0,0,0,0,0,0,2,0,0.0333,0,3603.6
1204,12,54.2,54.367,21,1,9,0,1,0,0.1666,0,360.14,0,0.20008,0,0.033333,0,360.14,0.46926,0.052415,0.49111,0.05248,0,2,0,0.1666,0,720.29,0,1,0,0.1666,0,360.14
1204,12,54.8,55.133,15,1,10,0,0,0,0,0,0,1,0,0.3333,0,180.02,0,0.36097,0.051963,0.36492,0.050629,1,0,0.3333,0,180.02,0,0,1,0,0.3333,0,180.02
1204,12,64.2,64.267,23,1,11,0,0,0,0,0,0,0,1,0,0.0666,0,900.9,0.1965,0.046258,0.1965,0.046258,0,1,0,0.0666,0,900.9,0,1,0,0.0666,0,900.9
1204,12,64.967,65.033,23,1,12,0,1,0,0.0666,0,900.9,0,1,0,0.0666,0,900.9,0.18411,0.046419,0.18411,0.046419,0,1,0,0.0666,0,900.9,0,1,0,0.0666,0,900.9
1204,12,68.067,68.133,15,1,13,0,1,0,0.0666,0,900.9,0,1,0,0.0666,0,900.9,0.22592,0.049155,0.22592,0.049155,0,1,0,0.0666,0,900.9,0,1,0,0.0666,0,900.9
1204,12,69.767,69.867,23,1,14,0,1,0,0.0999,0,600.6,0,0,0,0,0,0,0.099615,0.039872,0.099615,0.039872,0,1,0,0.0999,0,600.6,0,1,0,0.0999,0,600.6
1204,12,71.8,72.133,23,1,15,0,1,0,0.3333,0,180.02,0,0,0,0,0,0,0.26925,0.046581,0.27258,0.047768,0,1,0,0.3333,0,180.02,0,1,0,0.3333,0,180.02
1204,12,72.467,72.567,23,1,16,0,1,0,0.0999,0,600.6,0,1,0,0.0999,0,600.6,0.35336,0.055465,0.35336,0.055465,0,1,0,0.0999,0,600.6,0,1,0,0.0999,0,600.6
1204,12,73.2,73.6,23,1,17,0,1,0,0.4,0,150,0,1,0,0.4,0,150,0.33215,0.06439,0.33134,0.063235,0,1,0,0.4,0,150,0,1,0,0.4,0,150
1204,12,73.667,73.7,23,1,18,0,1,0,0.0333,0,1801.8,0,1,0,0.0333,0,1801.8,0,0,0,0,0,1,0,0.0333,0,1801.8,0,1,0,0.0333,0,1801.8
1204,12,73.733,73.967,23,1,19,0,1,0,0.2333,0,257.18,0,1,0,0.2333,0,257.18,0.34963,0.061108,0.35075,0.060953,0,1,0,0.2333,0,257.18,0,1,0,0.2333,0,257.18
1204,12,74.367,74.8,23,1,20,0,0.84614,0,0.18332,0,276.94,0,1,0,0.4333,0,138.47,0.31317,0.056471,0.3171,0.056373,0,1,0,0.4333,0,138.47,0,1,0,0.4333,0,138.47
1204,12,84.933,85.033,15,1,21,0,1,0,0.1,0,600,0,0,0,0,0,0,0.079927,0.028188,0.080156,0.027895,0,0,0,0,0,0,0,1,0,0.1,0,600
1204,12,85.333,85.7,23,1,22,0,1,0,0.3667,0,163.62,0,0.81811,0,0.15,0,327.24,0.21371,0.042856,0.21142,0.042797,0,0,0,0,0,0,0,1,0,0.3667,0,163.62
1204,12,85.867,86.133,23,1,23,0,0.87509,0,0.2333,0,225.06,0,0.49987,0,0.066633,0,450.11,0.25881,0.047645,0.26017,0.047655,0,0,0,0,0,0,0,1,0,0.2666,0,225.06
1204,12,86.167,86.2,23,1,24,0,0,0,0,0,0,0,1,0,0.0333,0,1801.8,0,0,0,0,0,0,0,0,0,0,0,1,0,0.0333,0,1801.8
1204,12,86.233,86.333,23,1,25,0,0,0,0,0,0,0,0.667,0,0.0667,0,600,0.21272,0.041122,0.21363,0.041801,0,0,0,0,0,0,0,1,0,0.1,0,600
1204,12,88.333,88.467,15,1,26,0,0.49962,0,0.0666,0,450.11,0,1,0,0.1333,0,450.11,0.094058,0.039529,0.093981,0.040006,0,2,0,0.1333,0,900.23,0,1,0,0.1333,0,450.11
1204,12,103.07,103.2,23,1,27,0,0,0,0,0,0,0,0,0,0,0,0,0.16792,0.032134,0.17213,0.031004,0,1,0,0.1333,0,450.11,0,1,0,0.1333,0,450.11
1204,12,106.03,106.77,15,1,28,0,1,0,0.7333,0,81.822,0,0.6818,0,0.24998,0,163.64,0.17907,0.038717,0.18713,0.038515,0,0.6818,0,0.24998,0,163.64,0,1,0,0.7333,0,81.822
1204,12,107.2,107.27,15,1,29,0,1,0,0.0666,0,900.9,0,1,0,0.0666,0,900.9,0.11154,0.032493,0.11154,0.032493,0,1,0,0.0666,0,900.9,0,1,0,0.0666,0,900.9
1204,12,107.4,107.43,15,1,30,0,1,0,0.0333,0,1801.8,0,1,0,0.0333,0,1801.8,0.063519,0.020092,0.063519,0.020092,0,1,0,0.0333,0,1801.8,0,1,0,0.0333,0,1801.8
1204,12,108.83,108.9,15,1,31,0,1,0,0.0667,0,899.55,0,1,0,0.0667,0,899.55,0.075848,0.021418,0.075848,0.021418,0,2,0,0.0667,0,1799.1,0,1,0,0.0667,0,899.55
1204,12,109.07,109.27,15,1,32,0,0.66683,0,0.1333,0,300.15,0,0.66683,0,0.1333,0,300.15,0.082876,0.021463,0.084792,0.021585,0,2,0,0.1999,0,600.3,0,1,0,0.1999,0,300.15
1204,12,124.27,124.6,15,1,33,0,1,0,0.3333,0,180.02,0,1,0,0.3333,0,180.02,0.22182,0.045664,0.225,0.044375,0,1,0,0.3333,0,180.02,0,1,0,0.3333,0,180.02
1204,12,124.93,125.57,23,1,34,0,0.63156,0,0.19998,0,189.48,0,1,0,0.6333,0,94.742,0.28174,0.046542,0.28571,0.046054,0,1,0,0.6333,0,94.742,0,1,0,0.6333,0,94.742
1204,12,132.07,132.37,23,1,35,0.44448,0.22207,0.1333,0.0666,200.07,200.07,0,1,0,0.2999,0,200.07,0.23418,0.048111,0.23074,0.04713,1,0,0.2999,0,200.07,0,0,1,0,0.2999,0,200.07
1204,12,132.63,132.8,15,1,36,1,0,0.1667,0,359.93,0,0,1,0,0.1667,0,359.93,0.25474,0.051632,0.25946,0.05225,0,0.59988,0,0.1,0,359.93,0,1,0,0.1667,0,359.93
1204,12,132.87,133,23,1,37,0,0,0,0,0,0,0,1,0,0.1333,0,450.11,0.1921,0.039316,0.19348,0.039734,1,0,0.1333,0,450.11,0,0,1,0,0.1333,0,450.11
1204,12,148.8,148.83,23,1,38,0,0,0,0,0,0,0,1,0,0.0333,0,1801.8,0.17328,0.036531,0.17328,0.036531,0,0,0,0,0,0,0,1,0,0.0333,0,1801.8
1204,12,150.97,151,15,1,39,0,0,0,0,0,0,1,0,0.0333,0,1801.8,0,0,0,0,0,0,0,0,0,0,0,0,2,0,0.0333,0,3603.6
1204,12,151.3,151.57,15,1,40,1,0,0.2666,0,225.06,0,0,0.74994,0,0.19993,0,225.06,0.11992,0.033691,0.12,0.033609,0,0,0,0,0,0,0,2,0,0.2666,0,450.11
1204,12,152.47,152.83,18,1,41,0,0,0,0,0,0,0,1,0,0.3666,0,163.67,0.1377,0.04465,0.1389,0.046433,0,0.45454,0,0.16663,0,163.67,0,2,0,0.3666,0,327.33
1204,12,152.9,152.97,18,1,42,0,0,0,0,0,0,0,1,0,0.0666,0,900.9,0.10927,0.044431,0.10927,0.044431,0,1,0,0.0666,0,900.9,0,2,0,0.0666,0,1801.8
1204,12,153.6,153.67,21,1,43,0,0,0,0,0,0,0,0,0,0,0,0,0.066137,0.023083,0.066137,0.023083,0,1,0,0.0666,0,900.9,0,2,0,0.0666,0,1801.8
1204,12,173.9,174.23,16,1,44,0,0,0,0,0,0,0,0,0,0,0,0,0.059708,0.022459,0.058979,0.02559,0.10001,0.50005,0.033333,0.16667,180.02,180.02,0,1,0,0.3333,0,180.02
1204,12,177.47,177.5,15,1,45,0,0,0,0,0,0,0,0,0,0,0,0,0,0,0,0,0,1,0,0.0333,0,1801.8,0,1,0,0.0333,0,1801.8
1204,12,178.53,178.7,15,1,46,0,0.80004,0,0.13337,0,359.93,0,0,0,0,0,0,0.16423,0.057668,0.16328,0.054184,0,1,0,0.1667,0,359.93,0,1,0,0.1667,0,359.93
1204,12,218.87,219.73,16,1,47,0,0,0,0,0,0,0,0.96154,0,0.41663,0,138.47,0.10682,0.025583,0.11102,0.023419,0,0,0,0,0,0,0,1,0,0.8666,0,69.236
1204,12,243.03,244.07,1,1,48,1,0,1.0333,0,58.066,0,0.54844,0.38704,0.5667,0.39993,58.066,58.066,0.22319,0.072025,0.22531,0.069766,1,0,1.0333,0,58.066,0,0.32253,1,0.33327,1.0333,58.066,58.066
1204,12,244.17,244.6,15,1,49,0,1,0,0.4333,0,138.47,1,0,0.4333,0,138.47,0,0.43825,0.10939,0.44057,0.10718,0,1,0,0.4333,0,138.47,1,1,0.4333,0.4333,138.47,138.47
1204,12,244.67,245.03,15,1,50,0,1,0,0.3666,0,163.67,1,0,0.3666,0,163.67,0,0.40834,0.092338,0.40492,0.090403,0,0.36361,0,0.1333,0,163.67,1,1,0.3666,0.3666,163.67,163.67
1204,12,245.07,245.13,1,1,51,1,0,0.0666,0,900.9,0,0,1,0,0.0666,0,900.9,0.33204,0.091149,0.33204,0.091149,0,0,0,0,0,0,1,1,0.0666,0.0666,900.9,900.9
1204,12,245.2,245.3,15,1,52,0,1,0,0.1,0,600,1,0,0.1,0,600,0,0.39796,0.10243,0.39591,0.10296,0,0,0,0,0,0,1,1,0.1,0.1,600,600
1204,12,245.37,245.5,1,1,53,1,0,0.1333,0,450.11,0,0,1,0,0.1333,0,450.11,0.32545,0.068018,0.32486,0.068556,0,0,0,0,0,0,1,1,0.1333,0.1333,450.11,450.11
1204,12,245.6,246.2,15,1,54,0,1,0,0.6,0,100,1,0,0.6,0,100,0,0.42874,0.07554,0.42295,0.075806,0,0,0,0,0,0,1,1,0.6,0.6,100,100
1204,12,246.23,246.37,1,1,55,1,0,0.1333,0,450.11,0,0,1,0,0.1333,0,450.11,0.34517,0.06131,0.34708,0.06044,0,0,0,0,0,0,1,1,0.1333,0.1333,450.11,450.11
1204,12,246.4,246.73,15,1,56,0,1,0,0.3333,0,180.02,1,0,0.3333,0,180.02,0,0.34015,0.060075,0.33842,0.057683,0,0,0,0,0,0,1,1,0.3333,0.3333,180.02,180.02
1204,12,246.8,246.97,15,1,57,0,1,0,0.1666,0,360.14,1,0,0.1666,0,360.14,0,0.42144,0.094503,0.42778,0.094175,0,0,0,0,0,0,1,1,0.1666,0.1666,360.14,360.14
1204,12,247.37,247.43,15,1,58,0,1,0,0.0666,0,900.9,1,0,0.0666,0,900.9,0,0.27118,0.087197,0.27118,0.087197,0,0,0,0,0,0,1,1,0.0666,0.0666,900.9,900.9
1204,12,247.57,247.7,1,1,59,1,0,0.1333,0,450.11,0,0,1,0,0.1333,0,450.11,0.23768,0.072514,0.23913,0.072696,0,0,0,0,0,0,1,1,0.1333,0.1333,450.11,450.11
1204,12,248.07,248.43,15,1,60,0,0.27269,0,0.099967,0,163.67,1,0,0.3666,0,163.67,0,0.31367,0.070319,0.31194,0.064465,0,0,0,0,0,0,1,1,0.3666,0.3666,163.67,163.67
1204,12,248.53,249.03,1,1,61,0,0,0,0,0,0,0,1,0,0.5,0,120,0.32086,0.086207,0.29476,0.080366,0,0,0,0,0,0,1,1,0.5,0.5,120,120
1204,12,249.2,249.23,15,1,62,0,1,0,0.0333,0,1801.8,1,0,0.0333,0,1801.8,0,0.39432,0.11571,0.39432,0.11571,0,0,0,0,0,0,1,1,0.0333,0.0333,1801.8,1801.8
1204,12,249.57,249.83,1,1,63,0,0,0,0,0,0,0,1,0,0.2666,0,225.06,0.3365,0.086305,0.33547,0.083265,0,0,0,0,0,0,0,2,0,0.2666,0,450.11
1204,12,249.93,250.03,1,1,64,0,0,0,0,0,0,0,1,0,0.1,0,600,0.30428,0.069461,0.30463,0.069232,0,0,0,0,0,0,0,2,0,0.1,0,1200
1204,12,251,251.03,15,1,65,0,0,0,0,0,0,1,0,0.0333,0,1801.8,0,0.35933,0.1158,0.35933,0.1158,0,0,0,0,0,0,1,1,0.01665,0.0333,3603.6,1801.8
1204,12,252.2,252.83,1,1,66,1,0,0.6333,0,94.742,0,0,0.57898,0,0.36667,0,94.742,0.17305,0.020441,0.17862,0.018863,0,0,0,0,0,0,0,1,0,0.6333,0,94.742
1204,12,253,253.27,1,1,67,1,0,0.2666,0,225.06,0,0.49987,0,0.13327,0,225.06,0,0.23568,0.10097,0.23484,0.09012,0,0.74994,0,0.19993,0,225.06,0,1,0,0.2666,0,225.06
1204,12,253.27,253.3,2,1,68,0,1,0,0.0333,0,1801.8,0,1,0,0.0333,0,1801.8,0,0,0,0,0,1,0,0.0333,0,1801.8,0,1,0,0.0333,0,1801.8
1204,12,253.3,253.97,1,1,69,0.25003,0,0.16667,0,90.009,0,1,0,0.6666,0,90.009,0,0.19285,0.017103,0.18511,0.013067,0,1,0,0.6666,0,90.009,0,1,0,0.6666,0,90.009
1204,12,254.03,254.13,23,1,70,0,0,0,0,0,0,0,0,0,0,0,0,0.21841,0.082522,0.21422,0.080432,0,1,0,0.1,0,600,0,1,0,0.1,0,600
1204,12,268.73,268.87,23,1,71,0,0,0,0,0,0,0,1,0,0.1333,0,450.11,0.063188,0.021127,0.063294,0.021251,0,2,0,0.1333,0,900.23,0,0.99975,0,0.13327,0,450.11
1205,12,63.6,64,11,1,1,1,0,0.4,0,150,0,0,1,0,0.4,0,150,0.46529,0.037627,0.46955,0.03765,1,0,0.4,0,150,0,0,2,0,0.4,0,300
1205,12,64.033,64.433,11,1,2,1,0,0.4,0,150,0,0,1,0,0.4,0,150,0.35463,0.041569,0.35132,0.042464,1.9166,0,0.38332,0,300,0,0,2,0,0.4,0,300
1205,12,65.333,65.9,3,1,3,0.7059,0,0.40003,0,105.88,0,0.64708,0,0.3667,0,105.88,0,0.11333,0.037008,0.11372,0.037155,0,2,0,0.5667,0,211.75,1,1,0.5667,0.5667,105.88,105.88
1205,12,66.2,66.3,23,1,4,0,1,0,0.1,0,600,0,0,0,0,0,0,0.10265,0.02927,0.10286,0.02946,0,2,0,0.1,0,1200,0,2,0,0.1,0,1200
1205,12,66.333,67.167,23,1,5,0,0.12004,0,0.10003,0,72.003,0,0.99996,0,0.83327,0,72.003,0.13304,0.033582,0.1349,0.033094,0,2,0,0.8333,0,144.01,0,1.8,0,0.49998,0,216.01
1205,12,67.867,69.1,23,1,6,1,0,1.2333,0,48.65,0,0,0,0,0,0,0,0.12785,0.035857,0.12948,0.035328,0,2,0,1.2333,0,97.3,0,1.4865,0,0.91663,0,97.3
1205,12,69.7,70.033,23,1,7,0,0,0,0,0,0,0,0,0,0,0,0,0.12252,0.031986,0.12545,0.032316,0,2,0,0.3333,0,360.04,0,1,0,0.3333,0,180.02
1205,12,71.4,71.767,3,1,8,0,0.45445,0,0.1666,0,163.67,0,1,0,0.3666,0,163.67,0.085203,0.030858,0.085498,0.031315,0,2,0,0.3666,0,327.33,0,1.1819,0,0.21663,0,327.33
1205,12,74.133,74.167,23,1,9,0,1,0,0.0333,0,1801.8,0,1,0,0.0333,0,1801.8,0.11919,0.036603,0.11919,0.036603,0,2,0,0.0333,0,3603.6,0,0.999,0,0.033267,0,1801.8
1205,12,74.4,74.767,23,1,10,0,1,0,0.3666,0,163.67,0,1,0,0.3666,0,163.67,0.092713,0.032299,0.091933,0.031886,0,2,0,0.3666,0,327.33,0,1,0,0.3666,0,163.67
1205,12,86.033,86.067,3,1,11,0,1,0,0.0333,0,1801.8,0,0,0,0,0,0,0.094329,0.035957,0.094329,0.035957,0,1,0,0.0333,0,1801.8,0,1,0,0.0333,0,1801.8
1205,12,125,125.03,3,1,12,0,1,0,0.0333,0,1801.8,0,1,0,0.0333,0,1801.8,0.073322,0.042528,0.073322,0.042528,0,0,0,0,0,0,0,2,0,0.0333,0,3603.6
1205,12,125.57,125.73,3,1,13,0,1,0,0.1666,0,360.14,0,1,0,0.1666,0,360.14,0.061884,0.017604,0.062089,0.017521,0,0,0,0,0,0,0,2,0,0.1666,0,720.29
1205,12,130.53,130.8,5,1,14,0,0.62505,0,0.1667,0,224.97,0,1,0,0.2667,0,224.97,0.092729,0.037344,0.09294,0.03684,0,1,0,0.2667,0,224.97,0,1,0,0.2667,0,224.97
1205,12,137.03,137.07,5,1,15,0,1,0,0.0333,0,1801.8,0,0,0,0,0,0,0.085556,0.03571,0.085556,0.03571,0,1,0,0.0333,0,1801.8,0,1,0,0.0333,0,1801.8
1205,12,137.3,137.43,5,1,16,0,0,0,0,0,0,0,0,0,0,0,0,0.094434,0.041257,0.093902,0.041322,0,1,0,0.1333,0,450.11,0,1,0,0.1333,0,450.11
1205,12,138.17,138.2,22,1,17,0,0,0,0,0,0,0,0,0,0,0,0,0,0,0,0,0,1,0,0.0333,0,1801.8,1,1,0.0333,0.0333,1801.8,1801.8
1205,12,138.47,138.63,22,1,18,0,1,0,0.1666,0,360.14,0,1,0,0.1666,0,360.14,0.10861,0.039872,0.10951,0.040055,0,0.19988,0,0.0333,0,360.14,1,1,0.1666,0.1666,360.14,360.14
1205,12,138.9,139.23,22,1,19,0,1,0,0.3333,0,180.02,0,0.79998,0,0.13332,0,360.04,0.12153,0.039391,0.11955,0.038523,0,0,0,0,0,0,1,1,0.3333,0.3333,180.02,180.02
1205,12,139.6,139.63,5,1,20,0,1,0,0.0333,0,1801.8,0,1,0,0.0333,0,1801.8,0.14217,0.055665,0.14217,0.055665,0,1,0,0.0333,0,1801.8,0,1,0,0.0333,0,1801.8
1205,12,139.73,139.87,21,1,21,0,1,0,0.1333,0,450.11,0,1,0,0.1333,0,450.11,0.14375,0.06091,0.14504,0.060836,0,1,0,0.1333,0,450.11,0,1,0,0.1333,0,450.11
1205,12,141.5,141.6,23,1,22,1,0,0.1,0,600,0,0,1,0,0.1,0,600,0.17787,0.054999,0.17143,0.056183,0,2,0,0.1,0,1200,0,2,0,0.1,0,1200
1205,12,141.73,141.8,22,1,23,0,1,0,0.0667,0,899.55,0,1,0,0.0667,0,899.55,0.11621,0.049843,0.11621,0.049843,0,2,0,0.0667,0,1799.1,1,1,0.0667,0.0667,899.55,899.55
1205,12,142.33,144.1,23,1,24,0.16983,0.81131,0.30003,1.4333,33.962,33.962,0.50944,0.22641,0.90003,0.2,33.962,67.923,0.14601,0.04042,0.14792,0.041244,0,2,0,1.7667,0,67.923,0,1.6415,0,0.72502,0,135.85
1205,12,144.23,144.3,23,1,25,0,1,0,0.0667,0,899.55,0,1,0,0.0667,0,899.55,0.095156,0.036268,0.095156,0.036268,0,2,0,0.0667,0,1799.1,0,2,0,0.0667,0,1799.1
1205,12,144.53,145.73,23,1,26,0.88886,0.11114,1.0666,0.13337,50,50,0,1,0,1.2,0,50,0.13586,0.033744,0.13768,0.033719,0,2,0,1.2,0,100,0,1.5,0,0.90002,0,100
1205,12,146.93,147,23,1,27,0,1,0,0.0667,0,899.55,0,1,0,0.0667,0,899.55,0.14834,0.039481,0.14834,0.039481,0,2,0,0.0667,0,1799.1,0,1,0,0.0667,0,899.55
1205,12,148.83,148.93,23,1,28,1,0,0.1,0,600,0,0,1,0,0.1,0,600,0.16869,0.0304,0.16853,0.03091,0,2,0,0.1,0,1200,0,0.99967,0,0.099967,0,600
1205,12,149.03,149.3,23,1,29,1,0,0.2667,0,224.97,0,0,0,0,0,0,0,0.18242,0.026748,0.18234,0.027232,0,2,0,0.2667,0,449.94,0,1.6248,0,0.21667,0,449.94
1205,12,149.57,149.97,23,1,30,1,0,0.3999,0,150.04,0,0,0.2499,0,0.099933,0,150.04,0.13762,0.029421,0.13279,0.029163,0,2,0,0.3999,0,300.08,0,1,0,0.3999,0,150.04
1205,12,150.7,151.47,23,1,31,0.17393,0.34786,0.13333,0.26667,78.268,78.268,0,0.91304,0,0.34997,0,156.54,0.16234,0.029813,0.17171,0.028884,0,2,0,0.7666,0,156.54,0,1.2174,0,0.46663,0,156.54
1205,12,151.53,151.6,23,1,32,0,1,0,0.0667,0,899.55,0,1,0,0.0667,0,899.55,0.13758,0.035809,0.13758,0.035809,0,2,0,0.0667,0,1799.1,0,1,0,0.0667,0,899.55
1205,12,151.83,152.3,23,1,33,0,1,0,0.4667,0,128.56,0,1,0,0.4667,0,128.56,0.12823,0.02445,0.13409,0.02405,0,1,0,0.4667,0,128.56,0,2,0,0.4667,0,257.12
1205,12,154.53,155.63,23,1,34,0,0.30303,0,0.16667,0,109.09,0,0,0,0,0,0,0.13679,0.032321,0.13575,0.032822,0,1,0,1.1,0,54.545,0,0.99997,0,1.1,0,54.545
1205,12,156,157.2,23,1,35,0,0.91667,0,0.36667,0,150,0,0.27778,0,0.33333,0,50,0.15531,0.028879,0.1591,0.02741,0,1,0,1.2,0,50,0,1,0,1.2,0,50
1205,12,158.43,158.57,2,1,36,0.74969,0,0.099933,0,450.11,0,0,0,0,0,0,0,0.091617,0.032182,0.096337,0.032329,0,0,0,0,0,0,0,1,0,0.1333,0,450.11
1205,12,159,159.37,2,1,37,0,1,0,0.3666,0,163.67,0.72722,0,0.2666,0,163.67,0,0.11451,0.034058,0.1137,0.034502,0,0,0,0,0,0,0,1,0,0.3666,0,163.67
1205,12,159.4,159.9,2,1,38,0,0.93333,0,0.46667,0,120,1,0,0.5,0,120,0,0.18177,0.044432,0.18971,0.044445,0,0,0,0,0,0,0,1,0,0.5,0,120
1205,12,159.97,160,22,1,39,0,0,0,0,0,0,0,1,0,0.0333,0,1801.8,0,0,0,0,0,1,0,0.0333,0,1801.8,0,1,0,0.0333,0,1801.8
1205,12,160.1,160.43,23,1,40,0,0,0,0,0,0,0,0.40004,0,0.13333,0,180.02,0.14453,0.034745,0.14834,0.035046,0,0,0,0,0,180.02,0,1,0,0.3333,0,180.02
1205,12,160.93,162.07,23,1,41,0.85291,0,0.9666,0,52.943,0,0,0.058796,0,0.033317,0,105.89,0.19386,0.041879,0.19564,0.044753,0,0,0,0,0,0,0,0.99997,0,1.1333,0,52.943
1205,12,163.6,163.97,12,1,42,0,1,0,0.3666,0,163.67,0,1,0,0.3666,0,163.67,0.10525,0.031153,0.10663,0.03197,0,0,0,0,0,0,0,1.6363,0,0.29993,0,327.33
1205,12,164,164.07,12,1,43,0,1,0,0.0666,0,900.9,0,1,0,0.0666,0,900.9,0.086082,0.033437,0.086082,0.033437,0,0,0,0,0,0,0,2,0,0.0666,0,1801.8
1205,12,164.73,164.8,12,1,44,0,1,0,0.0667,0,899.55,0,1,0,0.0667,0,899.55,0.080949,0.031968,0.080949,0.031968,0,0,0,0,0,0,0,2,0,0.0667,0,1799.1
1205,12,166.07,167.47,12,1,45,0,0.92857,0,0.64995,0,85.72,0,1,0,1.3999,0,42.86,0.099955,0.029117,0.099693,0.029245,0,0,0,0,0,0,0,1,0,1.3999,0,42.86
1205,12,168.2,168.57,12,1,46,0,0.81815,0,0.14997,0,327.33,0,1,0,0.3666,0,163.67,0.10632,0.027239,0.10792,0.02717,0,0,0,0,0,0,0,1,0,0.3666,0,163.67
1205,12,170.9,173.7,23,1,47,0.2619,0.20238,0.73333,0.28333,21.429,42.857,0.11905,0.7381,0.33333,0.68889,21.429,64.286,0.21221,0.038883,0.21152,0.037831,0,0,0,0,0,0,0,1.5238,0,1.4222,0,64.286
1205,12,173.9,174.2,23,1,48,0,1,0,0.3,0,200,0,1,0,0.3,0,200,0.18888,0.057488,0.18802,0.057137,0,0,0,0,0,0,0,1.7778,0,0.17778,0,600
1205,12,174.5,175.03,23,1,49,0,1,0,0.5333,0,112.51,0,1,0,0.5333,0,112.51,0.16824,0.049557,0.16852,0.049745,0,0,0,0,0,0,0,1.1875,0,0.31665,0,225.01
1205,12,187.07,187.53,23,1,50,0,0.57144,0,0.26663,0,128.59,0,1,0,0.4666,0,128.59,0.20128,0.061212,0.19941,0.061081,0,0,0,0,0,0,0,2,0,0.4666,0,257.18
1205,12,187.73,187.83,23,1,51,0,1,0,0.1,0,600,0,1,0,0.1,0,600,0.18062,0.060724,0.18075,0.060702,0,0,0,0,0,0,0,2,0,0.1,0,1200
1205,12,188.37,188.77,23,1,52,0,1,0,0.3999,0,150.04,0,1,0,0.3999,0,150.04,0.19147,0.061406,0.19106,0.061846,0,0,0,0,0,0,0,2,0,0.3999,0,300.08
1205,12,189.4,190.03,23,1,53,0.57898,0.31575,0.36667,0.19997,94.742,94.742,0,1,0,0.6333,0,94.742,0.1786,0.045939,0.18229,0.044056,0,0,0,0,0,0,0,1.3684,0,0.28887,0,284.23
1205,12,190.3,190.33,23,1,54,1,0,0.0333,0,1801.8,0,0,1,0,0.0333,0,1801.8,0.15716,0.044898,0.15716,0.044898,0,0,0,0,0,0,0,2,0,0.0333,0,3603.6
1205,12,190.7,190.73,15,1,55,0,1,0,0.0333,0,1801.8,0,1,0,0.0333,0,1801.8,0.14837,0.048021,0.14837,0.048021,0,0,0,0,0,0,0,2,0,0.0333,0,3603.6
1205,12,192.73,193.67,15,1,56,0.10718,0.78567,0.10003,0.73327,64.288,64.288,0.17861,0.60709,0.1667,0.5666,64.288,64.288,0.20306,0.039236,0.20223,0.039291,0,0,0,0,0,0,0,1,0,0.9333,0,64.288
1205,12,194.1,194.57,15,1,57,0,0.85712,0,0.39993,0,128.59,0,0.78583,0,0.36667,0,128.59,0.16364,0.043831,0.15892,0.043101,0,0,0,0,0,0,0,1,0,0.4666,0,128.59
1205,12,196.13,196.23,23,1,58,0,0,0,0,0,0,0,1,0,0.1,0,600,0.17057,0.048811,0.17037,0.04898,0,0,0,0,0,0,0,1,0,0.1,0,600
1205,12,198.23,198.37,15,1,59,0,1,0,0.1333,0,450.11,0,0,0,0,0,0,0.202,0.052669,0.20221,0.05339,0,0,0,0,0,0,0,0.99975,0,0.13327,0,450.11
1205,12,198.4,198.53,23,1,60,0,1,0,0.1333,0,450.11,0,0,0,0,0,0,0.21287,0.056032,0.21424,0.056265,0,0,0,0,0,0,0,1,0,0.1333,0,450.11
1205,12,199,199.23,23,1,61,0,0.85712,0,0.099983,0,514.36,0,0.28576,0,0.066667,0,257.18,0.17958,0.049249,0.1815,0.048848,0,0,0,0,0,0,0,1,0,0.2333,0,257.18
1205,12,200.7,201.4,23,1,62,0,0.47619,0,0.33333,0,85.714,0,0.52381,0,0.36667,0,85.714,0.19572,0.048504,0.19808,0.047736,0,0,0,0,0,0,0,1,0,0.7,0,85.714
1205,12,201.93,202.5,23,1,63,0,0.76472,0,0.14446,0,317.63,0,1,0,0.5667,0,105.88,0.1772,0.041856,0.18072,0.041646,0,0,0,0,0,0,0,0.99994,0,0.56667,0,105.88
1205,12,202.73,203.27,23,1,64,0,0.68761,0,0.3667,0,112.51,0,0.12507,0,0.0667,0,112.51,0.15164,0.043515,0.1487,0.043236,0,0,0,0,0,0,0,1.9374,0,0.51662,0,225.01
1205,12,203.63,203.83,15,1,65,0,0,0,0,0,0,0,0.49983,0,0.099967,0,300,0.15829,0.045844,0.15989,0.044793,0,0,0,0,0,0,0.50017,1,0.10003,0.2,300,300
1205,12,203.97,204.2,23,1,66,0,0,0,0,0,0,0,1,0,0.2333,0,257.18,0.14206,0.0548,0.14299,0.053735,0,0,0,0,0,0,0,2,0,0.2333,0,514.36
1205,12,204.37,204.77,15,1,67,0,1,0,0.3999,0,150.04,0,1,0,0.3999,0,150.04,0.1419,0.053312,0.14128,0.052973,0,0,0,0,0,0,0,2,0,0.3999,0,300.08
1205,12,205.07,205.2,15,1,68,0,1,0,0.1333,0,450.11,0,1,0,0.1333,0,450.11,0.13179,0.045171,0.13193,0.044198,0,0,0,0,0,0,0,2,0,0.1333,0,900.23
1205,12,205.3,205.33,18,1,69,0,1,0,0.0333,0,1801.8,1,0,0.0333,0,1801.8,0,0.25894,0.049474,0.25894,0.049474,0,0,0,0,0,0,1,1,0.0333,0.0333,1801.8,1801.8
1205,12,205.33,205.4,15,1,70,0,1,0,0.0667,0,899.55,0,1,0,0.0667,0,899.55,0.13457,0.041657,0.13457,0.041657,0,0,0,0,0,0,0,2,0,0.0667,0,1799.1
1205,12,205.4,205.7,10,1,71,1,0,0.3,0,200,0,0,0.55556,0,0.16667,0,200,0.24926,0.052157,0.25363,0.052063,0,0,0,0,0,0,1,1,0.3,0.3,200,200
1205,12,205.8,205.97,15,1,72,0,1,0,0.1666,0,360.14,0,0.39976,0,0.0666,0,360.14,0.1442,0.054803,0.14314,0.054901,0,0,0,0,0,0,0,2,0,0.1666,0,720.29
1205,12,206.13,206.17,15,1,73,0,1,0,0.0333,0,1801.8,0,0.001001,0,3.3333e-05,0,1801.8,0.13167,0.050516,0.13167,0.050516,0,0,0,0,0,0,0,2,0,0.0333,0,3603.6
1205,12,206.4,206.63,23,1,74,0,1,0,0.2333,0,257.18,0.42849,0.28576,0.099967,0.066667,257.18,257.18,0.15315,0.041685,0.15376,0.041613,0,0,0,0,0,0,0,1,0,0.2333,0,257.18
1205,12,207.47,207.67,15,1,75,0,0,0,0,0,0,0,0,0,0,0,0,0.16798,0.051876,0.16957,0.050567,0,0,0,0,0,0,0,1.4999,0,0.14992,0,600.3
1205,12,208.07,208.27,23,1,76,0,0.16642,0,0.033267,0,300.15,0,0.33317,0,0.0666,0,300.15,0.16434,0.040331,0.16286,0.040326,0,0,0,0,0,0,1,1,0.1999,0.1999,300.15,300.15
1205,12,209.7,211.47,23,1,77,0,1,0,1.7666,0,33.964,0.3396,0.49058,0.59993,0.86667,33.964,33.964,0.20132,0.035502,0.2,0.035154,0,0,0,0,0,0,0,1.3207,0,1.1666,0,67.927
1205,12,212.53,213.53,23,1,78,0,1,0,1,0,60,0,0.79997,0,0.79997,0,60,0.16208,0.038356,0.16132,0.037673,0,0,0,0,0,0,0,1.1,0,0.55002,0,120
1205,12,216.43,216.83,23,1,79,0,1,0,0.4,0,150,0,1,0,0.4,0,150,0.23826,0.051555,0.24376,0.052827,0,0.41658,0,0.083317,0,300,0,0.99992,0,0.39997,0,150
1205,12,216.87,217.13,8,1,80,1,0,0.2666,0,225.06,0,0.75006,0,0.19997,0,225.06,0,0.15528,0.03351,0.15417,0.033235,0,1,0,0.2666,0,225.06,0,1,0,0.2666,0,225.06
1205,12,217.6,217.7,22,1,81,0,1,0,0.05,0,1200,0,1,0,0.1,0,600,0.32644,0.062738,0.32719,0.063016,0,0.33333,0,0.033333,0,600,0,1,0,0.1,0,600
1205,12,217.73,217.8,22,1,82,0,1,0,0.0667,0,899.55,0,1,0,0.0667,0,899.55,0.21431,0.051911,0.21431,0.051911,0.49975,1,0.033333,0.0667,899.55,899.55,0,1,0,0.0667,0,899.55
1205,12,225.63,225.87,17,1,83,0,1,0,0.2333,0,257.18,0,0.7141,0,0.1666,0,257.18,0.36185,0.054684,0.37075,0.051568,2,0,0.2333,0,514.36,0,0,1,0,0.2333,0,257.18
1205,12,226.1,226.13,17,1,84,0,1,0,0.0333,0,1801.8,0,1,0,0.0333,0,1801.8,0.40463,0.0873,0.40463,0.0873,2,0,0.0333,0,3603.6,0,0,1,0,0.0333,0,1801.8
1205,12,226.27,229.37,22,1,85,1,0,3.0999,0,19.355,0,0,0.96774,0,1.5,0,38.711,0.52411,0.052462,0.52692,0.050672,0.86022,1.1398,2.6666,1.7666,19.355,38.711,0,1.5591,0,1.2083,0,77.422
1205,12,229.97,230.83,22,1,86,0.80772,0,0.69997,0,69.236,0,0,0.38464,0,0.33333,0,69.236,0.32066,0.039094,0.33554,0.037135,1,1,0.8666,0.8666,69.236,69.236,0,1.2693,0,0.54997,0,138.47
1205,12,230.93,231.1,15,1,87,0,0,0,0,0,0,0,0,0,0,0,0,0.16436,0.037853,0.16543,0.037282,0,2,0,0.1667,0,719.86,0,1,0,0.1667,0,359.93
1205,12,231.17,231.2,15,1,88,0,0,0,0,0,0,0,0,0,0,0,0,0,0,0,0,0,2,0,0.0333,0,3603.6,0,1,0,0.0333,0,1801.8
1205,12,231.23,231.3,15,1,89,0,0,0,0,0,0,0,0,0,0,0,0,0.11274,0.033781,0.11274,0.033781,0,2,0,0.0667,0,1799.1,0,1,0,0.0667,0,899.55
1205,12,231.43,231.57,23,1,90,0,0,0,0,0,0,0,0,0,0,0,0,0.14026,0.036486,0.1393,0.036318,0,2,0,0.1333,0,900.23,0,1,0,0.1333,0,450.11
1205,12,231.9,232.23,23,1,91,0,0,0,0,0,0,0,0,0,0,0,0,0.13262,0.037576,0.13266,0.037516,0,2,0,0.3333,0,360.04,0,1,0,0.3333,0,180.02
1205,12,232.27,234,23,1,92,0,0,0,0,0,0,0,0.48078,0,0.83333,0,34.616,0.14851,0.038361,0.1496,0.038259,0,2,0,1.7333,0,69.232,0,1,0,1.7333,0,34.616
1205,12,234.03,234.17,23,1,93,0,0,0,0,0,0,0,1,0,0.1333,0,450.11,0.15252,0.042319,0.15263,0.042342,0,2,0,0.1333,0,900.23,0,1,0,0.1333,0,450.11
1205,12,234.37,234.8,15,1,94,0,0,0,0,0,0,0,1,0,0.4333,0,138.47,0.10254,0.026668,0.10245,0.027173,0,2,0,0.4333,0,276.94,0,1,0,0.4333,0,138.47
1205,12,236.33,236.53,23,1,95,0,0,0,0,0,0,0,1,0,0.2,0,300,0.1476,0.047629,0.15097,0.047459,0,2,0,0.2,0,600,0,2,0,0.2,0,600
1205,12,236.77,237.17,17,1,96,0,0,0,0,0,0,0.50004,0.33325,0.19997,0.13327,150.04,150.04,0.18639,0.052936,0.18662,0.050134,1,0,0.3999,0,150.04,0,1,1,0.3999,0.3999,150.04,150.04
1205,12,237.27,237.33,23,1,97,0,0,0,0,0,0,0,1,0,0.0666,0,900.9,0.15435,0.050231,0.15435,0.050231,0,0,0,0,0,0,0,2,0,0.0666,0,1801.8
1205,12,237.37,237.4,23,1,98,0,0,0,0,0,0,0,1,0,0.0333,0,1801.8,0,0,0,0,0,0,0,0,0,0,0,2,0,0.0333,0,3603.6
1205,12,237.43,237.57,23,1,99,0,0,0,0,0,0,0,1,0,0.1333,0,450.11,0.14943,0.04652,0.14947,0.047417,0,0,0,0,0,0,0,2,0,0.1333,0,900.23
1205,12,237.57,237.6,15,1,100,0,1,0,0.0333,0,1801.8,0,1,0,0.0333,0,1801.8,0,0,0,0,0,0,0,0,0,0,0,2,0,0.0333,0,3603.6
1205,12,237.6,238.03,23,1,101,0,1,0,0.4333,0,138.47,0,0.92315,0,0.4,0,138.47,0.13203,0.040951,0.12962,0.041186,0,0,0,0,0,0,0,2,0,0.4333,0,276.94
1205,12,238.63,238.87,23,1,102,0,1,0,0.2333,0,257.18,0,1,0,0.2333,0,257.18,0.12412,0.047058,0.12392,0.047093,0,0,0,0,0,0,0,2,0,0.2333,0,514.36
1205,12,239.13,239.37,22,1,103,0,0,0,0,0,0,0,1,0,0.2333,0,257.18,0.19042,0.04532,0.19274,0.047299,0,0,0,0,0,0,0,1.1426,0,0.13328,0,514.36
1205,12,239.4,239.7,22,1,104,0,0,0,0,0,0,0,1,0,0.3,0,200,0.18282,0.049373,0.18274,0.049964,0,0,0,0,0,0,0,2,0,0.3,0,400
1205,12,240.33,240.67,23,1,105,0,0,0,0,0,0,1,0,0.3333,0,180.02,0,0.20418,0.04014,0.20712,0.040799,0,0,0,0,0,0,0.89989,1,0.29993,0.3333,180.02,180.02
1205,12,240.93,241.73,23,1,106,0.20829,0.33337,0.16663,0.2667,75,75,0.83338,0,0.6667,0,75,0,0.2154,0.043313,0.22393,0.043269,0,0,0,0,0,0,1,1,0.8,0.8,75,75
1205,12,242.03,242.23,23,1,107,0,0,0,0,0,0,0,0.83317,0,0.16663,0,300,0.18198,0.039074,0.18322,0.039015,0,0,0,0,0,0,1,1,0.2,0.2,300,300
1205,12,242.27,242.83,15,1,108,0,0.35292,0,0.19997,0,105.89,0,0.76468,0,0.14442,0,317.68,0.15617,0.023952,0.15687,0.023692,0,0,0,0,0,0,0,1.1176,0,0.31662,0,211.79
1205,12,242.83,242.93,23,1,109,1,0,0.1,0,600,0,1,0,0.1,0,600,0,0.20832,0.036859,0.20898,0.037151,0,0,0,0,0,0,1,1,0.1,0.1,600,600
1205,12,243.07,243.87,23,1,110,1,0,0.7999,0,75.009,0,1,0,0.7999,0,75.009,0,0.19138,0.03731,0.18861,0.037502,0,0,0,0,0,0,0.54169,1.4583,0.4333,0.58325,75.009,150.02
1205,12,244,244.43,23,1,111,1,0,0.4333,0,138.47,0,1,0,0.4333,0,138.47,0,0.19221,0.041689,0.19317,0.04158,0,0,0,0,0,0,0,2,0,0.4333,0,276.94
1205,12,244.7,245.93,23,1,112,1,0,1.2333,0,48.65,0,1,0,1.2333,0,48.65,0,0.1682,0.036421,0.16312,0.036069,0,0,0,0,0,0,0.32433,1,0.4,1.2333,48.65,48.65
1205,12,247,247.07,23,1,113,1,0,0.0666,0,900.9,0,1,0,0.0666,0,900.9,0,0.1784,0.041032,0.1784,0.041032,0,0,0,0,0,0,0,2,0,0.0666,0,1801.8
1205,12,247.33,247.83,15,1,114,0,0.53327,0,0.26663,0,120,0,1,0,0.5,0,120,0.13223,0.023143,0.12812,0.022974,0,0,0,0,0,0,0,2,0,0.5,0,240
1205,12,247.83,247.87,23,1,115,0,1,0,0.0333,0,1801.8,1,0,0.0333,0,1801.8,0,0.19187,0.036122,0.19187,0.036122,0,0,0,0,0,0,0,2,0,0.0333,0,3603.6
1205,12,247.87,247.93,15,1,116,0,1,0,0.0666,0,900.9,0,1,0,0.0666,0,900.9,0.081227,0.032351,0.081227,0.032351,0,0,0,0,0,0,0,2,0,0.0666,0,1801.8
1205,12,248.37,248.47,19,1,117,1,0,0.0999,0,600.6,0,0,1,0,0.0999,0,600.6,0.10709,0.048006,0.10709,0.048006,0,0,0,0,0,0,0,1,0,0.0999,0,600.6
1205,12,250.83,250.97,17,1,118,0,1,0,0.1333,0,450.11,0,0.75044,0,0.10003,0,450.11,0.22609,0.03923,0.23286,0.038347,0,0,0,0,0,0,0,0.99975,0,0.13327,0,450.11
1205,12,250.97,251.07,23,1,119,0,1,0,0.0999,0,600.6,0,0,0,0,0,0,0.18865,0.051032,0.18865,0.051032,0,0,0,0,0,0,0,1,0,0.0999,0,600.6
1205,12,251.13,251.43,23,1,120,0,0.99989,0,0.29997,0,200,0,0,0,0,0,0,0.22322,0.051737,0.23085,0.051757,0,0,0,0,0,0,0,1,0,0.3,0,200
1205,12,251.53,252.07,15,1,121,1,0,0.5333,0,112.51,0,0,0.68742,0,0.1833,0,225.01,0.19799,0.054883,0.20222,0.052304,0,0,0,0,0,0,0,1,0,0.5333,0,112.51
1205,12,252.47,253.03,15,1,122,1,0,0.5666,0,105.89,0,0,0.058772,0,0.0333,0,105.89,0.17796,0.061216,0.18376,0.060173,0,0,0,0,0,0,0,1,0,0.5666,0,105.89
1205,12,253.07,253.1,15,1,123,1,0,0.0333,0,1801.8,0,0,1,0,0.0333,0,1801.8,0,0,0,0,0,0,0,0,0,0,0,1,0,0.0333,0,1801.8
1205,12,253.13,254,15,1,124,1,0,0.8667,0,69.228,0,0,0.92308,0,0.40002,0,138.46,0.19683,0.056633,0.19645,0.056779,0,0,0,0,0,0,0,1.1538,0,0.50002,0,138.46
1205,12,254.27,255.43,15,1,125,0.17141,0.77144,0.19997,0.44998,51.432,102.86,0,0.94288,0,1.1,0,51.432,0.16274,0.040205,0.16102,0.037819,0,0,0,0,0,0,0,1.8286,0,0.71108,0,154.29
1205,12,255.57,255.8,15,1,126,0,1,0,0.2333,0,257.18,0,0.42863,0,0.1,0,257.18,0.081332,0.028159,0.081837,0.028256,0,0,0,0,0,0,0,1,0,0.2333,0,257.18
1205,12,255.9,256.2,15,1,127,0,0.55556,0,0.16667,0,200,0,1,0,0.3,0,200,0.099604,0.031767,0.10431,0.031966,0,0,0,0,0,0,0,2,0,0.3,0,400
1205,12,256.23,256.5,15,1,128,0,0,0,0,0,0,0,1,0,0.2667,0,224.97,0.19824,0.051041,0.20179,0.039808,0,0,0,0,0,0,0,2,0,0.2667,0,449.94
1205,12,256.5,257.5,1,1,129,0,0,0,0,0,0,0,1,0,1,0,60,0.083147,0,0.082491,0,0,0,0,0,0,0,0,2,0,1,0,120
1205,12,260.9,261.07,8,1,130,0,0,0,0,0,0,0,0.80032,0,0.13333,0,360.14,0.089486,0,0.081513,0,0,0,0,0,0,0,0,1,0,0.1666,0,360.14
1205,12,261.33,261.37,7,1,131,0,1,0,0.0333,0,1801.8,0,1,0,0.0333,0,1801.8,0.35406,0.09123,0.35406,0.09123,0,0,0,0,0,0,0,1,0,0.0333,0,1801.8
1205,12,261.9,264.8,1,1,132,0.45977,0.51724,0.66667,1.5,41.379,20.69,0,0.18391,0,0.53333,0,20.69,0.21739,0.062021,0.21319,0.062452,0.77011,0,2.2333,0,20.69,0,0.52874,1,0.76667,2.9,41.379,20.69
1205,12,265.77,266.03,8,1,133,0,1,0,0.2666,0,225.06,0,0,0,0,0,0,0.052642,0,0.052245,0,0,1,0,0.2666,0,225.06,0,1,0,0.2666,0,225.06
1205,12,267.77,267.8,1,1,134,0,0,0,0,0,0,0,0,0,0,0,0,0,0,0,0,1,0,0.0333,0,1801.8,0,0,1,0,0.0333,0,1801.8
1205,12,268.03,268.2,15,1,135,1,0,0.1667,0,359.93,0,0,0,0,0,0,0,0.16188,0.048702,0.16027,0.048762,0,1,0,0.1667,0,359.93,1,0.9998,0.1667,0.16667,359.93,359.93
1205,12,268.27,268.7,1,1,136,0,1,0,0.4333,0,138.47,0.5385,0,0.23333,0,138.47,0,0.15551,0.052331,0.16366,0.050868,1,0,0.4333,0,138.47,0,0.61543,1,0.26667,0.4333,138.47,138.47
1205,12,268.8,268.87,1,1,137,0,1,0,0.0666,0,900.9,1,0,0.0666,0,900.9,0,0.15984,0.085071,0.15984,0.085071,2,0,0.0666,0,1801.8,0,0.5005,1,0.033333,0.0666,900.9,900.9
1205,12,270.47,270.53,1,1,138,0,1,0,0.0666,0,900.9,0,1,0,0.0666,0,900.9,0.069514,0.028038,0.069514,0.028038,2,0,0.0666,0,1801.8,0,0,1,0,0.0666,0,900.9
1205,12,273.13,273.43,23,1,139,1,0,0.3,0,200,0,0,1,0,0.3,0,200,0.19988,0.046217,0.19917,0.046463,0,2,0,0.3,0,400,0,1,0,0.3,0,200
1205,12,274.6,274.7,15,1,140,0,1,0,0.1,0,600,0,1,0,0.1,0,600,0.18333,0.051969,0.18486,0.051865,1,1,0.1,0.1,600,600,0,1,0,0.1,0,600
1205,12,274.73,275.17,1,1,141,1,0,0.4333,0,138.47,0,0,1,0,0.4333,0,138.47,0.19305,0.046381,0.19566,0.045797,1,1,0.4333,0.4333,138.47,138.47,0,1,0,0.4333,0,138.47
1205,12,275.4,275.53,15,1,142,0,1,0,0.1333,0,450.11,0,1,0,0.1333,0,450.11,0.30779,0.074182,0.30975,0.074279,1,1,0.1333,0.1333,450.11,450.11,0,2,0,0.1333,0,900.23
1205,12,283.03,283.8,23,1,143,0,0.73914,0,0.28335,0,156.51,0.47824,0.17395,0.36667,0.066683,78.257,156.51,0.24965,0.04819,0.24707,0.04302,0,1.2174,0,0.4667,0,156.51,0,1.1304,0,0.43333,0,156.51
1205,12,284.73,285.23,23,1,144,0,1,0,0.5,0,120,0,1,0,0.5,0,120,0.18782,0.041417,0.19381,0.041336,0,1,0,0.5,0,120,0,1.9333,0,0.48332,0,240
1205,12,285.3,285.37,2,1,145,1,0,0.0666,0,900.9,0,0,1,0,0.0666,0,900.9,0.16555,0.042772,0.16555,0.042772,0,1,0,0.0666,0,900.9,1,1,0.0666,0.0666,900.9,900.9
1205,12,286.07,286.23,23,1,146,0.60004,0,0.099967,0,360.14,0,0,1,0,0.1666,0,360.14,0.16613,0.041596,0.16768,0.041059,0,1,0,0.1666,0,360.14,0,1,0,0.1666,0,360.14
1205,12,289.97,290.37,23,1,147,0,0,0,0,0,0,0,0,0,0,0,0,0.19691,0.043681,0.19384,0.043521,0,1,0,0.3999,0,150.04,0,1,0,0.3999,0,150.04
1205,12,290.5,290.53,2,1,148,0,0,0,0,0,0,0,0,0,0,0,0,0.1544,0.050868,0.1544,0.050868,0,1,0,0.0333,0,1801.8,0,1,0,0.0333,0,1801.8
1205,12,291,291.07,2,1,149,0,0,0,0,0,0,1,0,0.0666,0,900.9,0,0.14516,0.061982,0.14516,0.061982,0,1,0,0.0666,0,900.9,0,1.5005,0,0.033311,0,2702.7
1205,12,291.17,291.5,17,1,150,0,0,0,0,0,0,0,1,0,0.3333,0,180.02,0.21388,0.054663,0.21283,0.051364,0,1,0,0.3333,0,180.02,0.10001,1,0.033333,0.3333,180.02,180.02
1205,12,291.63,291.67,2,1,151,0,0,0,0,0,0,1,0,0.0333,0,1801.8,0,0.19717,0.056929,0.19717,0.056929,0,1,0,0.0333,0,1801.8,0,1,0,0.0333,0,1801.8
1205,12,292.43,292.77,17,1,152,1,0,0.3333,0,180.02,0,0.69987,0.30013,0.23327,0.10003,180.02,180.02,0.19641,0.050338,0.20529,0.052406,0,1,0,0.3333,0,180.02,1,1,0.3333,0.3333,180.02,180.02
1205,12,292.83,293.6,23,1,153,0,1,0,0.7667,0,78.257,0,1,0,0.7667,0,78.257,0.19509,0.050228,0.19254,0.05017,0,1,0,0.7667,0,78.257,0,2,0,0.7667,0,156.51
1205,12,293.77,293.97,23,1,154,0,1,0,0.1999,0,300.15,0,1,0,0.1999,0,300.15,0.19723,0.049597,0.19801,0.05027,0,1,0,0.1999,0,300.15,0,2,0,0.1999,0,600.3
1205,12,294.07,294.73,23,1,155,0,0.90004,0,0.59997,0,90.009,0,0.65002,0,0.4333,0,90.009,0.18705,0.045087,0.19352,0.045623,0,0.09996,0,0.066633,0,90.009,0,1.95,0,0.64995,0,180.02
1205,12,295.2,295.37,23,1,156,0,1,0,0.1666,0,360.14,0,1,0,0.1666,0,360.14,0.13725,0.033849,0.13524,0.031192,0,0,0,0,0,0,0,2,0,0.1666,0,720.29
1205,12,295.4,295.43,23,1,157,0,1,0,0.0333,0,1801.8,0,1,0,0.0333,0,1801.8,0.15067,0.032301,0.15067,0.032301,0,0,0,0,0,0,0,2,0,0.0333,0,3603.6
1205,12,295.63,295.67,21,1,158,0,1,0,0.0333,0,1801.8,0,1,0,0.0333,0,1801.8,0.052812,0.020503,0.052812,0.020503,0,0,0,0,0,0,0,2,0,0.0333,0,3603.6
1205,12,305.33,305.9,23,1,159,0,0,0,0,0,0,0,1,0,0.5667,0,105.88,0.31009,0.057789,0.2982,0.056587,0,1.2353,0,0.35002,0,211.75,0,0.99994,0,0.56667,0,105.88
1205,12,306.07,306.23,23,1,160,0,0.80012,0,0.1333,0,360.14,0,0,0,0,0,0,0.27634,0.062121,0.27381,0.062019,0,0,0,0,0,0,0,1,0,0.1666,0,360.14
1205,12,306.33,307.2,23,1,161,0.3846,0.50002,0.33333,0.21668,69.228,138.46,0.19234,0.7692,0.1667,0.66667,69.228,69.228,0.27953,0.044937,0.27696,0.045366,0,0.73074,0,0.63333,0,69.228,0,1,0,0.8667,0,69.228
1205,12,307.5,307.77,23,1,162,0,1,0,0.2666,0,225.06,0,1,0,0.2666,0,225.06,0.21723,0.044355,0.22013,0.044541,0,1,0,0.2666,0,225.06,0,1,0,0.2666,0,225.06
1205,12,307.83,308.73,23,1,163,0,1,0,0.9,0,66.667,0,0.88893,0,0.80003,0,66.667,0.14999,0.032793,0.15446,0.031973,0,1.5185,0,0.68332,0,133.33,0,1,0,0.9,0,66.667
1205,12,309.07,309.47,23,1,164,1,0,0.3999,0,150.04,0,0,1,0,0.3999,0,150.04,0.18013,0.034734,0.18763,0.035468,0,2,0,0.3999,0,300.08,0,1,0,0.3999,0,150.04
1205,12,312.4,312.43,23,1,165,1,0,0.0333,0,1801.8,0,0,1,0,0.0333,0,1801.8,0.19309,0.037483,0.19309,0.037483,0,2,0,0.0333,0,3603.6,0,1,0,0.0333,0,1801.8
1205,12,312.6,312.8,23,1,166,1,0,0.2,0,300,0,0,1,0,0.2,0,300,0.1859,0.038646,0.18628,0.038606,0,2,0,0.2,0,600,0,1,0,0.2,0,300
1205,12,312.97,313.17,23,1,167,0,1,0,0.1999,0,300.15,0,1,0,0.1999,0,300.15,0.15164,0.037908,0.15889,0.037611,0,2,0,0.1999,0,600.3,0,1,0,0.1999,0,300.15
1205,12,314.57,314.67,23,1,168,0,1,0,0.0999,0,600.6,0,0.33333,0,0.0333,0,600.6,0.10187,0.034655,0.10187,0.034655,0,2,0,0.0999,0,1201.2,0,1,0,0.0999,0,600.6
1205,12,314.9,314.97,23,1,169,0,1,0,0.0666,0,900.9,0,0,0,0,0,0,0.10734,0.035855,0.10734,0.035855,0,2,0,0.0666,0,1801.8,0,1,0,0.0666,0,900.9
1205,12,317.23,318.77,23,1,170,0,0.7826,0,0.39999,0,117.39,0,0.28257,0,0.43327,0,39.131,0.23064,0.044185,0.22531,0.043377,0,1,0,1.5333,0,39.131,0,1,0,1.5333,0,39.131
1205,12,318.87,318.97,23,1,171,0,0,0,0,0,0,0,1,0,0.0999,0,600.6,0.27436,0.047324,0.27436,0.047324,0,1,0,0.0999,0,600.6,0,1,0,0.0999,0,600.6
1205,12,319.87,320.73,23,1,172,0,1,0,0.8666,0,69.236,0,1,0,0.8666,0,69.236,0.27015,0.041111,0.28067,0.04083,0,1,0,0.8666,0,69.236,0,1.3077,0,0.37776,0,207.71
1205,12,320.8,321.53,23,1,173,0,1,0,0.7333,0,81.822,0,1,0,0.7333,0,81.822,0.19161,0.044716,0.19171,0.044292,0,1,0,0.7333,0,81.822,0,1,0,0.7333,0,81.822
1205,12,321.6,321.9,23,1,174,0,0,0,0,0,200,0,1,0,0.3,0,200,0.21503,0.043294,0.21694,0.043027,0,1,0,0.3,0,200,0,1,0,0.3,0,200
1205,12,322.2,322.23,23,1,175,0,1,0,0.0333,0,1801.8,0,1,0,0.0333,0,1801.8,0.15292,0.036,0.15292,0.036,0,1,0,0.0333,0,1801.8,0,1,0,0.0333,0,1801.8
1205,12,323.83,324.23,23,1,176,0,0.25008,0,0.10003,0,150,0,1,0,0.4,0,150,0.13605,0.035776,0.13576,0.036134,0,1,0,0.4,0,150,0,1,0,0.4,0,150
1205,12,326,326.37,23,1,177,0,1,0,0.3666,0,163.67,1,0,0.3666,0,163.67,0,0.18488,0.040706,0.1921,0.039971,0,1,0,0.3666,0,163.67,0,1.3635,0,0.24993,0,327.33
1205,12,326.53,326.8,23,1,178,0,1,0,0.2667,0,224.97,1,0,0.2667,0,224.97,0,0.13606,0.041913,0.13934,0.04218,0,1,0,0.2667,0,224.97,0.74991,1.2501,0.2,0.1667,224.97,449.94
1205,12,326.83,327.03,23,1,179,0,0.66683,0,0.13337,0,300,1,0,0.2,0,300,0,0.1886,0.042667,0.1937,0.042374,0,1,0,0.2,0,300,1,1,0.2,0.2,300,300
1205,12,327.43,327.83,23,1,180,0,1,0,0.4,0,150,1,0,0.4,0,150,0,0.1739,0.039814,0.17854,0.040261,0,1,0,0.4,0,150,0,1.5834,0,0.31668,0,300
1205,12,330.8,331.03,17,1,181,1,0,0.2333,0,257.18,0,0,1,0,0.2333,0,257.18,0.089683,0.03201,0.088383,0.031456,0,0,0,0,0,0,0,1,0,0.2333,0,257.18
1205,12,331.53,332.97,2,1,182,0,1,0,1.4333,0,41.861,0.16275,0.72097,0.23327,0.51668,41.861,83.723,0.32694,0.052746,0.34912,0.059144,0,0,0,0,0,0,1,0.99998,1.4333,1.4333,41.861,41.861
1205,12,335.03,336.53,23,1,183,0,0.0222,0,0.0333,0,40,0,0.95553,0,1.4333,0,40,0.23149,0.04087,0.24204,0.040168,0,1,0,1.5,0,40,0,1,0,1.5,0,40
1205,12,336.87,336.93,23,1,184,0,1,0,0.0666,0,900.9,0,0,0,0,0,0,0.18947,0.04131,0.18947,0.04131,0,1,0,0.0666,0,900.9,0,1,0,0.0666,0,900.9
1205,12,348.23,348.7,2,1,185,0,0.85708,0,0.4,0,128.56,0,1,0,0.4667,0,128.56,0.15551,0.041757,0.15734,0.041474,0,0,0,0,0,0,0,1.0715,0,0.25003,0,257.12
1205,12,348.8,348.93,23,1,186,0,0,0,0,0,0,0,1,0,0.1333,0,450.11,0.14784,0.048588,0.14827,0.048208,0,0,0,0,0,0,0,1,0,0.1333,0,450.11
1205,12,349.17,349.27,23,1,187,0,0,0,0,0,0,0,1,0,0.0999,0,600.6,0.1689,0.058017,0.1689,0.058017,0,1,0,0.0999,0,600.6,0,1,0,0.0999,0,600.6
1205,12,349.57,349.8,23,1,188,0,0.71439,0,0.16667,0,257.18,0,1,0,0.2333,0,257.18,0.18744,0.051737,0.19317,0.052426,0,1,0,0.2333,0,257.18,0,1,0,0.2333,0,257.18
1205,12,349.93,350.13,23,1,189,0,1,0,0.2,0,300,0,1,0,0.2,0,300,0.20363,0.052143,0.20156,0.052168,0,1,0,0.2,0,300,0,1,0,0.2,0,300
1205,12,350.87,350.93,23,1,190,0,1,0,0.0666,0,900.9,0,1,0,0.0666,0,900.9,0.18596,0.048709,0.18596,0.048709,0,1,0,0.0666,0,900.9,0,1,0,0.0666,0,900.9
1205,12,351.1,351.33,23,1,191,0,1,0,0.2333,0,257.18,0,0.28576,0,0.066667,0,257.18,0.16865,0.04691,0.1656,0.046699,0,1,0,0.2333,0,257.18,0,1,0,0.2333,0,257.18
1205,12,351.43,352.23,23,1,192,0,1,0,0.8,0,75,0,0,0,0,0,0,0.18924,0.048081,0.18973,0.048478,0,1,0,0.8,0,75,0,1,0,0.8,0,75
1205,12,353.33,353.5,23,1,193,0,1,0,0.1667,0,359.93,0,0,0,0,0,0,0.20697,0.042485,0.2087,0.043234,0,1,0,0.08335,0,719.86,0,1,0,0.1667,0,359.93
1205,12,353.53,353.73,23,1,194,0,1,0,0.2,0,300,0,0.83317,0,0.16663,0,300,0.2063,0.045251,0.21414,0.043931,0,1,0,0.2,0,300,0,1,0,0.2,0,300
1205,12,353.77,353.83,23,1,195,0,1,0,0.0666,0,900.9,0,1,0,0.0666,0,900.9,0.14466,0.024633,0.14466,0.024633,0,1,0,0.0666,0,900.9,0,1,0,0.0666,0,900.9
1205,12,383.17,383.3,21,1,196,0,0,0,0,0,0,0,1,0,0.1333,0,450.11,0.19064,0.052087,0.19627,0.052001,1,0,0.1333,0,450.11,0,0,1,0,0.1333,0,450.11
1205,12,383.53,383.97,21,1,197,0,0,0,0,0,0,0,0.76929,0,0.33333,0,138.47,0.27821,0.056021,0.2734,0.053905,1,0,0.4333,0,138.47,0,0,2,0,0.4333,0,276.94
1205,12,384,384.27,21,1,198,0,0.37484,0,0.099933,0,225.06,0,0.37484,0,0.099933,0,225.06,0.27481,0.059508,0.26582,0.059761,1,0,0.2666,0,225.06,0,0,2,0,0.2666,0,450.11
1205,12,384.27,384.37,23,1,199,1,0,0.0999,0,600.6,0,0,1,0,0.0999,0,600.6,0.30726,0.053885,0.30726,0.053885,0,1,0,0.0999,0,600.6,0,2,0,0.0999,0,1201.2
1205,12,384.43,384.5,21,1,200,0,1,0,0.0667,0,899.55,0,1,0,0.0667,0,899.55,0.33965,0.055125,0.33965,0.055125,1,0,0.0667,0,899.55,0,0,2,0,0.0667,0,1799.1
1205,12,384.53,384.77,23,1,201,0.85741,0,0.20003,0,257.18,0,0,1,0,0.2333,0,257.18,0.26416,0.043446,0.27129,0.043003,0,1,0,0.2333,0,257.18,0,2,0,0.2333,0,514.36
1205,12,384.77,384.83,21,1,202,0,0.5,0,0.0333,0,900.9,0,1,0,0.0666,0,900.9,0.33843,0.052313,0.33843,0.052313,1,0,0.0666,0,900.9,0,0,2,0,0.0666,0,1801.8
1205,12,384.83,384.87,23,1,203,0,1,0,0.0333,0,1801.8,0,1,0,0.0333,0,1801.8,0.20729,0.045399,0.20729,0.045399,0,1,0,0.0333,0,1801.8,0,2,0,0.0333,0,3603.6
1205,12,385.57,385.8,23,1,204,0,0.71424,0,0.16663,0,257.18,0,0.85712,0,0.099983,0,514.36,0.22955,0.041834,0.23227,0.041163,0,1,0,0.2333,0,257.18,0,1,0,0.2333,0,257.18
1205,12,385.83,385.93,21,1,205,0,0,0,0,0,0,0,1,0,0.1,0,600,0.31377,0.054453,0.31618,0.054311,1,0,0.1,0,600,0,0,1.333,0,0.06665,0,1200
1205,12,385.97,387.97,23,1,206,0.19999,0.73334,0.39997,0.7333,30.002,60.003,0,0.78332,0,0.31331,0,150.01,0.25227,0.043583,0.25856,0.043677,0,1,0,1.9999,0,30.002,0,2,0,1.9999,0,60.003
1205,12,388.1,388.13,21,1,207,0,1,0,0.0333,0,1801.8,0,1,0,0.0333,0,1801.8,0.22393,0.047653,0.22393,0.047653,1,0,0.0333,0,1801.8,0,0,2,0,0.0333,0,3603.6
1205,12,388.23,388.63,23,1,208,0,1,0,0.4,0,150,0,1,0,0.4,0,150,0.17622,0.042378,0.17487,0.042316,0,1.7499,0,0.34998,0,300,0,1.0834,0,0.21668,0,300
1205,12,388.67,389.13,21,1,209,0,1,0,0.4666,0,128.59,0,1,0,0.4666,0,128.59,0.25958,0.058751,0.27063,0.057962,1.5,0,0.34995,0,257.18,0,0,1.1429,0,0.26663,0,257.18
1205,12,389.2,389.67,21,1,210,0,1,0,0.4666,0,128.59,0,0.42849,0,0.099967,0,257.18,0.31495,0.059363,0.31251,0.059654,1.7142,0,0.39993,0,257.18,0,0,1,0,0.4666,0,128.59
1205,12,389.8,390.77,21,1,211,0,1,0,0.9666,0,62.073,0,0.93103,0,0.44997,0,124.15,0.24279,0.043181,0.23563,0.042618,2,0,0.9666,0,124.15,0,0,1.3448,0,0.64993,0,124.15
1205,12,390.8,391.17,21,1,212,0,1,0,0.3666,0,163.67,0,1,0,0.3666,0,163.67,0.22389,0.05759,0.21755,0.057618,1,0,0.3666,0,163.67,0,0,2,0,0.3666,0,327.33
1205,12,391.27,391.7,21,1,213,0,1,0,0.4333,0,138.47,0,0.84614,0,0.18332,0,276.94,0.2798,0.061956,0.2802,0.063092,1.2308,0,0.26665,0,276.94,0,0,1.1539,0,0.24998,0,276.94
1205,12,392.63,393.07,21,1,214,0,1,0,0.4333,0,138.47,0,0.76921,0,0.16665,0,276.94,0.28192,0.042004,0.28817,0.042159,2,0,0.4333,0,276.94,0,0,0.99992,0,0.43327,0,138.47
1205,12,393.13,395.03,21,1,215,0,1,0,1.9,0,31.579,0,0.92982,0,0.58889,0,94.737,0.24582,0.041112,0.25156,0.040559,2,0,1.9,0,63.158,0,0,1,0,1.9,0,31.579
1205,12,395.1,395.6,17,1,216,0,1,0,0.5,0,120,0,1,0,0.5,0,120,0.10535,0.037581,0.10549,0.037678,0,2,0,0.5,0,240,0,1,0,0.5,0,120
1205,12,395.67,395.83,23,1,217,0,1,0,0.1666,0,360.14,0,1,0,0.1666,0,360.14,0.20428,0.04031,0.20801,0.040381,0,2,0,0.1666,0,720.29,0,1,0,0.1666,0,360.14
1205,12,397.3,398.17,23,1,218,0,1,0,0.8666,0,69.236,0,1,0,0.8666,0,69.236,0.20883,0.039983,0.21436,0.039869,0,2,0,0.8666,0,138.47,0,1,0,0.8666,0,69.236
1205,12,399.4,399.5,23,1,219,0,1,0,0.1,0,600,0,1,0,0.1,0,600,0.19581,0.039181,0.1967,0.039141,0,2,0,0.1,0,1200,0,1,0,0.1,0,600
1205,12,399.5,399.63,2,1,220,1,0,0.1333,0,450.11,0,1,0,0.1333,0,450.11,0,0.11322,0.033962,0.11298,0.033898,0,2,0,0.1333,0,900.23,0,1,0,0.1333,0,450.11
1205,12,417.2,417.7,23,1,221,0,1,0,0.5,0,120,1,0,0.5,0,120,0,0.21692,0.039007,0.23646,0.038381,0,2,0,0.5,0,240,0,1,0,0.5,0,120
1205,12,417.7,418.27,21,1,222,1,0,0.5666,0,105.89,0,0,1,0,0.5666,0,105.89,0.17427,0.041693,0.18326,0.040526,1.4705,0.52947,0.4166,0.3,211.79,105.89,0,1,0,0.5666,0,105.89
1205,12,424.47,424.97,23,1,223,0,1,0,0.4999,0,120.02,0,1,0,0.4999,0,120.02,0.19711,0.036386,0.19669,0.034066,0,2,0,0.4999,0,240.05,0,1.1332,0,0.28325,0,240.05
1206,12,30.133,32.933,3,1,1,0,1,0,2.8,0,21.429,0,1,0,2.8,0,21.429,0.14253,0.030894,0.1435,0.029329,0,1.4286,0,1.3333,0,64.286,0,2,0,2.8,0,42.857
1206,12,33.067,35.1,3,1,2,0,0.93443,0,1.9,0,29.509,0,1,0,2.0333,0,29.509,0.13275,0.029194,0.13301,0.029246,0,2,0,2.0333,0,59.017,0,2,0,2.0333,0,59.017
1206,12,35.533,35.633,3,1,3,0,1,0,0.1,0,600,0,1,0,0.1,0,600,0.086979,0.028652,0.087656,0.028204,0,2,0,0.1,0,1200,0,2,0,0.1,0,1200
1206,12,35.833,36.767,3,1,4,0,0.82149,0,0.38335,0,128.58,0,1,0,0.9333,0,64.288,0.11124,0.032117,0.11598,0.031813,0,2,0,0.9333,0,128.58,0,2,0,0.9333,0,128.58
1206,12,38.367,39.9,3,1,5,0.95652,0,1.4666,0,39.131,0,0,1,0,1.5333,0,39.131,0.14275,0.031085,0.1431,0.030621,0,2,0,1.5333,0,78.263,0,1.8913,0,0.96664,0,117.39
1206,12,40.7,41.167,3,1,6,0,1,0,0.4666,0,128.59,0,1,0,0.4666,0,128.59,0.10492,0.029637,0.10446,0.029166,0,2,0,0.4666,0,257.18,0,2,0,0.4666,0,257.18
1206,12,65.4,65.733,3,1,7,0,1,0,0.3333,0,180.02,0,0.79998,0,0.26663,0,180.02,0.11345,0.042202,0.11321,0.043473,0,1.8001,0,0.29998,0,360.04,0,1,0,0.3333,0,180.02
1206,12,65.733,65.767,22,1,8,0,1,0,0.0333,0,1801.8,0,1,0,0.0333,0,1801.8,0.18375,0.054402,0.18375,0.054402,0,1,0,0.0333,0,1801.8,0,1,0,0.0333,0,1801.8
1206,12,65.767,66.5,3,1,9,0,0.22724,0,0.16663,0,81.822,0,0.90909,0,0.33332,0,163.64,0.15098,0.034857,0.15499,0.035453,0,1,0,0.7333,0,81.822,0,1,0,0.7333,0,81.822
1206,12,67.6,67.633,1,1,10,0,1,0,0.0333,0,1801.8,0,1,0,0.0333,0,1801.8,0.081885,0.027049,0.081885,0.027049,0,0,0,0,0,1801.8,0,2,0,0.0333,0,3603.6
1206,12,67.7,67.9,1,1,11,0,1,0,0.2,0,300,0,0.66667,0,0.13333,0,300,0.085661,0.0275,0.085783,0.027101,0,0,0,0,0,0,0,2,0,0.2,0,600
1206,12,68,68.267,2,1,12,0,0.75019,0,0.2,0,225.06,0.12478,0,0.033267,0,225.06,0,0.086421,0.034351,0.086582,0.034738,0,1,0,0.2666,0,225.06,0,2,0,0.17773,0,675.17
1206,12,68.533,69,1,1,13,0,0.35712,0,0.16667,0,128.56,0,0.071495,0,0.016683,0,257.12,0.12515,0.043332,0.12358,0.044769,0,1,0,0.4667,0,128.56,0,1,0,0.4667,0,128.56
1206,12,69.133,69.667,3,1,14,0,1,0,0.5333,0,112.51,0,1,0,0.5333,0,112.51,0.13582,0.032205,0.14014,0.030331,0,1,0,0.5333,0,112.51,0,1.9376,0,0.51667,0,225.01
1206,12,72.5,72.633,3,1,15,0,1,0,0.1333,0,450.11,0,1,0,0.1333,0,450.11,0.10053,0.036432,0.10132,0.03672,0,2,0,0.1333,0,900.23,0,2,0,0.1333,0,900.23
1206,12,73.8,74.133,2,1,16,0,1,0,0.3333,0,180.02,0,1,0,0.3333,0,180.02,0.099087,0.046558,0.099183,0.047282,0,1,0,0.3333,0,180.02,0,2,0,0.3333,0,360.04
1206,12,74.733,75.033,6,1,17,1,0,0.3,0,200,0,0,1,0,0.3,0,200,0.090326,0.036285,0.093151,0.036155,1,0,0.3,0,200,0,0,2,0,0.3,0,400
1206,12,78.367,78.933,3,1,18,0,1,0,0.5666,0,105.89,0,1,0,0.5666,0,105.89,0.091687,0.032893,0.094535,0.032582,0,2,0,0.5666,0,211.79,0,1.8236,0,0.34441,0,317.68
1206,12,79,79.033,3,1,19,0,1,0,0.0333,0,1801.8,0,1,0,0.0333,0,1801.8,0.073073,0.028215,0.073073,0.028215,0,2,0,0.0333,0,3603.6,0,1,0,0.0333,0,1801.8
1206,12,80.067,80.2,3,1,20,0,1,0,0.1333,0,450.11,0,1,0,0.1333,0,450.11,0.16795,0.057053,0.16801,0.059956,0,2,0,0.1333,0,900.23,0,2,0,0.1333,0,900.23
1206,12,81.3,81.4,3,1,21,0.33333,0,0.033333,0,600,0,0,1,0,0.1,0,600,0.14685,0.054254,0.14648,0.054148,0,2,0,0.1,0,1200,0,2,0,0.1,0,1200
1206,12,81.6,82.433,3,1,22,1,0,0.8333,0,72.003,0,0,1,0,0.8333,0,72.003,0.13801,0.038759,0.13808,0.038328,0,1.84,0,0.76665,0,144.01,0,2,0,0.8333,0,144.01
1206,12,82.6,82.633,20,1,23,0,1,0,0.0333,0,1801.8,0,1,0,0.0333,0,1801.8,0.11405,0.037638,0.11405,0.037638,0,1,0,0.0333,0,1801.8,0,2,0,0.0333,0,3603.6
1206,12,83.033,83.133,5,1,24,0,1,0,0.1,0,600,0,1,0,0.1,0,600,0.067715,0.029442,0.067386,0.029242,0,2,0,0.1,0,1200,0,2,0,0.1,0,1200
1206,12,83.133,83.2,3,1,25,1,0,0.0667,0,899.55,0,0,1,0,0.0667,0,899.55,0.12708,0.036945,0.12708,0.036945,1,1,0.0667,0.0667,899.55,899.55,0,2,0,0.0667,0,1799.1
1206,12,83.3,85.233,3,1,26,1,0,1.9333,0,31.035,0,0,1,0,1.9333,0,31.035,0.16807,0.035892,0.14506,0.037984,1.3448,0.31035,0.86664,0.6,93.105,31.035,0,1.9483,0,1.2555,0,93.105
1206,12,85.267,85.333,3,1,27,1,0,0.0666,0,900.9,0,0,1,0,0.0666,0,900.9,0.32273,0.07124,0.32273,0.07124,2,0,0.0666,0,1801.8,0,0,2,0,0.0666,0,1801.8
1206,12,85.367,85.5,16,1,28,0,1,0,0.1333,0,450.11,0,1,0,0.1333,0,450.11,0.18093,0.044791,0.18035,0.044135,0,2,0,0.1333,0,900.23,0,2,0,0.1333,0,900.23
1206,12,85.533,85.567,16,1,29,0,1,0,0.0333,0,1801.8,0,1,0,0.0333,0,1801.8,0.1288,0.040419,0.1288,0.040419,0,2,0,0.0333,0,3603.6,0,2,0,0.0333,0,3603.6
1206,12,85.567,85.6,3,1,30,1,0,0.0333,0,1801.8,0,0,1,0,0.0333,0,1801.8,0,0,0,0,2,0,0.0333,0,3603.6,0,0,2,0,0.0333,0,3603.6
1206,12,86.333,86.5,5,1,31,0,1,0,0.1667,0,359.93,0,1,0,0.1667,0,359.93,0.0549,0.023852,0.055208,0.023498,0,1,0,0.1667,0,359.93,0,2,0,0.1667,0,719.86
1206,12,90.467,90.8,3,1,32,1,0,0.3333,0,180.02,0,0,1,0,0.3333,0,180.02,0.16166,0.031838,0.16536,0.032617,2,0,0.3333,0,360.04,0,0,2,0,0.3333,0,360.04
1206,12,91.7,92.7,3,1,33,0.73333,0,0.73333,0,60,0,0,0.86667,0,0.86667,0,60,0.17386,0.034141,0.17999,0.035231,1.8667,0,0.62222,0,180,0,0,2,0,1,0,120
1206,12,92.7,92.767,24,1,34,0,0,0,0,0,0,0,0,0,0,0,0,0.063958,0.020466,0.063958,0.020466,0,1,0,0.0666,0,900.9,0,2,0,0.0666,0,1801.8
1206,12,92.767,93.633,3,1,35,0.76925,0,0.66663,0,69.236,0,0.26925,0.5,0.23333,0.4333,69.236,69.236,0.24101,0.03345,0.24609,0.031545,1.8077,0,0.78328,0,138.47,0,0,1.7307,0,0.49996,0,207.71
1206,12,96.433,96.6,5,1,36,0,0,0,0,0,0,0,0,0,0,0,0,0.067021,0.031778,0.067012,0.032824,0,0,0,0,0,0,0,1,0,0.1667,0,359.93
1206,12,100.73,101.07,6,1,37,0,0,0,0,0,0,0,1,0,0.3333,0,180.02,0.072748,0.018923,0.076509,0.020004,0,0,0,0,0,0,0,0.9999,0,0.33327,0,180.02
1206,12,107.03,107.3,3,1,38,1,0,0.2667,0,224.97,0,0,1,0,0.2667,0,224.97,0.16804,0.035316,0.16516,0.034869,1,0,0.2667,0,224.97,0,0,0.99988,0,0.26667,0,224.97
1206,12,111.07,111.1,1,1,39,0,1,0,0.0333,0,1801.8,0,0,0,0,0,0,0,0,0,0,0,2,0,0.0333,0,3603.6,0,1,0,0.0333,0,1801.8
1206,12,112.13,112.37,3,1,40,0.57165,0,0.13337,0,257.18,0,1,0,0.2333,0,257.18,0,0.15673,0.035529,0.15876,0.03509,2,0,0.2333,0,514.36,0,0,1,0,0.2333,0,257.18
1206,12,112.4,113.4,3,1,41,0.16667,0,0.16667,0,60,0,1,0,1,0,60,0,0.26051,0.038834,0.28177,0.039393,1.7667,0,0.88333,0,120,0,0,1,0,1,0,60
1206,12,115.2,115.5,16,1,42,1,0,0.3,0,200,0,0,0.66667,0,0.2,0,200,0.13285,0.03249,0.13483,0.032107,1,1,0.3,0.3,200,200,0,1,0,0.3,0,200
1206,12,125.87,126.13,6,1,43,1,0,0.2666,0,225.06,0,0,0.74994,0,0.099967,0,450.11,0.15841,0.028501,0.15548,0.026427,1,1,0.2666,0.2666,225.06,225.06,0,1,0,0.2666,0,225.06
1206,12,126.2,126.27,6,1,44,1,0,0.0666,0,900.9,0,0,1,0,0.0666,0,900.9,0.17166,0.034069,0.17166,0.034069,1,1,0.0666,0.0666,900.9,900.9,0,1,0,0.0666,0,900.9
1206,12,128.23,128.27,11,1,45,0,1,0,0.0333,0,1801.8,0,1,0,0.0333,0,1801.8,0.1388,0.052227,0.1388,0.052227,0,2,0,0.0333,0,3603.6,0,1,0,0.0333,0,1801.8
1206,12,129.33,129.37,11,1,46,0,1,0,0.0333,0,1801.8,0,1,0,0.0333,0,1801.8,0.14329,0.039344,0.14329,0.039344,0,2,0,0.0333,0,3603.6,0,1,0,0.0333,0,1801.8
1206,12,129.77,129.8,4,1,47,0,1,0,0.0333,0,1801.8,0,1,0,0.0333,0,1801.8,0,0,0,0,0,2,0,0.0333,0,3603.6,0,1,0,0.0333,0,1801.8
1206,12,130.9,131.07,11,1,48,0,1,0,0.1666,0,360.14,0,1,0,0.1666,0,360.14,0.10405,0.035235,0.10534,0.035861,0,2,0,0.1666,0,720.29,0,1,0,0.1666,0,360.14
1206,12,131.43,131.87,6,1,49,0.76914,0,0.33327,0,138.47,0,1,0,0.4333,0,138.47,0,0.10105,0.035709,0.098828,0.035583,2,0,0.4333,0,276.94,0,0,1,0,0.4333,0,138.47
1206,12,131.9,132.2,4,1,50,0,1,0,0.3,0,200,0,0.22222,0,0.066667,0,200,0.078657,0.029814,0.077695,0.030055,0,1.2222,0,0.18333,0,400,0,1,0,0.3,0,200
1206,12,132.33,132.47,11,1,51,0,1,0,0.1333,0,450.11,0,0,0,0,0,0,0.10865,0.041764,0.10903,0.041088,0,2,0,0.1333,0,900.23,0,1,0,0.1333,0,450.11
1206,12,132.9,132.93,11,1,52,0,1,0,0.0333,0,1801.8,0,1,0,0.0333,0,1801.8,0.14493,0.040682,0.14493,0.040682,0,2,0,0.0333,0,3603.6,0,1,0,0.0333,0,1801.8
1206,12,132.93,133.1,4,1,53,0,1,0,0.1667,0,359.93,0,1,0,0.1667,0,359.93,0.1325,0.02967,0.12875,0.029808,0,2,0,0.1667,0,719.86,0,1,0,0.1667,0,359.93
1206,12,133.77,133.83,4,1,54,0,1,0,0.0666,0,900.9,0,1,0,0.0666,0,900.9,0.17432,0.048374,0.17432,0.048374,0,2,0,0.0666,0,1801.8,0,1,0,0.0666,0,900.9
1206,12,134.17,134.43,11,1,55,0,0.62503,0,0.16663,0,225.06,0,1,0,0.2666,0,225.06,0.13639,0.030668,0.13375,0.029313,0,2,0,0.2666,0,450.11,0,1,0,0.2666,0,225.06
1206,12,134.47,134.67,11,1,56,0,0,0,0,0,0,0,1,0,0.1999,0,300.15,0.15747,0.029671,0.15743,0.029866,0,2,0,0.1999,0,600.3,0,1,0,0.1999,0,300.15
1206,12,135.2,135.37,21,1,57,0,1,0,0.1666,0,360.14,0,0.20008,0,0.033333,0,360.14,0.1093,0.031112,0.11199,0.030837,0,2,0,0.1666,0,720.29,0,1,0,0.1666,0,360.14
1206,12,135.87,135.97,4,1,58,0,1,0,0.0999,0,600.6,0,0.333,0,0.033267,0,600.6,0.091146,0.032064,0.091146,0.032064,0,2,0,0.0999,0,1201.2,0,1,0,0.0999,0,600.6
1206,12,137.63,137.83,4,1,59,0,1,0,0.2,0,300,0,0.66667,0,0.066667,0,600,0.14792,0.041612,0.15888,0.040423,0,2,0,0.2,0,600,0,1,0,0.2,0,300
1206,12,137.9,138.07,11,1,60,0,1,0,0.1666,0,360.14,0,1,0,0.1666,0,360.14,0.15014,0.038284,0.14953,0.038252,0,2,0,0.1666,0,720.29,0,1,0,0.1666,0,360.14
1206,12,138.47,138.5,4,1,61,0,1,0,0.0333,0,1801.8,0,1,0,0.0333,0,1801.8,0,0,0,0,0,2,0,0.0333,0,3603.6,0,1,0,0.0333,0,1801.8
1206,12,139.5,139.53,4,1,62,0,1,0,0.0333,0,1801.8,0,0,0,0,0,0,0.18593,0.040274,0.18593,0.040274,0,2,0,0.0333,0,3603.6,0,1,0,0.0333,0,1801.8
1206,12,142.03,142.1,17,1,63,0,1,0,0.0667,0,899.55,0,1,0,0.0667,0,899.55,0.079933,0.029826,0.079933,0.029826,0,1,0,0.0667,0,899.55,0,1,0,0.0667,0,899.55
1206,12,142.43,142.53,17,1,64,0,1,0,0.1,0,600,0,0.667,0,0.0667,0,600,0.082361,0.028108,0.081826,0.028091,0,1,0,0.1,0,600,0,1,0,0.1,0,600
1206,12,146.43,146.53,12,1,65,1,0,0.1,0,600,0,0,1,0,0.1,0,600,0.10744,0.035042,0.10743,0.035035,1,1,0.1,0.1,600,600,0,0.99967,0,0.099967,0,600
1206,12,148.6,148.73,21,1,66,0,1,0,0.1333,0,450.11,0,1,0,0.1333,0,450.11,0.13714,0.045209,0.13464,0.0453,0,2,0,0.1333,0,900.23,0,1,0,0.1333,0,450.11
1206,12,152.4,152.53,18,1,67,1,0,0.1333,0,450.11,0,0,0,0,0,0,0,0.12835,0.038548,0.12911,0.038368,1,1,0.1333,0.1333,450.11,450.11,0,1,0,0.1333,0,450.11
1206,12,152.73,152.93,14,1,68,0,1,0,0.2,0,300,0,0.83317,0,0.16663,0,300,0.15189,0.035213,0.15689,0.035149,0,2,0,0.2,0,600,0,1,0,0.2,0,300
1206,12,152.93,154.03,18,1,69,1,0,1.1,0,54.545,0,1,0,1.1,0,54.545,0,0.1593,0.028568,0.14577,0.025311,1,1,1.1,1.1,54.545,54.545,0,1,0,1.1,0,54.545
1206,12,156.9,156.97,12,1,70,0,1,0,0.0666,0,900.9,0,1,0,0.0666,0,900.9,0.11138,0.036588,0.11138,0.036588,0,2,0,0.0666,0,1801.8,0,1,0,0.0666,0,900.9
1206,12,157.9,157.93,12,1,71,0,1,0,0.0333,0,1801.8,0,1,0,0.0333,0,1801.8,0.12192,0.034663,0.12192,0.034663,0,2,0,0.0333,0,3603.6,0,1,0,0.0333,0,1801.8
1206,12,158.57,158.6,12,1,72,0,1,0,0.0333,0,1801.8,0,1,0,0.0333,0,1801.8,0,0,0,0,0,2,0,0.0333,0,3603.6,0,1,0,0.0333,0,1801.8
1206,12,170.87,171.23,12,1,73,0,0.81824,0,0.29997,0,163.67,0,0.090835,0,0.0333,0,163.67,0.12732,0.032633,0.1298,0.032109,0,2,0,0.3666,0,327.33,0,1,0,0.3666,0,163.67
1206,12,171.93,172.4,10,1,74,0.85708,0,0.4,0,128.56,0,0.35712,0.071495,0.16667,0.033367,128.56,128.56,0.18604,0.041549,0.1825,0.041143,1.3571,0,0.31668,0,257.12,0,0,1,0,0.4667,0,128.56
1206,12,172.47,172.73,10,1,75,1,0,0.2666,0,225.06,0,1,0,0.2666,0,225.06,0,0.20382,0.042823,0.20218,0.040696,1,0,0.2666,0,225.06,0,0,1,0,0.2666,0,225.06
1206,12,172.73,173.87,12,1,76,0,1,0,1.1333,0,52.943,0,0.76476,0,0.43335,0,105.89,0.11812,0.034677,0.11713,0.034313,0,1.7353,0,0.98328,0,105.89,0,1,0,1.1333,0,52.943
1206,12,174.3,175.77,12,1,77,0,1,0,1.4666,0,40.911,0.22728,0.45452,0.33333,0.2222,40.911,122.73,0.11955,0.038079,0.11915,0.036557,0,2,0,1.4666,0,81.822,0,1,0,1.4666,0,40.911
1206,12,175.97,176.37,12,1,78,0,0.7501,0,0.29997,0,150.04,0,1,0,0.3999,0,150.04,0.11009,0.04545,0.11012,0.046344,0,2,0,0.3999,0,300.08,0,1,0,0.3999,0,150.04
1206,12,177.13,177.33,12,1,79,0.3335,0.49983,0.0667,0.099967,300,300,0,1,0,0.2,0,300,0.1084,0.041732,0.10894,0.041233,0,2,0,0.2,0,600,0,1,0,0.2,0,300
1206,12,182.17,182.23,12,1,80,0,1,0,0.0666,0,900.9,0,1,0,0.0666,0,900.9,0.1108,0.043822,0.1108,0.043822,0,1,0,0.0666,0,900.9,0,1,0,0.0666,0,900.9
1206,12,184.4,184.73,12,1,81,0,1,0,0.3333,0,180.02,0,1,0,0.3333,0,180.02,0.096501,0.053347,0.097098,0.053651,0,2,0,0.3333,0,360.04,0,1,0,0.3333,0,180.02
1206,12,184.8,184.9,10,1,82,0,1,0,0.1,0,600,1,0,0.1,0,600,0,0.12603,0.067601,0.12721,0.068169,0,2,0,0.1,0,1200,0,1,0,0.1,0,600
1206,12,187.67,187.8,10,1,83,1,0,0.1333,0,450.11,0,0,0.24981,0,0.0333,0,450.11,0.15395,0.053146,0.15406,0.05307,1,1,0.1333,0.1333,450.11,450.11,0,1,0,0.1333,0,450.11
1206,12,188.1,188.2,10,1,84,1,0,0.1,0,600,0,0,1,0,0.1,0,600,0.14203,0.047363,0.14413,0.047345,1,1,0.1,0.1,600,600,0,1,0,0.1,0,600
1206,12,190.1,190.3,12,1,85,0,0.16667,0,0.033333,0,300,0,1,0,0.2,0,300,0.10775,0.040447,0.10955,0.039784,0,2,0,0.2,0,600,0,1,0,0.2,0,300
1206,12,192.93,193.33,12,1,86,0,1,0,0.4,0,150,0.08325,0.75,0.0333,0.3,150,150,0.098723,0.033291,0.10036,0.03349,0,2,0,0.4,0,300,0,1,0,0.4,0,150
1206,12,193.57,193.6,12,1,87,0,1,0,0.0333,0,1801.8,1,0,0.0333,0,1801.8,0,0,0,0,0,0,2,0,0.0333,0,3603.6,0,1,0,0.0333,0,1801.8
1206,12,193.73,193.87,12,1,88,0,1,0,0.1333,0,450.11,1,0,0.1333,0,450.11,0,0.096582,0.039439,0.096862,0.039829,0,2,0,0.1333,0,900.23,0,1,0,0.1333,0,450.11
1206,12,194.07,194.3,12,1,89,0,1,0,0.2333,0,257.18,0.85712,0,0.19997,0,257.18,0,0.10447,0.034638,0.10469,0.034605,0,1,0,0.2333,0,257.18,0,1,0,0.2333,0,257.18
1206,12,195.03,195.1,5,1,90,0,1,0,0.0667,0,899.55,0,1,0,0.0667,0,899.55,0.054375,0.023,0.054375,0.023,0,2,0,0.0667,0,1799.1,0,1,0,0.0667,0,899.55
1206,12,198.07,199.07,7,1,91,1,0,0.9999,0,60.006,0,0.53332,0.099977,0.53327,0.099967,60.006,60.006,0.15416,0.029854,0.1578,0.029697,1.7,0,0.84992,0,120.01,0,0,1,0,0.9999,0,60.006
1206,12,200.9,200.97,7,1,92,1,0,0.0666,0,900.9,0,0,0,0,0,0,0,0.12473,0.030282,0.12473,0.030282,2,0,0.0666,0,1801.8,0,0,1,0,0.0666,0,900.9
1206,12,201.13,201.17,7,1,93,1,0,0.0333,0,1801.8,0,0,1,0,0.0333,0,1801.8,0.13957,0.028653,0.13957,0.028653,2,0,0.0333,0,3603.6,0,0,0.999,0,0.033267,0,1801.8
1206,12,201.4,202.17,7,1,94,1,0,0.7666,0,78.268,0,0,1,0,0.7666,0,78.268,0.16872,0.041488,0.17317,0.04242,2,0,0.7666,0,156.54,0,0,1,0,0.7666,0,78.268
1206,12,204.6,205.03,12,1,95,0,1,0,0.4333,0,138.47,0,1,0,0.4333,0,138.47,0.074153,0.032915,0.074814,0.03288,0,2,0,0.4333,0,276.94,0,1,0,0.4333,0,138.47
1206,12,205.03,205.07,11,1,96,0,1,0,0.0333,0,1801.8,0,1,0,0.0333,0,1801.8,0.11133,0.03687,0.11133,0.03687,0,2,0,0.0333,0,3603.6,0,1,0,0.0333,0,1801.8
1206,12,205.07,205.7,12,1,97,0,1,0,0.6333,0,94.742,0,1,0,0.6333,0,94.742,0.072321,0.027915,0.073563,0.027961,0,2,0,0.6333,0,189.48,0,1,0,0.6333,0,94.742
1206,12,205.77,205.8,12,1,98,0,1,0,0.0333,0,1801.8,0,0,0,0,0,0,0,0,0,0,0,2,0,0.0333,0,3603.6,0,1,0,0.0333,0,1801.8
1206,12,209.3,209.33,11,1,99,0,1,0,0.0333,0,1801.8,0,1,0,0.0333,0,1801.8,0.15741,0.043064,0.15741,0.043064,0,2,0,0.0333,0,3603.6,0,1,0,0.0333,0,1801.8
1206,12,209.67,210.2,8,1,100,1,0,0.5333,0,112.51,0,0,0.81249,0,0.21665,0,225.01,0.15064,0.055455,0.14865,0.055908,2,0,0.5333,0,225.01,0,0,1,0,0.5333,0,112.51
1206,12,210.97,211.23,8,1,101,1,0,0.2666,0,225.06,0,1,0,0.2666,0,225.06,0,0.14765,0.050917,0.14742,0.051295,2,0,0.2666,0,450.11,0,0,1,0,0.2666,0,225.06
1206,12,211.37,211.5,8,1,102,1,0,0.1333,0,450.11,0,0,0.50013,0,0.066667,0,450.11,0.12412,0.048745,0.12488,0.0487,2,0,0.1333,0,900.23,0,0,1,0,0.1333,0,450.11
1206,12,212.73,212.77,12,1,103,0,1,0,0.0333,0,1801.8,0,0,0,0,0,0,0.11246,0.046511,0.11246,0.046511,0,2,0,0.0333,0,3603.6,0,1,0,0.0333,0,1801.8
1206,12,212.93,212.97,12,1,104,0,1,0,0.0333,0,1801.8,0,0,0,0,0,0,0.10531,0.044211,0.10531,0.044211,0,2,0,0.0333,0,3603.6,0,1,0,0.0333,0,1801.8
1206,12,213,213.23,12,1,105,0,1,0,0.2333,0,257.18,0,0,0,0,0,0,0.11281,0.043648,0.11212,0.04319,0,1,0,0.2333,0,257.18,0,1,0,0.11665,0,514.36
1206,12,213.47,214.67,3,1,106,0.38889,0.16662,0.46663,0.19993,50.004,50.004,0,0.25002,0,0.3,0,50.004,0.15025,0.0521,0.15455,0.051815,0,1,0,1.1999,0,50.004,0,1,0,1.1999,0,50.004
1206,12,224.43,224.87,12,1,107,0,1,0,0.4333,0,138.47,0,0.53858,0,0.23337,0,138.47,0.10387,0.042785,0.10559,0.041828,0,1.7691,0,0.38328,0,276.94,0,1,0,0.21665,0,276.94
1206,12,225.43,225.87,10,1,108,0,0.84614,0,0.18332,0,276.94,0,0.8463,0,0.3667,0,138.47,0.12138,0.043669,0.12236,0.044339,0,2,0,0.4333,0,276.94,0,1,0,0.4333,0,138.47
1206,12,226.37,226.5,12,1,109,0,1,0,0.1333,0,450.11,0,1,0,0.1333,0,450.11,0.098594,0.042771,0.09875,0.042792,0,2,0,0.1333,0,900.23,0,1,0,0.1333,0,450.11
1206,12,229.03,229.17,7,1,110,0,1,0,0.1333,0,450.11,0,0.75044,0,0.10003,0,450.11,0.082954,0.034192,0.084137,0.033169,0,2,0,0.1333,0,900.23,0,1,0,0.1333,0,450.11
1206,12,229.37,229.4,18,1,111,0,1,0,0.0333,0,1801.8,0,1,0,0.0333,0,1801.8,0,0,0,0,0,2,0,0.0333,0,3603.6,0,1,0,0.0333,0,1801.8
1206,12,229.43,229.5,9,1,112,1,0,0.0667,0,899.55,0,0,1,0,0.0667,0,899.55,0.13966,0.049073,0.13966,0.049073,1,1,0.0667,0.0667,899.55,899.55,0,1,0,0.0667,0,899.55
1206,12,230.67,230.7,16,1,113,0,1,0,0.0333,0,1801.8,0,0,0,0,1801.8,0,0,0,0,0,0,2,0,0.0333,0,3603.6,0,1,0,0.0333,0,1801.8
1206,12,238.57,239.07,16,1,114,0,1,0,0.4999,0,120.02,0,1,0,0.4999,0,120.02,0.092756,0.036579,0.093092,0.036601,0,2,0,0.4999,0,240.05,0,1,0,0.4999,0,120.02
1206,12,239.1,239.17,16,1,115,0,1,0,0.0666,0,900.9,0,1,0,0.0666,0,900.9,0.085701,0.033158,0.085701,0.033158,0,2,0,0.0666,0,1801.8,0,1,0,0.0666,0,900.9
1206,12,239.4,240.2,16,1,116,0,1,0,0.8,0,75,0,1,0,0.8,0,75,0.092513,0.036037,0.091813,0.035878,0,2,0,0.8,0,150,0,1,0,0.8,0,75
1206,12,240.37,240.43,16,1,117,0,1,0,0.0666,0,900.9,0,1,0,0.0666,0,900.9,0.098161,0.039346,0.098161,0.039346,0,2,0,0.0666,0,1801.8,0,1,0,0.0666,0,900.9
1206,12,240.47,241.73,16,1,118,0,1,0,1.2666,0,47.371,0,1,0,1.2666,0,47.371,0.096898,0.03679,0.095977,0.037189,0,2,0,1.2666,0,94.742,0,1,0,1.2666,0,47.371
1206,12,241.8,241.83,16,1,119,0,0,0,0,0,0,0,1,0,0.0333,0,1801.8,0.080241,0.036406,0.080241,0.036406,0,2,0,0.0333,0,3603.6,0,1,0,0.0333,0,1801.8
1206,12,241.87,242.1,16,1,120,0,0,0,0,0,0,0,1,0,0.2333,0,257.18,0.08445,0.037446,0.08507,0.036619,0,2,0,0.2333,0,514.36,0,1,0,0.2333,0,257.18
1206,12,251.73,251.77,16,1,121,0,0.001001,0,3.3333e-05,0,1801.8,0,1,0,0.0333,0,1801.8,0.1156,0.038733,0.1156,0.038733,1,0,0.0333,0,1801.8,0,0,1,0,0.01665,0,3603.6
1206,12,252.03,252.47,16,1,122,0,1,0,0.4333,0,138.47,0,1,0,0.4333,0,138.47,0.1034,0.043265,0.10313,0.042865,0,0,0,0,0,0,0,1,0,0.4333,0,138.47
1206,12,254.6,254.7,10,1,123,0,0,0,0,0,0,0,1,0,0.1,0,600,0.15587,0.055277,0.15151,0.055476,0,1,0,0.1,0,600,0,1,0,0.1,0,600
1206,12,255.13,255.2,3,1,124,0,1,0,0.0667,0,899.55,0,1,0,0.0667,0,899.55,0.16971,0.055556,0.16971,0.055556,1,0,0.0667,0,899.55,0,0,1,0,0.0667,0,899.55
1206,12,260.5,261.3,22,1,125,0.041667,0.70833,0.033333,0.56667,75,75,0,0.45833,0,0.36667,0,75,0.13983,0.03129,0.14566,0.030486,2,0,0.8,0,150,0,0,1,0,0.8,0,75
1206,12,263.57,263.83,22,1,126,0.62503,0.12491,0.16663,0.0333,225.06,225.06,0,1,0,0.2666,0,225.06,0.23399,0.061304,0.23967,0.061358,2,0,0.2666,0,450.11,0,0,1,0,0.2666,0,225.06
1206,12,263.9,263.93,3,1,127,0,1,0,0.0333,0,1801.8,0,1,0,0.0333,0,1801.8,0.15586,0.051427,0.15586,0.051427,0,2,0,0.0333,0,3603.6,0,1,0,0.0333,0,1801.8
1206,12,263.97,264.17,3,1,128,0,1,0,0.1999,0,300.15,0,1,0,0.1999,0,300.15,0.15616,0.058412,0.15573,0.058421,0,2,0,0.1999,0,600.3,0,1,0,0.1999,0,300.15
1206,12,264.9,265.07,2,1,129,0,1,0,0.1666,0,360.14,0,1,0,0.1666,0,360.14,0.13152,0.060417,0.12822,0.060552,0,2,0,0.1666,0,720.29,0,1,0,0.1666,0,360.14
1206,12,265.8,267.1,3,1,130,0,1,0,1.3,0,46.154,0,1,0,1.3,0,46.154,0.1599,0.05339,0.16421,0.053486,0,2,0,1.3,0,92.308,0,1,0,1.3,0,46.154
1206,12,267.47,267.6,3,1,131,0,1,0,0.1333,0,450.11,0,1,0,0.1333,0,450.11,0.12814,0.050024,0.12807,0.049928,0,2,0,0.1333,0,900.23,0,1,0,0.1333,0,450.11
1206,12,277.83,277.9,1,1,132,0,0,0,0,0,0,0,0.49975,0,0.033333,0,899.55,0.050244,0.018084,0.050244,0.018084,0,1,0,0.0667,0,899.55,0,1,0,0.0667,0,899.55
1206,12,278.3,278.53,1,1,133,0,0,0,0,0,0,0,1,0,0.2333,0,257.18,0.084172,0.012381,0.090732,0.01388,0,1,0,0.2333,0,257.18,0,1,0,0.2333,0,257.18
1206,12,279.33,279.37,2,1,134,0,1,0,0.0333,0,1801.8,0,1,0,0.0333,0,1801.8,0.34801,0.067976,0.34801,0.067976,0,1,0,0.0333,0,1801.8,0,1,0,0.0333,0,1801.8
1206,12,286.83,287.03,23,1,135,0,1,0,0.2,0,300,0,1,0,0.2,0,300,0.088415,0.032237,0.090474,0.032345,0,2,0,0.2,0,600,0,1,0,0.2,0,300
1206,12,289.6,290.13,2,1,136,0,1,0,0.5333,0,112.51,0,1,0,0.5333,0,112.51,0.066613,0.031506,0.066289,0.031418,0,2,0,0.5333,0,225.01,0,1.8751,0,0.49998,0,225.01
1206,12,291.2,291.3,2,1,137,0,1,0,0.1,0,600,0,1,0,0.1,0,600,0.09295,0.043355,0.093483,0.043302,0,2,0,0.1,0,1200,0,2,0,0.1,0,1200
1206,12,295.23,295.33,7,1,138,0,1,0,0.1,0,600,0,1,0,0.1,0,600,0.077725,0.040617,0.078135,0.041151,0,1,0,0.1,0,600,0,2,0,0.1,0,1200
1206,12,309.07,309.27,23,1,139,0,1,0,0.1999,0,300.15,0,0,0,0,0,0,0.14328,0.08095,0.14203,0.082779,0,0,0,0,0,0,0,1,0,0.09995,0,600.3
1206,12,309.5,309.87,14,1,140,1,0,0.3666,0,163.67,0,0,0,0,0,0,0,0.13867,0.099083,0.13854,0.10064,0,0,0,0,0,0,0,1,0,0.1833,0,327.33
1206,12,312.9,312.93,23,1,141,0,1,0,0.0333,0,1801.8,0,1,0,0.0333,0,1801.8,0.087048,0.033212,0.087048,0.033212,0,2,0,0.0333,0,3603.6,0,1,0,0.0333,0,1801.8
1206,12,313.2,313.43,14,1,142,1,0,0.2333,0,257.18,0,0,1,0,0.2333,0,257.18,0.14693,0.037515,0.14745,0.038394,2,0,0.2333,0,514.36,0,0,1,0,0.2333,0,257.18
1206,12,315.23,315.87,14,1,143,0.94731,0,0.59993,0,94.742,0,0,1,0,0.6333,0,94.742,0.2372,0.059902,0.23906,0.059947,1.6316,0,0.51665,0,189.48,0,0,1.1578,0,0.36662,0,189.48
1206,12,316.07,317.47,3,1,144,0,0.95243,0,1.3333,0,42.86,0,1,0,1.3999,0,42.86,0.20373,0.047767,0.2073,0.046439,0,1.8333,0,1.2832,0,85.72,0,1.9048,0,0.88882,0,128.58
1206,12,319.03,319.23,2,1,145,0,1,0,0.2,0,300,0,1,0,0.2,0,300,0.10867,0.049201,0.10844,0.04882,0,1,0,0.2,0,300,0,2,0,0.2,0,600
1206,12,319.53,319.63,2,1,146,0,1,0,0.1,0,600,0,1,0,0.1,0,600,0.096882,0.051064,0.097412,0.050957,0,1,0,0.1,0,600,0,1,0,0.1,0,600
1206,12,320.73,320.8,14,1,147,0,1,0,0.0667,0,899.55,0,1,0,0.0667,0,899.55,0.10953,0.055849,0.10953,0.055849,0,0,0,0,0,0,0,1,0,0.0667,0,899.55
1206,12,321.53,322.2,14,1,148,0,0,0,0,0,0,0,1,0,0.6667,0,89.996,0.12287,0.059336,0.12465,0.060966,0,0,0,0,0,0,0,1,0,0.6667,0,89.996
1206,12,322.27,322.3,14,1,149,0,0,0,0,0,0,0,1,0,0.0333,0,1801.8,0,0,0,0,0,0,0,0,0,0,0,1,0,0.0333,0,1801.8
1206,12,323.43,323.53,23,1,150,0,0,0,0,0,0,0,0,0,0,0,0,0.094232,0.043571,0.09557,0.043495,0,0,0,0,0,0,0,1,0,0.1,0,600
1206,12,323.73,324.43,3,1,151,0,0.76186,0,0.5333,0,85.714,0,0,0,0,0,0,0.24917,0.055395,0.24963,0.05521,0,0.71424,0,0.49997,0,85.714,0,1,0,0.7,0,85.714
1207,12,34.4,34.533,20,1,1,1,0,0.1333,0,450.11,0,0,0,0,0,0,0,0.59101,0.031383,0.5939,0.031352,1,0,0.1333,0,450.11,0,0,1,0,0.1333,0,450.11
1207,12,34.533,34.567,9,1,2,0,1,0,0.0333,0,1801.8,0,0,0,0,0,0,0.057731,0.019206,0.057731,0.019206,0,1,0,0.0333,0,1801.8,0,1,0,0.0333,0,1801.8
1207,12,34.567,35,20,1,3,1,0,0.4333,0,138.47,0,0,0,0,0,0,0,0.59001,0.03556,0.6014,0.03213,1.0769,0,0.23332,0,276.94,0,0,1,0,0.4333,0,138.47
1207,12,35.3,37.2,20,1,4,1,0,1.9,0,31.579,0,0,0,0,0,0,0,0.5668,0.04861,0.56636,0.050768,1.7018,0,0.80833,0,126.32,0,0,1,0,1.9,0,31.579
1207,12,37.233,37.267,20,1,5,1,0,0.0333,0,1801.8,0,0,0,0,0,0,0,0.66146,0.044838,0.66146,0.044838,1,0,0.0333,0,1801.8,0,0,1,0,0.0333,0,1801.8
1207,12,37.3,37.467,20,1,6,1,0,0.1666,0,360.14,0,0,0,0,0,0,0,0.64994,0.045094,0.65171,0.045203,1.4002,0,0.11663,0,720.29,0,0,1,0,0.1666,0,360.14
1207,12,37.5,38.767,20,1,7,0.26317,0,0.33333,0,47.371,0,0,0,0,0,0,0,0.34344,0.048063,0.25878,0.045431,1.0263,0,0.64997,0,94.742,0,0,1,0,1.2666,0,47.371
1207,12,38.867,39.1,20,1,8,0,1,0,0.2333,0,257.18,0,0,0,0,0,0,0.11213,0.04595,0.11262,0.045995,1,0,0.2333,0,257.18,0,0,1,0,0.2333,0,257.18
1207,12,39.267,41.633,20,1,9,0,1,0,2.3666,0,25.353,0,0,0,0,0,0,0.19111,0.050406,0.19398,0.050744,1,0.09858,2.3666,0.2333,25.353,25.353,0,1,0,2.3666,0,25.353
1207,12,41.667,41.767,20,1,10,0,1,0,0.0999,0,600.6,0,0,0,0,0,0,0.17634,0.060367,0.17634,0.060367,1,1,0.0999,0.0999,600.6,600.6,0,1,0,0.0999,0,600.6
1207,12,42.1,42.2,20,1,11,0,1,0,0.1,0,600,0,0,0,0,0,0,0.15996,0.051534,0.16115,0.051276,1,1,0.1,0.1,600,600,0,1,0,0.1,0,600
1207,12,42.7,42.733,20,1,12,0,1,0,0.0333,0,1801.8,0,0,0,0,0,0,0.17944,0.060427,0.17944,0.060427,1,1,0.0333,0.0333,1801.8,1801.8,0,1,0,0.0333,0,1801.8
1207,12,52.6,52.733,20,1,13,1,0,0.1333,0,450.11,0,0,0,0,0,0,0,0.61759,0.030945,0.61759,0.030978,2,0,0.1333,0,900.23,0,0,1,0,0.1333,0,450.11
1207,12,52.733,52.767,6,1,14,0,1,0,0.0333,0,1801.8,0,0,0,0,0,0,0.054268,0.017666,0.054268,0.017666,0,2,0,0.0333,0,3603.6,0,1,0,0.0333,0,1801.8
1207,12,52.767,60.933,20,1,15,0.64898,0.11429,1.7667,0.46667,22.041,14.694,0,0,0,0,0,0,0.39411,0.042716,0.41653,0.041829,2,0,8.1666,0,14.694,0,0,1,0,8.1666,0,7.347
1207,12,61,61.933,9,1,16,0.71431,0,0.66667,0,64.288,0,0,0,0,0,0,0,0.095636,0.039781,0.098766,0.04117,0,2,0,0.9333,0,128.58,0,1,0,0.9333,0,64.288
1207,12,62.467,62.867,9,1,17,0,0,0,0,0,0,0,0,0,0,0,0,0.069343,0.012659,0.070891,0.012659,0,2,0,0.3999,0,300.08,0,1,0,0.3999,0,150.04
1207,12,62.867,63.1,23,1,18,0,0,0,0,0,0,0,0,0,0,0,0,0.11882,0.033439,0.11974,0.033199,0,2,0,0.2333,0,514.36,0,1,0,0.2333,0,257.18
1207,12,63.167,63.533,23,1,19,0,0.72731,0,0.26663,0,163.67,0,0,0,0,0,0,0.11788,0.034971,0.11574,0.03501,0,2,0,0.3666,0,327.33,0,1,0,0.3666,0,163.67
1207,12,63.7,63.733,23,1,20,0,0,0,0,0,0,0,0,0,0,0,0,0.12789,0.044326,0.12789,0.044326,0,2,0,0.0333,0,3603.6,0,1,0,0.0333,0,1801.8
1207,12,65.533,65.867,20,1,21,0,1,0,0.3333,0,180.02,0,0,0,0,0,0,0.13632,0.04848,0.14047,0.047979,2,0,0.3333,0,360.04,0,0,1.7999,0,0.29995,0,360.04
1207,12,66.033,66.067,20,1,22,0,1,0,0.0333,0,1801.8,0,0,0,0,0,0,0.13674,0.042659,0.13674,0.042659,2,0,0.0333,0,3603.6,0,0,2,0,0.0333,0,3603.6
1207,12,128.13,128.23,21,1,23,0,0,0,0,0,0,0,0,0,0,0,0,0.1196,0.041387,0.12053,0.039818,0,2,0,0.1,0,1200,0,1,0,0.1,0,600
1207,12,128.57,128.6,6,1,24,0,1,0,0.0333,0,1801.8,0,0,0,0,0,0,0,0,0,0,0,2,0,0.0333,0,3603.6,0,1,0,0.0333,0,1801.8
1207,12,128.7,128.8,21,1,25,0,0,0,0,0,0,0,0,0,0,0,0,0.10983,0.047563,0.10984,0.047372,0,2,0,0.1,0,1200,0,1,0,0.1,0,600
1207,12,129.2,129.23,21,1,26,0,1,0,0.0333,0,1801.8,0,0,0,0,0,0,0.10251,0.041913,0.10251,0.041913,0,1,0,0.0333,0,1801.8,0,1,0,0.0333,0,1801.8
1207,12,138.47,139.6,6,1,27,0.38236,0.14706,0.43333,0.16667,52.943,52.943,0,0,0,0,0,0,0.11103,0.042864,0.111,0.042461,0,1.147,0,0.64997,0,105.89,0,1,0,1.1333,0,52.943
1207,12,140.07,140.23,21,1,28,0,0.39996,0,0.066633,0,360.14,0,0,0,0,0,0,0.13459,0.050875,0.13354,0.050039,0,1,0,0.1666,0,360.14,0,1,0,0.1666,0,360.14
1207,12,140.77,141.27,21,1,29,0,1,0,0.4999,0,120.02,0,0,0,0,0,0,0.15382,0.042354,0.15462,0.042077,0,1,0,0.4999,0,120.02,0,1,0,0.4999,0,120.02
1207,12,175.27,175.3,20,1,30,1,0,0.0333,0,1801.8,0,0,0,0,0,0,0,0,0,0,0,1,1,0.0333,0.0333,1801.8,1801.8,0,1,0,0.0333,0,1801.8
1207,12,175.57,177.4,20,1,31,0.94545,0,1.7333,0,32.728,0,0,0,0,0,0,0,0.35831,0.060214,0.36295,0.049936,1,1,1.8333,1.8333,32.728,32.728,0,1,0,1.8333,0,32.728
1207,12,177.4,177.5,21,1,32,0,0,0,0,0,0,0,0,0,0,0,0,0.23282,0.041948,0.21629,0.042327,1,1,0.1,0.1,600,600,0,1,0,0.1,0,600
1207,12,177.57,177.6,16,1,33,0,0,0,0,0,0,0,0,0,0,0,0,0,0,0,0,0,2,0,0.0333,0,3603.6,0,1,0,0.0333,0,1801.8
1207,12,192.27,192.37,21,1,34,0,0.33333,0,0.0333,0,600.6,0,0,0,0,0,0,0.13326,0.055381,0.13326,0.055381,0,1,0,0.0999,0,600.6,0,1,0,0.0999,0,600.6
1207,12,192.4,195.1,20,1,35,0.93827,0,2.5333,0,22.222,0,0,0,0,0,0,0,0.32984,0.064209,0.31484,0.06454,1.642,0,2.2167,0,44.444,0,0,1,0,2.7,0,22.222
1207,12,195.13,195.43,20,1,36,1,0,0.3,0,200,0,0,0,0,0,0,0,0.50276,0.085036,0.50615,0.082418,1.0001,0,0.15002,0,400,0,0,1,0,0.3,0,200
1207,12,195.43,195.47,8,1,37,0,1,0,0.0333,0,1801.8,0,0,0,0,0,0,0.10083,0.033967,0.10083,0.033967,0,1,0,0.0333,0,1801.8,0,1,0,0.0333,0,1801.8
1207,12,195.47,196.53,20,1,38,1,0,1.0666,0,56.254,0,0,0,0,0,0,0,0.49819,0.095183,0.49611,0.093411,1.5,0,0.53329,0,168.76,0,0,1,0,1.0666,0,56.254
1207,12,196.63,196.93,20,1,39,1,0,0.3,0,200,0,0,0,0,0,0,0,0.4512,0.069791,0.45042,0.068656,2,0,0.3,0,400,0,0,1,0,0.3,0,200
1207,12,196.93,196.97,21,1,40,0,1,0,0.0333,0,1801.8,0,0,0,0,0,0,0.12598,0.051038,0.12598,0.051038,0,2,0,0.0333,0,3603.6,0,1,0,0.0333,0,1801.8
1207,12,196.97,197.2,20,1,41,1,0,0.2333,0,257.18,0,0,0,0,0,0,0,0.41582,0.065598,0.41834,0.065675,2,0,0.2333,0,514.36,0,0,1,0,0.2333,0,257.18
1207,12,197.23,198.1,20,1,42,1,0,0.8667,0,69.228,0,0,0,0,0,0,0,0.38811,0.058707,0.39391,0.058706,2,0,0.8667,0,138.46,0,0,1,0,0.8667,0,69.228
1207,12,200.2,200.23,21,1,43,0,0,0,0,0,0,0,0,0,0,0,0,0.15219,0.062631,0.15219,0.062631,0,1,0,0.0333,0,1801.8,0,1,0,0.0333,0,1801.8
1207,12,200.23,200.4,20,1,44,0,0,0,0,0,0,0,0,0,0,0,0,0.44543,0.083254,0.44674,0.083341,1,0,0.1667,0,359.93,0,0,1,0,0.1667,0,359.93
1207,12,200.57,200.93,20,1,45,0,0.81824,0,0.14998,0,327.33,0,0,0,0,0,0,0.33763,0.077397,0.33987,0.081565,1,0,0.3666,0,163.67,0,0,1,0,0.3666,0,163.67
1207,12,201.07,201.73,20,1,46,0,0.64996,0,0.21663,0,180.02,0,0,0,0,0,0,0.26805,0.072356,0.26801,0.063901,1,0.14996,0.6666,0.099967,90.009,90.009,0,1.05,0,0.34995,0,180.02
1207,12,202,202.13,20,1,47,0,1,0,0.1333,0,450.11,0,0,0,0,0,0,0.16272,0.05307,0.16354,0.051632,1,1,0.1333,0.1333,450.11,450.11,0,2,0,0.1333,0,900.23
1207,12,202.47,203.17,20,1,48,0,0.42863,0,0.3,0,85.727,0,0,0,0,0,0,0.20314,0.07658,0.20719,0.076307,1,0.47621,0.6999,0.16665,85.727,171.45,0,1,0,0.6999,0,85.727
1207,12,203.2,203.23,21,1,49,0,0,0,0,0,0,0,0,0,0,0,0,0.14259,0.052295,0.14259,0.052295,0,1,0,0.0333,0,1801.8,0,1,0,0.0333,0,1801.8
1207,12,204.77,205.2,6,1,50,0,1,0,0.4333,0,138.47,0,0,0,0,0,0,0.12627,0.041694,0.12782,0.041198,1,1,0.4333,0.4333,138.47,138.47,0,1,0,0.4333,0,138.47
1207,12,214.57,214.6,16,1,51,0,1,0,0.0333,0,1801.8,0,0,0,0,0,0,0,0,0,0,0,1,0,0.0333,0,1801.8,0,1,0,0.0333,0,1801.8
1207,12,214.97,215,16,1,52,0,1,0,0.0333,0,1801.8,0,0,0,0,0,0,0,0,0,0,0,1,0,0.0333,0,1801.8,0,1,0,0.0333,0,1801.8
1207,12,216.83,216.87,5,1,53,1,0,0.0333,0,1801.8,0,0,0,0,0,0,0,0.12229,0.047384,0.12229,0.047384,1,1,0.0333,0.0333,1801.8,1801.8,0,1,0,0.0333,0,1801.8
1207,12,217.2,217.27,5,1,54,1,0,0.0666,0,900.9,0,0,0,0,0,0,0,0.10715,0.048793,0.10715,0.048793,1,1,0.0666,0.0666,900.9,900.9,0,1,0,0.0666,0,900.9
1207,12,217.3,217.33,5,1,55,1,0,0.0333,0,1801.8,0,0,0,0,0,0,0,0.096921,0.048342,0.096921,0.048342,1,1,0.0333,0.0333,1801.8,1801.8,0,1,0,0.0333,0,1801.8
1207,12,217.37,217.43,5,1,56,1,0,0.0666,0,900.9,0,0,0,0,0,0,0,0.1022,0.050648,0.1022,0.050648,1,1,0.0666,0.0666,900.9,900.9,0,1,0,0.0666,0,900.9
1207,12,218.3,218.5,5,1,57,0,1,0,0.2,0,300,0,0,0,0,0,0,0.14075,0.049526,0.1413,0.04934,1,1,0.2,0.2,300,300,0,1,0,0.2,0,300
1207,12,218.87,222.83,5,1,58,0.55463,0,1.1,0,30.253,0,0,0,0,0,0,0,0.24595,0.043346,0.27833,0.043649,1,1,3.9666,3.9666,15.126,15.126,0,1,0,3.9666,0,15.126
1207,12,222.87,222.9,12,1,59,0,0,0,0,0,0,0,0,0,0,0,0,0,0,0,0,0,2,0,0.0333,0,3603.6,0,1,0,0.0333,0,1801.8
1207,12,226.5,226.7,16,1,60,0,1,0,0.2,0,300,0,0,0,0,0,0,0.092012,0.046701,0.09217,0.046251,0,1,0,0.2,0,300,0,1,0,0.2,0,300
1207,12,227.77,227.87,5,1,61,0,0,0,0,0,0,0,0,0,0,0,0,0.076084,0.016241,0.076084,0.016241,1,1,0.0999,0.0999,600.6,600.6,0,1,0,0.0999,0,600.6
1207,12,232.9,233,23,1,62,0,0,0,0,0,0,0,0,0,0,0,0,0.15372,0.04141,0.1595,0.041892,0,1,0,0.1,0,600,0,1.3333,0,0.066667,0,1200
1207,12,233.4,233.43,9,1,63,0,0,0,0,0,0,0,0,0,0,0,0,0.052506,0.023108,0.052506,0.023108,0,1,0,0.0333,0,1801.8,0,2,0,0.0333,0,3603.6
1207,12,233.53,234.8,20,1,64,0,0.18421,0,0.23333,0,47.367,0,0,0,0,0,0,0.17548,0.053923,0.17744,0.055772,1,0.55262,1.2667,0.7,47.367,47.367,0,2,0,1.2667,0,94.734
1207,12,235.07,235.1,12,1,65,0,0,0,0,0,0,0,0,0,0,0,0,0,0,0,0,0,2,0,0.0333,0,3603.6,0,2,0,0.0333,0,3603.6
1207,12,248.57,250.87,20,1,66,1,0,2.2999,0,26.088,0,0,0,0,0,0,0,0.39541,0.037925,0.38578,0.038366,2,0,2.2999,0,52.176,0,0,1,0,2.2999,0,26.088
1207,12,251.13,251.3,20,1,67,1,0,0.1667,0,359.93,0,0,0,0,0,0,0,0.38228,0.036165,0.38207,0.036154,2,0,0.1667,0,719.86,0,0,1,0,0.1667,0,359.93
1207,12,251.37,251.57,20,1,68,1,0,0.1999,0,300.15,0,0,0,0,0,0,0,0.38814,0.036684,0.38861,0.036596,2,0,0.1999,0,600.3,0,0,1,0,0.1999,0,300.15
1207,12,251.8,251.9,20,1,69,1,0,0.1,0,600,0,0,0,0,0,0,0,0.38115,0.03662,0.38111,0.036639,2,0,0.1,0,1200,0,0,1,0,0.1,0,600
1207,12,251.97,252.37,20,1,70,1,0,0.3999,0,150.04,0,0,0,0,0,0,0,0.40675,0.03762,0.40563,0.037529,2,0,0.3999,0,300.08,0,0,1,0,0.3999,0,150.04
1207,12,252.4,252.57,20,1,71,1,0,0.1666,0,360.14,0,0,0,0,0,0,0,0.41149,0.038492,0.41051,0.038412,2,0,0.1666,0,720.29,0,0,1,0,0.1666,0,360.14
1207,12,252.6,254.57,20,1,72,0.86444,0,1.7,0,30.51,0,0,0,0,0,0,0,0.32275,0.048876,0.32265,0.046541,2,0,1.9666,0,61.019,0,0,1,0,1.9666,0,30.51
1207,12,254.83,254.93,19,1,73,0,0,0,0,0,0,0,0,0,0,0,0,0.05784,0.021102,0.056736,0.021102,0,2,0,0.1,0,1200,0,1,0,0.1,0,600
1207,12,259.97,260.27,15,1,74,0,1,0,0.2999,0,200.07,0,0,0,0,0,0,0.10685,0.041216,0.1059,0.041189,0,2,0,0.2999,0,400.13,0,1,0,0.2999,0,200.07
1207,12,265.73,265.77,20,1,75,0,0,0,0,0,0,0,0,0,0,0,0,0.1213,0.062178,0.1213,0.062178,2,0,0.0333,0,3603.6,0,0,1,0,0.0333,0,1801.8
1207,12,265.8,268.07,20,1,76,0.88235,0,1.9999,0,26.471,0,0,0,0,0,0,0,0.34216,0.045742,0.35735,0.044363,2,0,2.2666,0,52.943,0,0,1,0,2.2666,0,26.471
1207,12,268.2,269,20,1,77,1,0,0.8,0,75,0,0,0,0,0,0,0,0.29895,0.043639,0.29654,0.043574,1.5417,0,0.61667,0,150,0,0,1,0,0.8,0,75
1207,12,269.03,269.23,20,1,78,0.00016667,0,3.3333e-05,0,300,0,0,0,0,0,0,0,0.15714,0.058483,0.1608,0.059295,1,0,0.2,0,300,0,0,1,0,0.2,0,300
1207,12,269.9,270.03,5,1,79,1,0,0.1333,0,450.11,0,0,0,0,0,0,0,0.10569,0.052775,0.10589,0.052505,0,1,0,0.1333,0,450.11,0,1,0,0.1333,0,450.11
1207,12,270.23,270.5,5,1,80,1,0,0.2667,0,224.97,0,0,0,0,0,0,0,0.11953,0.045989,0.12126,0.045948,0.49994,1,0.13333,0.2667,224.97,224.97,0,1.3751,0,0.18337,0,449.94
1207,12,270.8,271.1,20,1,81,0,1,0,0.3,0,200,0,0,0,0,0,0,0.063028,0.020613,0.061111,0.019977,1,1,0.3,0.3,200,200,0,1.2222,0,0.18333,0,400
1207,12,271.17,271.33,5,1,82,0,0,0,0,0,0,0,0,0,0,0,0,0.10423,0.032469,0.10563,0.032528,1,1,0.1666,0.1666,360.14,360.14,0,1,0,0.1666,0,360.14
1207,12,271.4,271.9,20,1,83,0,0,0,0,0,120,0,0,0,0,0,0,0.096931,0.037429,0.10417,0.043265,1,1,0.5,0.5,120,120,0,1.2,0,0.2,0,360
1207,12,272.8,273.03,20,1,84,0,1,0,0.2333,0,257.18,0,0,0,0,0,0,0.11515,0.058242,0.11556,0.05819,1,1,0.2333,0.2333,257.18,257.18,0,1.2858,0,0.14998,0,514.36
1207,12,273.07,274.57,20,1,85,0,1,0,1.4999,0,40.003,0,0,0,0,0,0,0.12197,0.060876,0.12214,0.060887,1,1,1.4999,1.4999,40.003,40.003,0,1.3111,0,0.49164,0,160.01
1207,12,275,280,20,1,86,0.24,0.13333,1.2,0.22222,12,36,0,0,0,0,0,0,0.28664,0.042914,0.28893,0.040909,1,1,5,5,12,12,0,1.1267,0,0.80476,0,84
1207,12,283.07,284.73,20,1,87,0.22001,0.39998,0.36667,0.3333,36.001,72.003,0,0,0,0,0,0,0.31902,0.042285,0.33154,0.039778,1,1,1.6666,1.6666,36.001,36.001,0,1,0,1.6666,0,36.001
1207,12,286.17,286.3,20,1,88,0,0,0,0,0,0,0,0,0,0,0,0,0.15158,0.04972,0.14468,0.049838,1,1,0.1333,0.1333,450.11,450.11,0,1,0,0.1333,0,450.11
1207,12,295.27,295.4,5,1,89,0,1,0,0.1333,0,450.11,0,0,0,0,0,0,0.10169,0.046703,0.10152,0.046724,1,1,0.1333,0.1333,450.11,450.11,0,2,0,0.1333,0,900.23
1207,12,307.37,307.93,16,1,90,1,0,0.5666,0,105.89,0,0,0,0,0,0,0,0.18952,0.049594,0.20141,0.05096,1,1,0.5666,0.5666,105.89,105.89,0,1,0,0.5666,0,105.89
1207,12,307.97,308,16,1,91,1,0,0.0333,0,1801.8,0,0,0,0,0,0,0,0,0,0,0,1,1,0.0333,0.0333,1801.8,1801.8,0,1,0,0.0333,0,1801.8
1207,12,308.17,308.43,16,1,92,1,0,0.2666,0,225.06,0,0,0,0,0,0,0,0.28136,0.061604,0.28362,0.060507,1,1,0.2666,0.2666,225.06,225.06,0,1.625,0,0.21662,0,450.11
1207,12,308.53,308.57,16,1,93,1,0,0.0333,0,1801.8,0,0,0,0,0,0,0,0.24378,0.037746,0.24378,0.037746,1,1,0.0333,0.0333,1801.8,1801.8,0,2,0,0.0333,0,3603.6
1207,12,308.73,308.77,16,1,94,1,0,0.0333,0,1801.8,0,0,0,0,0,0,0,0.2464,0.039187,0.2464,0.039187,1,1,0.0333,0.0333,1801.8,1801.8,0,2,0,0.0333,0,3603.6
1207,12,309.2,309.63,16,1,95,1,0,0.4333,0,138.47,0,0,0,0,0,0,0,0.3141,0.062202,0.31769,0.064864,1,1,0.4333,0.4333,138.47,138.47,0,2,0,0.4333,0,276.94
1207,12,309.77,312.3,20,1,96,0.82896,0.026316,2.1,0.066667,23.685,23.685,0,0,0,0,0,0,0.26574,0.04511,0.26872,0.044632,1,1,2.5333,2.5333,23.685,23.685,0,1.671,0,1.4111,0,71.054
1207,12,312.4,312.43,16,1,97,1,0,0.0333,0,1801.8,0,0,0,0,0,0,0,0.16262,0.053302,0.16262,0.053302,1,1,0.0333,0.0333,1801.8,1801.8,0,2,0,0.0333,0,3603.6
1207,12,312.43,312.6,20,1,98,0,1,0,0.1667,0,359.93,0,0,0,0,0,0,0.20405,0.062466,0.20466,0.06044,1,1,0.1667,0.1667,359.93,359.93,0,2,0,0.1667,0,719.86
1207,12,312.67,314.53,20,1,99,0,1,0,1.8666,0,32.144,0,0,0,0,0,0,0.21187,0.05408,0.21644,0.053506,1,1,1.8666,1.8666,32.144,32.144,0,2,0,1.8666,0,64.288
1207,12,314.57,315.53,20,1,100,0,0.72415,0,0.34998,0,124.15,0,0,0,0,0,0,0.22827,0.043041,0.22105,0.042383,1,1,0.9666,0.9666,62.073,62.073,0,1.9655,0,0.94995,0,124.15
1207,12,318.4,319.87,17,1,101,0.93186,0,1.3667,0,40.911,0,0,0,0,0,0,0,0.41223,0.044496,0.40726,0.043956,1,1,1.4666,1.4666,40.911,40.911,0,1,0,1.4666,0,40.911
1207,12,319.93,323.17,20,1,102,0.93813,0,3.0333,0,18.557,0,0,0,0,0,0,0,0.29153,0.056655,0.28766,0.057846,1.5361,0.020629,2.4833,0.0667,37.114,18.557,0,1,0,3.2333,0,18.557
1207,12,323.2,324.07,20,1,103,1,0,0.8666,0,69.236,0,0,0,0,0,0,0,0.30353,0.070857,0.30356,0.070451,2,0,0.8666,0,138.47,0,0,1,0,0.8666,0,69.236
1207,12,324.07,324.1,6,1,104,0,1,0,0.0333,0,1801.8,0,0,0,0,0,0,0,0,0,0,0,2,0,0.0333,0,3603.6,0,1,0,0.0333,0,1801.8
1207,12,324.1,324.63,20,1,105,1,0,0.5333,0,112.51,0,0,0,0,0,0,0,0.29575,0.070903,0.29548,0.072386,2,0,0.5333,0,225.01,0,0,1,0,0.5333,0,112.51
1207,12,324.63,324.7,6,1,106,0,1,0,0.0667,0,899.55,0,0,0,0,0,0,0.10292,0.059106,0.10292,0.059106,0,2,0,0.0667,0,1799.1,0,1.4998,0,0.050017,0,1799.1
1207,12,324.7,324.77,20,1,107,1,0,0.0666,0,900.9,0,0,0,0,0,0,0,0.30619,0.074182,0.30619,0.074182,2,0,0.0666,0,1801.8,0,0,2,0,0.0666,0,1801.8
1207,12,324.77,324.83,6,1,108,0,1,0,0.0666,0,900.9,0,0,0,0,0,0,0.1016,0.059413,0.1016,0.059413,0,2,0,0.0666,0,1801.8,0,2,0,0.0666,0,1801.8
1207,12,324.83,328.4,20,1,109,1,0,3.5667,0,16.822,0,0,0,0,0,0,0,0.37796,0.064182,0.39397,0.066516,2,0,3.5667,0,33.645,0,0,2,0,3.5667,0,33.645
1207,12,328.4,328.43,21,1,110,0,1,0,0.0333,0,1801.8,0,0,0,0,0,0,0.1001,0.050901,0.1001,0.050901,0,2,0,0.0333,0,3603.6,0,2,0,0.0333,0,3603.6
1207,12,328.43,328.77,20,1,111,1,0,0.3333,0,180.02,0,0,0,0,0,0,0,0.4764,0.059125,0.47727,0.060118,2,0,0.3333,0,360.04,0,0,2,0,0.3333,0,360.04
1207,12,328.8,330.4,20,1,112,0.83333,0,1.3333,0,37.5,0,0,0,0,0,0,0,0.42511,0.068872,0.44667,0.071106,2,0,1.6,0,75,0,0,2,0,1.6,0,75
1207,12,330.47,331.5,15,1,113,0.96777,0,1,0,58.066,0,0,0,0,0,0,0,0.24415,0.06423,0.24326,0.064495,0,2,0,1.0333,0,116.13,1,1,1.0333,1.0333,58.066,58.066
1207,12,331.53,331.8,15,1,114,1,0,0.2667,0,224.97,0,0,0,0,0,0,0,0.24027,0.051583,0.24029,0.051448,0,1.3751,0,0.18337,0,449.94,1,1,0.2667,0.2667,224.97,224.97
1207,12,331.83,332.13,15,1,115,1,0,0.3,0,200,0,0,0,0,0,0,0,0.21041,0.057694,0.21941,0.058628,0,1,0,0.3,0,200,1,1,0.3,0.3,200,200
1207,12,332.33,332.6,15,1,116,1,0,0.2667,0,224.97,0,0,0,0,0,0,0,0.17433,0.057641,0.17334,0.057628,0,1,0,0.2667,0,224.97,1,1,0.2667,0.2667,224.97,224.97
1207,12,332.63,332.87,15,1,117,1,0,0.2333,0,257.18,0,0,0,0,0,0,0,0.17554,0.056934,0.1771,0.056643,0,1,0,0.2333,0,257.18,1,1,0.2333,0.2333,257.18,257.18
1207,12,332.93,333.07,15,1,118,1,0,0.1333,0,450.11,0,0,0,0,0,0,0,0.15709,0.054834,0.15698,0.05473,0,1,0,0.1333,0,450.11,1,1,0.1333,0.1333,450.11,450.11
1207,12,333.13,333.23,15,1,119,1,0,0.1,0,600,0,0,0,0,0,0,0,0.16008,0.055881,0.15968,0.055982,0,1,0,0.1,0,600,1,1,0.1,0.1,600,600
1207,12,333.47,333.5,20,1,120,0,1,0,0.0333,0,1801.8,0,0,0,0,0,0,0,0,0,0,1,0,0.0333,0,1801.8,0,0,2,0,0.0333,0,3603.6
1207,12,333.97,334.57,20,1,121,0,1,0,0.5999,0,100.02,0,0,0,0,0,0,0.17799,0.061783,0.17991,0.062748,1,0,0.5999,0,100.02,0,0,2,0,0.5999,0,200.03
1207,12,334.67,336.4,15,1,122,1,0,1.7333,0,34.616,0,0,0,0,0,0,0,0.19208,0.058334,0.19568,0.054793,0,1.0577,0,0.91665,0,69.232,1,1,1.7333,1.7333,34.616,34.616
1207,12,336.4,336.43,20,1,123,0,1,0,0.0333,0,1801.8,0,0,0,0,0,0,0.14124,0.051799,0.14124,0.051799,2,0,0.0333,0,3603.6,0,0,2,0,0.0333,0,3603.6
1207,12,336.43,337.03,15,1,124,1,0,0.6,0,100,0,0,0,0,0,0,0,0.2277,0.061106,0.23229,0.061745,0,2,0,0.6,0,200,1,1,0.6,0.6,100,100
1207,12,337.03,337.1,20,1,125,0,1,0,0.0667,0,899.55,0,0,0,0,0,0,0.12996,0.059698,0.12996,0.059698,2,0,0.0667,0,1799.1,0,0,2,0,0.0667,0,1799.1
1207,12,337.1,337.17,15,1,126,1,0,0.0666,0,900.9,0,0,0,0,0,0,0,0.20983,0.066471,0.20983,0.066471,0,2,0,0.0666,0,1801.8,1,1,0.0666,0.0666,900.9,900.9
1207,12,337.17,337.23,20,1,127,0,1,0,0.0666,0,900.9,0,0,0,0,0,0,0.12661,0.05884,0.12661,0.05884,2,0,0.0666,0,1801.8,0,0,2,0,0.0666,0,1801.8
1207,12,337.23,337.37,15,1,128,1,0,0.1333,0,450.11,0,0,0,0,0,0,0,0.2121,0.065333,0.21212,0.065348,0,2,0,0.1333,0,900.23,1,1,0.1333,0.1333,450.11,450.11
1207,12,337.37,337.43,20,1,129,0,1,0,0.0666,0,900.9,0,0,0,0,0,0,0.12758,0.055863,0.12758,0.055863,2,0,0.0666,0,1801.8,0,0,2,0,0.0666,0,1801.8
1207,12,337.43,337.47,15,1,130,1,0,0.0333,0,1801.8,0,0,0,0,0,0,0,0.22602,0.062499,0.22602,0.062499,0,2,0,0.0333,0,3603.6,1,1,0.0333,0.0333,1801.8,1801.8
1207,12,337.47,337.5,20,1,131,0,1,0,0.0333,0,1801.8,0,0,0,0,0,0,0,0,0,0,2,0,0.0333,0,3603.6,0,0,2,0,0.0333,0,3603.6
1207,12,337.5,337.8,15,1,132,0.11111,0.33333,0.033333,0.1,200,200,0,0,0,0,0,0,0.19465,0.05952,0.19348,0.059841,0,2,0,0.3,0,400,1,1,0.3,0.3,200,200
1207,12,338.1,338.3,15,1,133,0,1,0,0.2,0,300,0,0,0,0,0,0,0.15918,0.065378,0.16194,0.065208,0,1,0,0.2,0,300,1,1,0.2,0.2,300,300
1207,12,338.6,338.9,16,1,134,0,0.88889,0,0.26667,0,200,0,0,0,0,0,0,0.13212,0.04876,0.13016,0.047676,0,1,0,0.3,0,200,0,2,0,0.3,0,400
1207,12,339.5,339.87,16,1,135,0,1,0,0.3666,0,163.67,0,0,0,0,0,0,0.14024,0.062116,0.14084,0.05894,0,1.8181,0,0.33327,0,327.33,0,2,0,0.3666,0,327.33
1207,12,340.63,340.7,20,1,136,0,1,0,0.0667,0,899.55,0,0,0,0,0,0,0.13628,0.073887,0.13628,0.073887,1,0.00049975,0.0667,3.3333e-05,899.55,899.55,0,2,0,0.0667,0,1799.1
1207,12,340.77,340.83,20,1,137,0,1,0,0.0666,0,900.9,0,0,0,0,0,0,0.13926,0.069016,0.13926,0.069016,1,0,0.0666,0,900.9,0,0,2,0,0.0666,0,1801.8
1207,12,341.17,345.17,20,1,138,0.75,0.19166,2.9999,0.76663,15,15,0,0,0,0,0,0,0.42772,0.047483,0.44688,0.044912,1.6,0.31667,3.1999,1.2666,30.001,15,0,1,0,3.9999,0,15
1207,12,348,348.3,20,1,139,1,0,0.3,0,200,0,0,0,0,0,0,0,0.47737,0.023328,0.48186,0.02528,2,0,0.3,0,400,0,0,1,0,0.3,0,200
1207,12,348.33,355.7,20,1,140,0.95475,0,7.0334,0,8.1448,0,0,0,0,0,0,0,0.33764,0.049177,0.35225,0.052651,1.724,0,2.1167,0,48.869,0,0,1,0,7.3667,0,8.1448
1207,12,356.13,356.3,5,1,141,0,1,0,0.1667,0,359.93,0,0,0,0,0,0,0.12654,0.054114,0.12578,0.054033,0,2,0,0.1667,0,719.86,0,1,0,0.1667,0,359.93
1207,12,356.87,356.93,16,1,142,0,1,0,0.0666,0,900.9,0,0,0,0,0,0,0.12797,0.05041,0.12797,0.05041,0,2,0,0.0666,0,1801.8,0,1,0,0.0666,0,900.9
1207,12,356.97,357.03,16,1,143,0,0,0,0,0,0,0,0,0,0,0,0,0.13706,0.049365,0.13706,0.049365,0,2,0,0.0666,0,1801.8,0,1,0,0.0666,0,900.9
1207,12,357.23,357.3,23,1,144,0,0,0,0,0,0,0,0,0,0,0,0,0.11765,0.042025,0.11765,0.042025,0,2,0,0.0667,0,1799.1,0,1,0,0.0667,0,899.55
1207,12,357.33,357.5,23,1,145,0,0.79984,0,0.13333,0,359.93,0,0,0,0,0,0,0.12268,0.041491,0.12187,0.041455,0,2,0,0.1667,0,719.86,0,1,0,0.1667,0,359.93
1207,12,357.73,358.37,23,1,146,0,0.89473,0,0.28332,0,189.48,0,0,0,0,0,0,0.1317,0.038698,0.13349,0.038426,0,2,0,0.6333,0,189.48,0,1,0,0.6333,0,94.742
1207,12,358.47,359.9,23,1,147,0,0,0,0,0,0,0,0,0,0,0,0,0.11395,0.027156,0.11771,0.023358,0,2,0,1.4333,0,83.723,0,1,0,1.4333,0,41.861
1207,12,362.7,362.77,18,1,148,0,0,0,0,0,0,0,0,0,0,0,0,0.1353,0.0074436,0.1353,0.0074436,0,1,0,0.0666,0,900.9,0,1,0,0.0666,0,900.9
1207,12,371.27,372.03,23,1,149,0,0.78263,0,0.59997,0,78.268,0,0,0,0,0,0,0.13061,0.03463,0.13018,0.03633,0,1,0,0.7666,0,78.268,0,1,0,0.7666,0,78.268
1207,12,372.1,372.17,23,1,150,0,0,0,0,0,0,0,0,0,0,0,0,0.13337,0.05259,0.13337,0.05259,0,1,0,0.0666,0,900.9,0,1,0,0.0666,0,900.9
1207,12,376.47,376.63,16,1,151,1,0,0.1666,0,360.14,0,0,0,0,0,0,0,0.15339,0.03492,0.15328,0.034484,1,1,0.1666,0.1666,360.14,360.14,0,1,0,0.1666,0,360.14
1207,12,377.23,377.27,16,1,152,0,1,0,0.0333,0,1801.8,0,0,0,0,0,0,0.15,0.037904,0.15,0.037904,1,1,0.0333,0.0333,1801.8,1801.8,0,1,0,0.0333,0,1801.8
1207,12,378.43,379.87,20,1,153,0,0.23259,0,0.33337,0,41.861,0,0,0,0,0,0,0.14624,0.052043,0.14701,0.052405,0,2,0,1.4333,0,83.723,0,2,0,1.4333,0,83.723
1207,12,380.03,380.07,20,1,154,0,0,0,0,0,0,0,0,0,0,0,0,0.15422,0.051277,0.15422,0.051277,0,2,0,0.0333,0,3603.6,0,2,0,0.0333,0,3603.6
1207,12,380.1,380.13,20,1,155,0,0,0,0,0,0,0,0,0,0,0,0,0.15141,0.05332,0.15141,0.05332,0,2,0,0.0333,0,3603.6,0,2,0,0.0333,0,3603.6
1207,12,380.23,383.7,20,1,156,0.63461,0.19231,2.2,0.66667,17.308,17.308,0,0,0,0,0,0,0.15962,0.036533,0.15121,0.037022,0.64422,1.0769,1.1167,1.8667,34.615,34.615,0,2,0,3.4667,0,34.615
1207,12,383.8,383.83,20,1,157,0,0,0,0,0,0,0,0,0,0,0,0,0.10296,0.0518,0.10296,0.0518,2,0,0.0333,0,3603.6,0,0,2,0,0.0333,0,3603.6
1207,12,386.67,388.27,20,1,158,0.81255,0.020793,1.3,0.033267,37.502,37.502,0,0,0,0,0,0,0.14517,0.030312,0.14857,0.030202,1,0.24997,1.5999,0.39993,37.502,37.502,0,2,0,1.5999,0,75.005
1207,12,389.5,389.77,20,1,159,0,0.12503,0,0.033333,0,225.06,0,0,0,0,0,0,0.12195,0.035237,0.12522,0.035136,1,1,0.2666,0.2666,225.06,225.06,0,1,0,0.2666,0,225.06
1207,12,390.1,390.3,15,1,160,0,1,0,0.2,0,300,0,0,0,0,0,0,0.14192,0.063074,0.14389,0.063095,0,2,0,0.2,0,600,0,1,0,0.2,0,300
1207,12,391.97,392.07,16,1,161,0,1,0,0.0999,0,600.6,0,0,0,0,0,0,0.10868,0.045025,0.10868,0.045025,0,2,0,0.0999,0,1201.2,0,1,0,0.0999,0,600.6
1207,12,392.97,393.03,16,1,162,0,1,0,0.0666,0,900.9,0,0,0,0,0,0,0.15177,0.047127,0.15177,0.047127,0,2,0,0.0666,0,1801.8,0,1,0,0.0666,0,900.9
1207,12,397.3,397.47,15,1,163,0,0,0,0,0,0,0,0,0,0,0,0,0.11938,0.048547,0.1202,0.047922,0,1,0,0.1666,0,360.14,0,1,0,0.1666,0,360.14
1207,12,397.5,397.53,20,1,164,0,0,0,0,0,0,0,0,0,0,0,0,0.1033,0.042494,0.1033,0.042494,1,0,0.0333,0,1801.8,0,0,1,0,0.0333,0,1801.8
1207,12,397.73,405.2,20,1,165,0.59822,0.29911,2.2333,2.2333,16.071,8.0357,0,0,0,0,0,0,0.15418,0.041155,0.15906,0.041746,1.4911,0.30803,5.5667,2.3,16.071,8.0357,0,1,0,7.4667,0,8.0357
1207,12,405.23,407.5,19,1,166,0.86763,0.014706,1.9667,0.033333,26.47,26.47,0,0,0,0,0,0,0.22513,0.051754,0.21913,0.051471,1,1,2.2667,2.2667,26.47,26.47,0,1,0,2.2667,0,26.47
1207,12,407.6,407.83,19,1,167,0,0.71439,0,0.16667,0,257.18,0,0,0,0,0,0,0.19834,0.05069,0.20473,0.051353,1,1,0.2333,0.2333,257.18,257.18,0,1,0,0.2333,0,257.18
1207,12,407.83,408.03,20,1,168,0,0,0,0,0,0,0,0,0,0,0,0,0.132,0.049082,0.13079,0.050279,1,1,0.2,0.2,300,300,0,1,0,0.2,0,300
1207,12,408.33,408.37,16,1,169,0,1,0,0.0333,0,1801.8,0,0,0,0,0,0,0.12344,0.071536,0.12344,0.071536,0,2,0,0.0333,0,3603.6,0,1,0,0.0333,0,1801.8
1207,12,408.67,408.77,16,1,170,0,0.33333,0,0.0333,0,600.6,0,0,0,0,0,0,0.12307,0.065716,0.12307,0.065716,0,2,0,0.0999,0,1201.2,0,1,0,0.0999,0,600.6
1207,12,417.6,420.87,19,1,171,1,0,3.2666,0,18.368,0,0,0,0,0,0,0,0.29734,0.068793,0.30634,0.064982,1,1,3.2666,3.2666,18.368,18.368,0,1,0,3.2666,0,18.368
1207,12,426.43,426.47,5,1,172,0,1,0,0.0333,0,1801.8,0,0,0,0,0,0,0.14384,0.05684,0.14384,0.05684,0,2,0,0.0333,0,3603.6,0,1,0,0.0333,0,1801.8
1207,12,426.73,426.8,5,1,173,0,1,0,0.0667,0,899.55,0,0,0,0,0,0,0.14422,0.047769,0.14422,0.047769,0,2,0,0.0667,0,1799.1,0,1,0,0.0667,0,899.55
1207,12,426.87,426.93,5,1,174,0,1,0,0.0666,0,900.9,0,0,0,0,0,0,0.15082,0.056366,0.15082,0.056366,0,1.5,0,0.04995,0,1801.8,0,1,0,0.0666,0,900.9
1207,12,427.8,427.87,15,1,175,0,1,0,0.0666,0,900.9,0,0,0,0,0,0,0.15326,0.061596,0.15326,0.061596,0,1,0,0.0666,0,900.9,0,1,0,0.0666,0,900.9
1207,12,428.8,428.93,15,1,176,0,1,0,0.1333,0,450.11,0,0,0,0,0,0,0.12646,0.036974,0.12635,0.036841,0,1,0,0.1333,0,450.11,0,1,0,0.1333,0,450.11
1207,12,429.13,429.63,15,1,177,0,0.80007,0,0.40003,0,120,0,0,0,0,0,0,0.11239,0.039107,0.11292,0.038363,0,1.1332,0,0.2833,0,240,0,1,0,0.5,0,120
1207,12,429.7,429.73,20,1,178,0,0,0,0,0,0,0,0,0,0,0,0,0.11898,0.046505,0.11898,0.046505,1,1,0.0333,0.0333,1801.8,1801.8,0,1,0,0.0333,0,1801.8
1207,12,447.87,448.8,20,1,179,0.67856,0.071431,0.6333,0.066667,64.288,64.288,0,0,0,0,0,0,0.13605,0.038447,0.14013,0.036067,2,0,0.9333,0,128.58,0,0,1,0,0.9333,0,64.288
1207,12,449.2,449.23,15,1,180,0,1,0,0.0333,0,1801.8,0,0,0,0,0,0,0.13104,0.042969,0.13104,0.042969,0,1,0,0.0333,0,1801.8,0,1,0,0.0333,0,1801.8
1207,12,449.27,449.3,15,1,181,0,1,0,0.0333,0,1801.8,0,0,0,0,0,0,0,0,0,0,0,1,0,0.0333,0,1801.8,0,1,0,0.0333,0,1801.8
1207,12,449.7,449.87,15,1,182,0,1,0,0.1666,0,360.14,0,0,0,0,0,0,0.11521,0.040102,0.11541,0.038748,0,2,0,0.1666,0,720.29,0,1,0,0.1666,0,360.14
1207,12,458.27,458.47,20,1,183,0,1,0,0.1999,0,300.15,0,0,0,0,0,0,0.12795,0.040586,0.12811,0.040386,1,0,0.1999,0,300.15,0,0,1,0,0.1999,0,300.15
1207,12,459.53,459.97,20,1,184,0,1,0,0.4333,0,138.47,0,0,0,0,0,0,0.12807,0.041512,0.12744,0.041298,1,0,0.4333,0,138.47,0,0,1,0,0.4333,0,138.47
1207,12,461.53,461.73,20,1,185,0,1,0,0.2,0,300,0,0,0,0,0,0,0.13124,0.042168,0.13147,0.042622,1,0,0.2,0,300,0,0,1,0,0.2,0,300
1207,12,461.77,462.2,20,1,186,0,1,0,0.4333,0,138.47,0,0,0,0,0,0,0.13987,0.045206,0.14049,0.045246,1,0,0.4333,0,138.47,0,0,1,0,0.4333,0,138.47
1207,12,467.6,468.5,15,1,187,0,1,0,0.9,0,66.667,0,0,0,0,0,0,0.12699,0.04457,0.12494,0.045203,0,2,0,0.9,0,133.33,0,1,0,0.9,0,66.667
1207,12,469.1,469.17,15,1,188,0,1,0,0.0666,0,900.9,0,0,0,0,0,0,0.15679,0.050782,0.15679,0.050782,0,1,0,0.0666,0,900.9,0,1,0,0.0666,0,900.9
1207,12,469.2,469.63,15,1,189,0,1,0,0.4333,0,138.47,0,0,0,0,0,0,0.15404,0.050839,0.15469,0.050491,0,1.9231,0,0.41663,0,276.94,0,1,0,0.4333,0,138.47
1207,12,469.73,469.77,15,1,190,0,1,0,0.0333,0,1801.8,0,0,0,0,0,0,0.15052,0.050212,0.15052,0.050212,0,2,0,0.0333,0,3603.6,0,1,0,0.0333,0,1801.8
1207,12,470,470.1,15,1,191,0,1,0,0.1,0,600,0,0,0,0,0,0,0.15481,0.050062,0.15621,0.049984,0,2,0,0.1,0,1200,0,1,0,0.1,0,600
1207,12,470.2,470.4,20,1,192,0,1,0,0.2,0,300,0,0,0,0,0,0,0.11667,0.041798,0.11638,0.042119,2,0,0.2,0,600,0,0,1,0,0.2,0,300
1207,12,471.67,471.87,20,1,193,0,1,0,0.1999,0,300.15,0,0,0,0,0,0,0.12379,0.043428,0.12507,0.042759,2,0,0.1999,0,600.3,0,0,1,0,0.1999,0,300.15
1207,12,472.67,473.1,20,1,194,0.92315,0,0.4,0,138.47,0,0,0,0,0,0,0,0.11663,0.035517,0.11718,0.034896,2,0,0.4333,0,276.94,0,0,1,0,0.4333,0,138.47
1207,12,473.4,474.63,20,1,195,1,0,1.2333,0,48.65,0,0,0,0,0,0,0,0.12289,0.0382,0.12183,0.038377,2,0,1.2333,0,97.3,0,0,1,0,1.2333,0,48.65
1207,12,474.87,475.03,20,1,196,1,0,0.1666,0,360.14,0,0,0,0,0,0,0,0.12441,0.039581,0.12441,0.039493,2,0,0.1666,0,720.29,0,0,1,0,0.1666,0,360.14
1207,12,478.67,479.73,20,1,197,0,0.96878,0,1.0333,0,56.254,0,0,0,0,0,0,0.12535,0.031276,0.12499,0.03103,2,0,1.0666,0,112.51,0,0,1,0,1.0666,0,56.254
1207,12,479.77,479.9,20,1,198,0,0,0,0,0,0,0,0,0,0,0,0,0.1229,0.044913,0.12494,0.046246,2,0,0.1333,0,900.23,0,0,1,0,0.1333,0,450.11
1207,12,480.93,480.97,20,1,199,0,1,0,0.0333,0,1801.8,0,0,0,0,0,0,0.12065,0.042498,0.12065,0.042498,1,0,0.0333,0,1801.8,0,0,1,0,0.0333,0,1801.8
1207,12,481.2,481.27,20,1,200,0,1,0,0.0666,0,900.9,0,0,0,0,0,0,0.12083,0.040345,0.12083,0.040345,1,0,0.0666,0,900.9,0,0,1,0,0.0666,0,900.9
1207,12,481.47,481.73,20,1,201,0,1,0,0.2666,0,225.06,0,0,0,0,0,0,0.11496,0.035354,0.11542,0.035591,1,1,0.2666,0.2666,225.06,225.06,0,1,0,0.2666,0,225.06
1207,12,490.2,490.23,20,1,202,0,0,0,0,0,0,0,0,0,0,0,0,0.13429,0.047404,0.13429,0.047404,1,1,0.0333,0.0333,1801.8,1801.8,0,1,0,0.0333,0,1801.8
1207,12,490.83,491.17,20,1,203,0,1,0,0.3333,0,180.02,0,0,0,0,0,0,0.13674,0.044645,0.13724,0.045728,1,1,0.3333,0.3333,180.02,180.02,0,1,0,0.3333,0,180.02
1207,12,491.43,491.9,20,1,204,0,1,0,0.4667,0,128.56,0,0,0,0,0,0,0.13021,0.044835,0.12891,0.044876,1,0,0.4667,0,128.56,0,0,1,0,0.4667,0,128.56
1207,12,492.57,492.6,20,1,205,0,1,0,0.0333,0,1801.8,0,0,0,0,0,0,0,0,0,0,1,0,0.0333,0,1801.8,0,0,1,0,0.0333,0,1801.8
1207,12,492.7,492.77,20,1,206,0,1,0,0.0666,0,900.9,0,0,0,0,0,0,0.11515,0.046705,0.11515,0.046705,1,0,0.0666,0,900.9,0,0,1,0,0.0666,0,900.9
1207,12,507.4,508.67,20,1,207,0,0.65793,0,0.41667,0,94.742,0,0,0,0,0,0,0.21835,0.035606,0.22842,0.034185,1.0263,0.47371,0.64993,0.6,94.742,47.371,0,1,0,1.2666,0,47.371
1207,12,509.03,509.1,23,1,208,0,1,0,0.0667,0,899.55,0,0,0,0,0,0,0.096052,0.042619,0.096052,0.042619,0,2,0,0.0667,0,1799.1,0,1,0,0.0667,0,899.55
1207,12,509.27,509.53,23,1,209,0,1,0,0.2666,0,225.06,0,0,0,0,0,0,0.13315,0.037157,0.14122,0.037533,0,2,0,0.2666,0,450.11,0,1,0,0.2666,0,225.06
1207,12,510.57,511.37,15,1,210,0,0,0,0,0,0,0,0,0,0,0,0,0.11496,0.037094,0.11541,0.037255,0,2,0,0.7999,0,150.02,0,1,0,0.7999,0,75.009
1207,12,511.5,511.6,21,1,211,0,0,0,0,0,0,0,0,0,0,0,0,0.14953,0.055604,0.15388,0.054777,0,2,0,0.1,0,1200,0,1,0,0.1,0,600
1207,12,511.67,511.77,20,1,212,0,0,0,0,0,0,0,0,0,0,0,0,0.1401,0.055133,0.1401,0.055133,2,0,0.0999,0,1201.2,0,0,1,0,0.0999,0,600.6
1207,12,511.97,512.2,15,1,213,0,0,0,0,0,0,0,0,0,0,0,0,0.10584,0.041339,0.10618,0.040923,0,2,0,0.2333,0,514.36,0,1,0,0.2333,0,257.18
1207,12,520.8,521.07,15,1,214,0,0,0,0,0,0,0,0,0,0,0,0,0.079213,0.032865,0.078832,0.03297,0,1,0,0.2666,0,225.06,0,1,0,0.2666,0,225.06
1207,12,521.87,522.07,15,1,215,0,0,0,0,0,0,0,0,0,0,0,0,0.094718,0.038918,0.095475,0.039168,0,1,0,0.1999,0,300.15,0,1,0,0.1999,0,300.15
1207,12,522.17,522.23,15,1,216,0,0,0,0,0,0,0,0,0,0,0,0,0.093837,0.041074,0.093837,0.041074,0,1,0,0.0666,0,900.9,0,1,0,0.0666,0,900.9
1207,12,522.33,525.13,20,1,217,0.94046,0,2.6333,0,21.429,0,0,0,0,0,0,0,0.24228,0.043076,0.24916,0.041397,1.2738,0,1.7833,0,42.857,0,0,1,0,2.8,0,21.429
1207,12,525.93,527.93,20,1,218,0.88335,0.01665,1.7667,0.0333,30,30,0,0,0,0,0,0,0.27654,0.065133,0.27535,0.061377,2,0,2,0,60,0,0,0.99998,0,2,0,30
1207,12,529.07,529.1,20,1,219,0,1,0,0.0333,0,1801.8,0,0,0,0,0,0,0,0,0,0,1,0,0.0333,0,1801.8,0,0,1,0,0.0333,0,1801.8
1207,12,602.73,602.93,23,1,220,0,1,0,0.2,0,300,0,0,0,0,0,0,0.3789,0.074883,0.3781,0.076778,1,1,0.2,0.2,300,300,0,0.99983,0,0.19997,0,300
1207,12,602.93,602.97,5,1,221,1,0,0.0333,0,1801.8,0,0,0,0,0,0,0,0.099566,0.036667,0.099566,0.036667,1,1,0.0333,0.0333,1801.8,1801.8,0,1,0,0.0333,0,1801.8
1207,12,602.97,603.43,23,1,222,0,0.85712,0,0.19997,0,257.18,0,0,0,0,0,0,0.39492,0.08071,0.39319,0.07624,1,1,0.4666,0.4666,128.59,128.59,0,1,0,0.4666,0,128.59
1207,12,603.43,603.47,5,1,223,0,1,0,0.0333,0,1801.8,0,0,0,0,0,0,0.097396,0.050945,0.097396,0.050945,1,1,0.0333,0.0333,1801.8,1801.8,0,1,0,0.0333,0,1801.8
1207,12,603.47,603.87,23,1,224,0,1,0,0.3999,0,150.04,0,0,0,0,0,0,0.48099,0.09862,0.48344,0.099403,1,1,0.3999,0.3999,150.04,150.04,0,1,0,0.3999,0,150.04
1207,12,603.87,603.9,16,1,225,0,0,0,0,0,0,0,0,0,0,0,0,0,0,0,0,0,2,0,0.0333,0,3603.6,0,1,0,0.0333,0,1801.8
1207,12,603.9,604.13,23,1,226,0,0.85712,0,0.19997,0,257.18,0,0,0,0,0,0,0.50054,0.10746,0.50173,0.10221,1,1,0.2333,0.2333,257.18,257.18,0,1,0,0.2333,0,257.18
1207,12,604.13,604.17,16,1,227,0,1,0,0.0333,0,1801.8,0,0,0,0,0,0,0.19333,0.080143,0.19333,0.080143,0,2,0,0.0333,0,3603.6,0,1,0,0.0333,0,1801.8
1207,12,604.17,604.67,23,1,228,0,1,0,0.4999,0,120.02,0,0,0,0,0,0,0.42488,0.10054,0.40309,0.1023,1,1,0.4999,0.4999,120.02,120.02,0,1,0,0.4999,0,120.02
1207,12,604.67,604.7,16,1,229,0,1,0,0.0333,0,1801.8,0,0,0,0,0,0,0,0,0,0,0,2,0,0.0333,0,3603.6,0,1,0,0.0333,0,1801.8
1207,12,604.7,604.97,23,1,230,0,1,0,0.2666,0,225.06,0,0,0,0,0,0,0.40166,0.097174,0.40335,0.10135,1,1,0.2666,0.2666,225.06,225.06,0,1,0,0.2666,0,225.06
1208,12,31.5,31.767,13,1,1,0,1,0,0.2666,0,225.06,0,0.74994,0,0.099967,0,450.11,0.12023,0.051969,0.11861,0.052199,0,2,0,0.2666,0,450.11,0,1,0,0.2666,0,225.06
1208,12,32.267,32.367,23,1,2,0,1,0,0.0999,0,600.6,0,0,0,0,0,0,0.13451,0.040829,0.13451,0.040829,0,2,0,0.0999,0,1201.2,0,1,0,0.0999,0,600.6
1208,12,33.533,33.7,16,1,3,0,1,0,0.1667,0,359.93,0,1,0,0.1667,0,359.93,0.085596,0.03468,0.08625,0.034662,0,2,0,0.1667,0,719.86,0,1,0,0.1667,0,359.93
1208,12,33.833,34.5,23,1,4,0,1,0,0.6667,0,89.996,0,0.30003,0,0.20003,0,89.996,0.10711,0.038214,0.1085,0.038529,0,2,0,0.6667,0,179.99,0,1,0,0.6667,0,89.996
1208,12,34.6,34.733,23,1,5,0,0,0,0,0,0,0,0,0,0,0,0,0.099013,0.037689,0.098823,0.038144,0,2,0,0.1333,0,900.23,0,1,0,0.1333,0,450.11
1208,12,39.067,40.4,23,1,6,0,0.37501,0,0.5,0,45.001,0,0.32501,0,0.43333,0,45.001,0.089903,0.025254,0.099668,0.024605,0,1.975,0,1.3166,0,90.002,0,1,0,1.3333,0,45.001
1208,12,40.5,44.767,21,1,7,1,0,4.2666,0,14.063,0,0.47655,0,1.0166,0,28.125,0,0.22325,0.033702,0.23312,0.03318,1.4219,0,2.0222,0,42.188,0,0,1,0,4.2666,0,14.063
1208,12,44.767,44.8,14,1,8,0,1,0,0.0333,0,1801.8,0,1,0,0.0333,0,1801.8,0,0,0,0,0,2,0,0.0333,0,3603.6,0,1,0,0.0333,0,1801.8
1208,12,44.833,44.9,23,1,9,0,1,0,0.0667,0,899.55,0,1,0,0.0667,0,899.55,0.13382,0.03818,0.13382,0.03818,0,2,0,0.0667,0,1799.1,0,1,0,0.0667,0,899.55
1208,12,46.933,47.233,23,1,10,0,0.33344,0,0.10003,0,200,0,0.33344,0,0.10003,0,200,0.10543,0.025829,0.10559,0.025997,0,1.3334,0,0.20002,0,400,0,0.99989,0,0.29997,0,200
1208,12,48.033,49.833,23,1,11,0,0.25926,0,0.23333,0,66.667,0,1,0,1.8,0,33.333,0.14908,0.025811,0.15049,0.025756,0,0,0,0,0,0,0,1.9815,0,1.7833,0,66.667
1208,12,51.133,51.267,23,1,12,0,1,0,0.1333,0,450.11,0,0.24956,0,0.033267,0,450.11,0.1291,0.031627,0.12991,0.031901,0,0,0,0,0,0,0,2,0,0.1333,0,900.23
1208,12,54.333,54.433,21,1,13,1,0,0.1,0,600,0,0,0,0,0,0,0,0.16201,0.031823,0.1613,0.032035,1.333,0,0.06665,0,1200,0,0,0.99967,0,0.099967,0,600
1208,12,54.733,55.633,21,1,14,1,0,0.9,0,66.667,0,0.74074,0,0.66667,0,66.667,0,0.26194,0.038305,0.25087,0.038503,1.8519,0,0.83335,0,133.33,0,0,1.2592,0,0.56663,0,133.33
1208,12,55.633,55.667,23,1,15,0,1,0,0.0333,0,1801.8,0,0,0,0,0,0,0.12238,0.034235,0.12238,0.034235,0,1,0,0.0333,0,1801.8,1,1,0.0333,0.0333,1801.8,1801.8
1208,12,55.667,57.233,21,1,16,1,0,1.5666,0,38.3,0,0.46811,0,0.73333,0,38.3,0,0.29397,0.035308,0.29498,0.034192,1,0,1.5666,0,38.3,0,0,2,0,1.5666,0,76.599
1208,12,57.433,57.733,21,1,17,1,0,0.3,0,200,0,0.99989,0,0.29997,0,200,0,0.28816,0.041308,0.28975,0.041174,1,0,0.3,0,200,0,0,2,0,0.3,0,400
1208,12,57.867,57.9,14,1,18,0,1,0,0.0333,0,1801.8,0,1,0,0.0333,0,1801.8,0,0,0,0,0,1,0,0.0333,0,1801.8,0,2,0,0.0333,0,3603.6
1208,12,58,58.3,21,1,19,1,0,0.3,0,200,0,1,0,0.3,0,200,0,0.21652,0.039159,0.21499,0.03878,1,0,0.3,0,200,0,0,2,0,0.3,0,400
1208,12,58.333,58.933,23,1,20,0,1,0,0.6,0,100,0,0.4445,0,0.2667,0,100,0.12753,0.036668,0.12881,0.038418,0,1,0,0.6,0,100,0.9445,1,0.5667,0.6,100,100
1208,12,62.567,62.6,23,1,21,0,1,0,0.0333,0,1801.8,0,0,0,0,0,0,0,0,0,0,0,1,0,0.0333,0,1801.8,0,1,0,0.0333,0,1801.8
1208,12,88.833,89.1,6,1,22,0.75003,0,0.20003,0,224.97,0,0,0.37508,0,0.10003,0,224.97,0.095782,0.042884,0.094681,0.041319,0,1,0,0.2667,0,224.97,0,1,0,0.2667,0,224.97
1208,12,91.433,96.633,23,1,23,0.044872,0.78846,0.23333,2.05,11.538,23.077,0,0.88462,0,1.15,0,46.154,0.13232,0.029613,0.13078,0.029674,0,1,0,5.2,0,11.538,0,1.7308,0,3,0,34.615
1208,12,97.533,97.933,23,1,24,0,0.91675,0,0.3667,0,150,0,0.75,0,0.15,0,300,0.13409,0.046365,0.13535,0.046399,0,1,0,0.4,0,150,0,1.5001,0,0.30002,0,300
1208,12,98.467,101.7,23,1,25,0.52578,0.23711,1.7,0.25554,18.557,55.671,0,1,0,3.2333,0,18.557,0.13835,0.033247,0.14035,0.033255,0,1.5258,0,2.4666,0,37.114,0,1.8866,0,2.0333,0,55.671
1208,12,101.83,104.3,23,1,26,0,0.82433,0,1.0167,0,48.648,0,0.50001,0,0.61668,0,48.648,0.1157,0.030659,0.1192,0.030768,0,0.83784,0,2.0667,0,24.324,0,1.6757,0,1.0334,0,97.296
1208,12,104.33,104.63,23,1,27,0,1,0,0.3,0,200,0,1,0,0.3,0,200,0.091245,0.026462,0.091872,0.026103,0,0,0,0,0,0,0,2,0,0.3,0,400
1208,12,105.1,105.5,24,1,28,1,0,0.4,0,150,0,0,0.25,0,0.1,0,150,0.082893,0.033572,0.083335,0.033181,1,0,0.4,0,150,0,1,1,0.4,0.4,150,150
1208,12,106.3,106.4,11,1,29,0,1,0,0.1,0,600,0,1,0,0.1,0,600,0.093815,0.029752,0.09375,0.029555,0,1,0,0.1,0,600,0,2,0,0.1,0,1200
1208,12,107.6,107.63,22,1,30,0,1,0,0.0333,0,1801.8,0,0,0,0,0,0,0.093288,0.042232,0.093288,0.042232,0,1,0,0.0333,0,1801.8,0,2,0,0.0333,0,3603.6
1208,12,107.83,108.07,24,1,31,1,0,0.2333,0,257.18,0,0,0,0,0,0,0,0.11696,0.035428,0.1292,0.03488,1,0,0.2333,0,257.18,0,0.00014288,1,3.3333e-05,0.2333,257.18,257.18
1208,12,108.3,108.33,23,1,32,0,1,0,0.0333,0,1801.8,0,0,0,0,0,0,0.12562,0.042102,0.12562,0.042102,0,1,0,0.0333,0,1801.8,0,1,0,0.0333,0,1801.8
1208,12,108.37,108.4,23,1,33,0,1,0,0.0333,0,1801.8,0,0,0,0,0,0,0,0,0,0,0,1,0,0.0333,0,1801.8,0,1,0,0.0333,0,1801.8
1208,12,109.67,109.8,24,1,34,0,0.75019,0,0.1,0,450.11,0,0,0,0,0,0,0.18226,0.036844,0.19453,0.036826,1,0,0.1333,0,450.11,0,0,1,0,0.1333,0,450.11
1208,12,111.07,111.17,14,1,35,0,1,0,0.0999,0,600.6,0,0,0,0,0,0,0.13023,0.044609,0.13023,0.044609,0,1,0,0.0999,0,600.6,0,1,0,0.0999,0,600.6
1208,12,111.4,112.53,14,1,36,0,1,0,1.1333,0,52.943,0,0.088208,0,0.099967,0,52.943,0.15071,0.059192,0.14408,0.058307,0,1.2647,0,0.71663,0,105.89,0,1.3235,0,0.74997,0,105.89
1208,12,112.63,112.7,21,1,37,1,0,0.0667,0,899.55,0,0,1,0,0.0667,0,899.55,0.17847,0.057921,0.17847,0.057921,1,1,0.0667,0.0667,899.55,899.55,0,2,0,0.0667,0,1799.1
1208,12,112.8,113,14,1,38,0,0.16667,0,0.033333,0,300,0,1,0,0.2,0,300,0.15432,0.051759,0.15563,0.050621,0,2,0,0.2,0,600,0,2,0,0.2,0,600
1208,12,113.2,113.27,21,1,39,0,0,0,0,0,0,1,0,0.0666,0,900.9,0,0.19423,0.050667,0.19423,0.050667,1,1,0.0666,0.0666,900.9,900.9,0,2,0,0.0666,0,1801.8
1208,12,113.47,114.73,23,1,40,0,0.65793,0,0.83333,0,47.371,0,0.57893,0,0.36663,0,94.742,0.13527,0.035141,0.13626,0.035406,0,1.3684,0,0.86662,0,94.742,1,1,1.2666,1.2666,47.371,47.371
1208,12,115.93,116.27,21,1,41,0,1,0,0.3333,0,180.02,0.39984,0,0.13327,0,180.02,0,0.12896,0.039416,0.13219,0.039188,1,0,0.3333,0,180.02,0,0,2,0,0.3333,0,360.04
1208,12,116.4,116.47,15,1,42,0,1,0,0.0666,0,900.9,0,1,0,0.0666,0,900.9,0.10658,0.037882,0.10658,0.037882,0,1,0,0.0666,0,900.9,0,2,0,0.0666,0,1801.8
1208,12,116.63,116.83,21,1,43,0,1,0,0.2,0,300,1,0,0.2,0,300,0,0.13232,0.041884,0.13317,0.041428,1,0,0.2,0,300,0,0,2,0,0.2,0,600
1208,12,116.93,117.03,21,1,44,0,1,0,0.1,0,600,0.33367,0,0.033367,0,600,0,0.12784,0.043703,0.12784,0.043682,1,0,0.1,0,600,0,0,2,0,0.1,0,1200
1208,12,117.07,117.5,21,1,45,0,1,0,0.4333,0,138.47,0,0,0,0,0,0,0.12792,0.039722,0.13001,0.039918,1,0,0.4333,0,138.47,0,0,2,0,0.4333,0,276.94
1208,12,117.63,117.73,15,1,46,0,1,0,0.1,0,600,0,0,0,0,0,0,0.097534,0.034271,0.096621,0.033669,0,1,0,0.1,0,600,0,2,0,0.1,0,1200
1208,12,117.8,117.93,15,1,47,0,1,0,0.1333,0,450.11,0,0,0,0,0,0,0.089657,0.031921,0.089683,0.031882,0,1,0,0.1333,0,450.11,0,2,0,0.1333,0,900.23
1208,12,118.03,119.03,23,1,48,0,0.6,0,0.6,0,60,0,0.23333,0,0.23333,0,60,0.12846,0.033095,0.13184,0.032768,0,1,0,1,0,60,1,1,1,1,60,60
1208,12,128.93,129.7,23,1,49,0.69567,0,0.53337,0,78.257,0,0,0.30433,0,0.23333,0,78.257,0.18628,0.036218,0.19271,0.035485,0,2,0,0.7667,0,156.51,0.47828,0.99996,0.3667,0.76667,78.257,78.257
1208,12,130.47,130.63,23,1,50,0,1,0,0.1666,0,360.14,0,1,0,0.1666,0,360.14,0.16274,0.037947,0.16139,0.037313,0,2,0,0.1666,0,720.29,0,1,0,0.1666,0,360.14
1208,12,131.13,131.3,23,1,51,0,1,0,0.1667,0,359.93,0,1,0,0.1667,0,359.93,0.18776,0.041511,0.18977,0.041345,0,2,0,0.1667,0,719.86,0,1,0,0.1667,0,359.93
1208,12,131.53,132.1,23,1,52,0,1,0,0.5667,0,105.88,0,1,0,0.5667,0,105.88,0.18502,0.043366,0.18469,0.043271,0,2,0,0.5667,0,211.75,0,1,0,0.5667,0,105.88
1208,12,140.53,141,23,1,53,0,1,0,0.4667,0,128.56,0,1,0,0.4667,0,128.56,0.13877,0.038151,0.14318,0.038024,0,1,0,0.4667,0,128.56,0,0.99993,0,0.46667,0,128.56
1208,12,141.1,141.3,23,1,54,0,1,0,0.2,0,300,0,1,0,0.2,0,300,0.16771,0.034992,0.17126,0.034988,0,1,0,0.2,0,300,0,1,0,0.2,0,300
1208,12,141.5,142,23,1,55,0,1,0,0.5,0,120,0,1,0,0.5,0,120,0.23836,0.043653,0.23638,0.043956,0,0.53333,0,0.26667,0,120,0,1,0,0.5,0,120
1208,12,142.13,142.27,23,1,56,0,1,0,0.1333,0,450.11,0,1,0,0.1333,0,450.11,0.19513,0.046326,0.19535,0.046793,0,0,0,0,0,0,0,1,0,0.1333,0,450.11
1208,12,143.57,144,23,1,57,0,0.92307,0,0.39997,0,138.47,0,0,0,0,0,0,0.19571,0.045197,0.19396,0.044469,0,0,0,0,0,0,0,1,0,0.4333,0,138.47
1208,12,144.7,144.97,15,1,58,0.37484,0,0.099933,0,225.06,0,0,0.37484,0,0.099933,0,225.06,0.42058,0.11687,0.42241,0.11698,0,0,0,0,0,0,0,1,0,0.2666,0,225.06
1208,12,145.43,145.47,23,1,59,0,0.999,0,0.033267,0,1801.8,0,0,0,0,0,0,0.34294,0.1674,0.34294,0.1674,0,0,0,0,0,0,0,1,0,0.0333,0,1801.8
1208,12,145.7,145.73,3,1,60,8.535e-13,0,2.8422e-14,0,1801.8,0,0,0,0,0,0,0,0.2972,0.18861,0.2972,0.18861,0,0,0,0,0,0,0,1,0,0.0333,0,1801.8
1208,12,145.77,145.93,3,1,61,0,0,0,0,0,0,0,0,0,0,0,0,0.30901,0.14048,0.3146,0.14746,0,0,0,0,0,0,0,1,0,0.1666,0,360.14
1208,12,145.97,146.03,23,1,62,0,0,0,0,0,0,0,0,0,0,0,0,0.36678,0.28497,0.36678,0.28497,0,0,0,0,0,0,0,1,0,0.0666,0,900.9
1208,12,146.13,146.77,15,1,63,0,0,0,0,0,0,0,0,0,0,0,0,0.52768,0.12105,0.51249,0.12003,0,0,0,0,0,0,0,1,0,0.6333,0,94.742
1208,12,146.9,147.07,15,1,64,0,0,0,0,0,0,0,0,0,0,0,0,0.39364,0.13279,0.4006,0.13403,0,0,0,0,0,0,0,1,0,0.1666,0,360.14
1208,12,147.43,148.3,3,1,65,0,0,0,0,0,0,0,0,0,0,0,0,0.53321,0.12659,0.58398,0.12411,0,0,0,0,0,0,0,1,0,0.8667,0,69.228
1208,12,148.33,148.83,23,1,66,0,0,0,0,0,0,0,0,0,0,0,0,0.46706,0.24297,0.46895,0.2638,0,0,0,0,0,0,0,1,0,0.5,0,120
1208,12,148.9,148.97,15,1,67,0,0,0,0,0,0,0,0,0,0,0,0,0.42226,0.38556,0.42226,0.38556,0,0,0,0,0,0,0,1,0,0.0666,0,900.9
1208,12,149.03,149.4,23,1,68,7.7507e-14,0,2.8422e-14,0,163.62,0,0,0,0,0,0,0,0.41967,0.27019,0.41799,0.28939,0,0,0,0,0,0,0,1,0,0.3667,0,163.62
1208,12,149.4,149.53,15,1,69,0,1,0,0.1333,0,450.11,0,0,0,0,0,0,0.39953,0.30821,0.39957,0.30371,0,0,0,0,0,0,0,1,0,0.1333,0,450.11
1208,12,149.57,149.77,23,1,70,1,0,0.1999,0,300.15,0,0,0,0,0,0,0,0.37263,0.25355,0.37478,0.24342,0,0,0,0,0,0,0,1,0,0.1999,0,300.15
1208,12,149.83,150.47,3,1,71,0,0.36849,0,0.23337,0,94.742,0,0,0,0,0,0,0.34374,0.18243,0.34844,0.16364,0,0,0,0,0,0,0,1,0,0.6333,0,94.742
1208,12,150.9,151.1,23,1,72,0,1,0,0.2,0,300,0,0,0,0,0,0,0.24548,0.10333,0.24662,0.10596,0,0,0,0,0,0,0,1,0,0.2,0,300
1208,12,153.6,153.8,15,1,73,0,0,0,0,0,0,0,1,0,0.2,0,300,0.12678,0.063912,0.12667,0.063785,0,0,0,0,0,0,0,1,0,0.2,0,300
1208,12,153.97,154,23,1,74,0,0,0,0,0,0,0,1,0,0.0333,0,1801.8,0,0,0,0,0,0,0,0,0,0,0,1,0,0.0333,0,1801.8
1208,12,154.6,154.93,23,1,75,0,1,0,0.3333,0,180.02,0,1,0,0.3333,0,180.02,0.1851,0.043325,0.18906,0.042926,0,0,0,0,0,0,1,1,0.3333,0.3333,180.02,180.02
1208,12,156.37,156.6,23,1,76,0,0.71424,0,0.16663,0,257.18,0,0,0,0,0,0,0.16077,0.04505,0.16319,0.045187,0,0,0,0,0,0,1,1,0.2333,0.2333,257.18,257.18
1208,12,156.67,157.17,3,1,77,0.19991,0.66673,0.099933,0.3333,120.02,120.02,0,0,0,0,0,0,0.11143,0.035334,0.11889,0.034264,0,0,0,0,0,0,0.53337,1,0.26663,0.4999,120.02,120.02
1208,12,162.9,163.17,15,1,78,0,1,0,0.2666,0,225.06,0,1,0,0.2666,0,225.06,0.20442,0.048244,0.20518,0.048425,0,2,0,0.2666,0,450.11,0,1,0,0.2666,0,225.06
1208,12,223.1,223.3,15,1,79,0,1,0,0.2,0,300,0,1,0,0.2,0,300,0.15992,0.048862,0.15896,0.049584,0,1,0,0.2,0,300,0,1,0,0.2,0,300
1208,12,223.67,224.2,15,1,80,0,1,0,0.5333,0,112.51,0,1,0,0.5333,0,112.51,0.16308,0.047069,0.16266,0.046254,0,1,0,0.5333,0,112.51,0,1,0,0.5333,0,112.51
1208,12,224.53,225.2,15,1,81,0,1,0,0.6667,0,89.996,0,1,0,0.6667,0,89.996,0.20072,0.061141,0.19943,0.061365,0,1.35,0,0.45002,0,179.99,0,1,0,0.6667,0,89.996
1208,12,225.67,225.77,15,1,82,0,1,0,0.0999,0,600.6,0,1,0,0.0999,0,600.6,0.22173,0.067519,0.22173,0.067519,0,2,0,0.0999,0,1201.2,0,1,0,0.0999,0,600.6
1208,12,240.6,240.8,15,1,83,0,1,0,0.2,0,300,0,1,0,0.2,0,300,0.19379,0.072888,0.19496,0.070389,0,1,0,0.2,0,300,0,1,0,0.2,0,300
1208,12,241.1,241.3,15,1,84,0,1,0,0.2,0,300,0,1,0,0.2,0,300,0.19779,0.06832,0.19997,0.069859,0,0,0,0,0,0,0,1,0,0.2,0,300
1208,12,242.37,242.4,15,1,85,0,1,0,0.0333,0,1801.8,0,1,0,0.0333,0,1801.8,0,0,0,0,0,1,0,0.01665,0,3603.6,0,1,0,0.0333,0,1801.8
1208,12,243.33,243.4,23,1,86,0,1,0,0.0667,0,899.55,0,1,0,0.0667,0,899.55,0.1955,0.059023,0.1955,0.059023,0,2,0,0.0667,0,1799.1,0,0.9995,0,0.066667,0,899.55
1208,12,249.23,249.6,20,1,87,1,0,0.3667,0,163.62,0,0,0,0,0,0,0,0.22651,0.042402,0.2239,0.043622,2,0,0.3667,0,327.24,0,0,0.99991,0,0.36667,0,163.62
1208,12,259.17,259.23,3,1,88,0,0,0,0,0,0,0,0,0,0,0,0,0.1625,0.04378,0.1625,0.04378,0,2,0,0.0666,0,1801.8,0,1,0,0.0666,0,900.9
1208,12,259.9,259.97,3,1,89,0,0,0,0,0,0,0,0,0,0,0,0,0.16498,0.040416,0.16498,0.040416,0,2,0,0.0666,0,1801.8,0,1,0,0.0666,0,900.9
1208,12,260.7,261.17,20,1,90,1,0,0.4666,0,128.59,0,0,1,0,0.4666,0,128.59,0.20371,0.053137,0.20341,0.052201,2,0,0.4666,0,257.18,0,0,1,0,0.4666,0,128.59
1208,12,261.2,261.53,20,1,91,1,0,0.3333,0,180.02,0,0,1,0,0.3333,0,180.02,0.2005,0.049345,0.20245,0.051338,2,0,0.3333,0,360.04,0,0,1.4999,0,0.24997,0,360.04
1208,12,261.97,262.03,23,1,92,0,1,0,0.0666,0,900.9,0,1,0,0.0666,0,900.9,0.20423,0.057358,0.20423,0.057358,0,2,0,0.0666,0,1801.8,0,1,0,0.0666,0,900.9
1208,12,262.27,262.33,20,1,93,1,0,0.0666,0,900.9,0,0,1,0,0.0666,0,900.9,0.10573,0.031482,0.10573,0.031482,2,0,0.0666,0,1801.8,0,0,1,0,0.0666,0,900.9
1208,12,262.8,263.07,23,1,94,0,1,0,0.2666,0,225.06,0,1,0,0.2666,0,225.06,0.15712,0.048523,0.15751,0.049394,0,2,0,0.2666,0,450.11,0,1.6252,0,0.21663,0,450.11
1208,12,263.33,264.4,20,1,95,0.81251,0,0.8667,0,56.248,0,0,0.96875,0,0.51668,0,112.5,0.15467,0.048848,0.15662,0.049083,2,0,1.0667,0,112.5,0,0,2,0,1.0667,0,112.5
1208,12,264.57,264.87,5,1,96,0,0,0,0,0,0,1,0,0.2999,0,200.07,0,0.15527,0.04659,0.15831,0.045401,0,2,0,0.2999,0,400.13,1,1,0.2999,0.2999,200.07,200.07
1208,12,264.93,268.5,5,1,97,1,0,3.5667,0,16.822,0,0.13085,0.2243,0.23335,0.4,33.645,33.645,0.14036,0.034734,0.13647,0.035081,0.77569,1.0841,1.3833,1.9334,33.645,33.645,0.52337,1.0187,1.8667,1.8167,16.822,33.645
1208,12,268.53,268.77,5,1,98,1,0,0.2333,0,257.18,0,0,0,0,0,0,0,0.11866,0.036584,0.11838,0.036648,1,1,0.2333,0.2333,257.18,257.18,0,1,0,0.2333,0,257.18
1208,12,268.83,269.47,5,1,99,0.47376,0,0.30003,0,94.742,0,0,0.94731,0,0.59993,0,94.742,0.16652,0.036767,0.16876,0.036198,1,0.31586,0.6333,0.20003,94.742,94.742,0,1,0,0.6333,0,94.742
1208,12,269.57,269.6,15,1,100,0,1,0,0.0333,0,1801.8,0,1,0,0.0333,0,1801.8,0,0,0,0,0,2,0,0.0333,0,3603.6,0,1,0,0.0333,0,1801.8
1208,12,269.6,269.63,17,1,101,0,1,0,0.0333,0,1801.8,0,1,0,0.0333,0,1801.8,0.063249,0.02793,0.063249,0.02793,0,2,0,0.0333,0,3603.6,0,1,0,0.0333,0,1801.8
1208,12,270.03,270.43,20,1,102,0.66675,0,0.2667,0,150,0,0,0.58333,0,0.23333,0,150,0.13683,0.043034,0.13909,0.043625,0,1,0,0.4,0,150,1,1,0.4,0.4,150,150
1208,12,273.03,273.23,5,1,103,0,0.16683,0,0.033367,0,300,0,1,0,0.2,0,300,0.13843,0.049596,0.13984,0.050842,1,0,0.2,0,300,0,0,1,0,0.2,0,300
1208,12,274.4,274.57,10,1,104,0,1,0,0.1666,0,360.14,0,0,0,0,0,0,0.078077,0.033572,0.077813,0.03379,0,1,0,0.1666,0,360.14,0,2,0,0.1666,0,720.29
1208,12,275.53,275.63,10,1,105,0,0.33367,0,0.033367,0,600,0,0.99967,0,0.099967,0,600,0.076285,0.032662,0.076589,0.03266,0,0,0,0,0,0,0,1.9993,0,0.099967,0,1200
1208,12,276.37,276.4,3,1,106,0,0,0,0,0,0,0,1,0,0.0333,0,1801.8,0,0,0,0,0,1,0,0.0333,0,1801.8,0,2,0,0.0333,0,3603.6
1208,12,276.5,276.7,16,1,107,0,0,0,0,0,0,0,1,0,0.2,0,300,0.17268,0.062016,0.17132,0.062444,0,1,0,0.2,0,300,0,2,0,0.2,0,600
1208,12,277.17,277.3,16,1,108,0,0,0,0,0,0,0,1,0,0.1333,0,450.11,0.11867,0.046958,0.12129,0.047756,0,1,0,0.1333,0,450.11,0,2,0,0.1333,0,900.23
1208,12,277.37,277.4,16,1,109,0,0,0,0,0,0,0,1,0,0.0333,0,1801.8,0,0,0,0,0,1,0,0.0333,0,1801.8,0,2,0,0.0333,0,3603.6
1208,12,277.47,277.5,16,1,110,0,0,0,0,0,0,0,1,0,0.0333,0,1801.8,0,0,0,0,0,1,0,0.0333,0,1801.8,0,2,0,0.0333,0,3603.6
1208,12,278.27,278.6,8,1,111,1,0,0.3333,0,180.02,0,1,0,0.3333,0,180.02,0,0.10975,0.041047,0.1096,0.039805,0,1,0,0.3333,0,180.02,1,1,0.3333,0.3333,180.02,180.02
1208,12,278.83,279.1,8,1,112,1,0,0.2667,0,224.97,0,1,0,0.2667,0,224.97,0,0.10471,0.03923,0.10459,0.037485,0,1,0,0.2667,0,224.97,1,1,0.2667,0.2667,224.97,224.97
1208,12,279.4,279.43,3,1,113,0,1,0,0.0333,0,1801.8,0,1,0,0.0333,0,1801.8,0.074336,0.034176,0.074336,0.034176,0,2,0,0.0333,0,3603.6,0,2,0,0.0333,0,3603.6
1208,12,279.47,279.67,23,1,114,0,1,0,0.1999,0,300.15,0,1,0,0.1999,0,300.15,0.13549,0.064282,0.13787,0.065234,0,2,0,0.1999,0,600.3,0,2,0,0.1999,0,600.3
1208,12,281.07,281.1,3,1,115,0,1,0,0.0333,0,1801.8,0,1,0,0.0333,0,1801.8,0,0,0,0,0,2,0,0.0333,0,3603.6,0,2,0,0.0333,0,3603.6
1208,12,281.13,281.8,3,1,116,0,1,0,0.6667,0,89.996,0,0.30003,0,0.10002,0,179.99,0.12809,0.040228,0.13224,0.041697,0,2,0,0.6667,0,179.99,0,2,0,0.6667,0,179.99
1208,12,282,282.43,3,1,117,0,1,0,0.4333,0,138.47,0,1,0,0.4333,0,138.47,0.13162,0.049374,0.12598,0.048471,0,2,0,0.4333,0,276.94,0,2,0,0.4333,0,276.94
1208,12,282.6,283,3,1,118,0,1,0,0.4,0,150,0,1,0,0.4,0,150,0.14831,0.05862,0.14838,0.05923,0,2,0,0.4,0,300,0,2,0,0.4,0,300
1208,12,283.1,283.13,18,1,119,0,0,0,0,0,1801.8,0,1,0,0.0333,0,1801.8,0.087188,0.046726,0.087188,0.046726,0,2,0,0.0333,0,3603.6,0,2,0,0.0333,0,3603.6
1208,12,284.23,284.27,15,1,120,0,0,0,0,0,0,0,1,0,0.0333,0,1801.8,0.096143,0.044189,0.096143,0.044189,0,2,0,0.0333,0,3603.6,0,1,0,0.0333,0,1801.8
1208,12,286.9,286.93,2,1,121,0,0,0,0,0,0,0,1,0,0.0333,0,1801.8,0.13348,0.073451,0.13348,0.073451,0,2,0,0.0333,0,3603.6,0,1,0,0.0333,0,1801.8
1208,12,290.77,291.4,10,1,122,0,0.052582,0,0.0333,0,94.742,0,0.52629,0,0.16665,0,189.48,0.23962,0.074462,0.25915,0.074693,0,2,0,0.6333,0,189.48,0,1,0,0.6333,0,94.742
1208,12,291.6,291.87,10,1,123,0,0.49987,0,0.13327,0,225.06,0,0.87522,0,0.23333,0,225.06,0.23588,0.084655,0.24274,0.08801,0,2,0,0.2666,0,450.11,0,1,0,0.2666,0,225.06
1208,12,293.23,293.47,10,1,124,0,1,0,0.2333,0,257.18,0,1,0,0.2333,0,257.18,0.14931,0.061644,0.15452,0.060583,0,2,0,0.2333,0,514.36,0,1,0,0.2333,0,257.18
1208,12,293.87,294.13,10,1,125,0,0.87497,0,0.11663,0,450.11,0,1,0,0.2666,0,225.06,0.16721,0.068246,0.17184,0.057661,0,2,0,0.2666,0,450.11,0,1,0,0.2666,0,225.06
1208,12,294.33,294.43,3,1,126,0,1,0,0.1,0,600,0,1,0,0.1,0,600,0.11955,0.053195,0.12011,0.053342,0,2,0,0.1,0,1200,0,1,0,0.1,0,600
1208,12,294.57,294.63,12,1,127,0,1,0,0.0666,0,900.9,0,1,0,0.0666,0,900.9,0.12569,0.054552,0.12569,0.054552,0,2,0,0.0666,0,1801.8,0,1,0,0.0666,0,900.9
1208,12,295,295.23,16,1,128,0,1,0,0.2333,0,257.18,0,0.57137,0,0.06665,0,514.36,0.14107,0.06189,0.14183,0.062901,0,1.4286,0,0.16665,0,514.36,0,1,0,0.2333,0,257.18
1208,12,298.93,300.67,11,1,129,0.88465,0.076886,1.5334,0.13327,34.616,34.616,0,1,0,1.7333,0,34.616,0.15359,0.037939,0.14102,0.038549,2,0,1.7333,0,69.232,0,0,0.99998,0,1.7333,0,34.616
1208,12,301.87,303,11,1,130,0.79411,0,0.89997,0,52.943,0,0,0.32351,0,0.36663,0,52.943,0.20553,0.032985,0.20797,0.03307,2,0,1.1333,0,105.89,0,0,1,0,1.1333,0,52.943
1208,12,303.13,303.3,16,1,131,0,1,0,0.1667,0,359.93,0,0,0,0,0,0,0.077456,0.025862,0.076875,0.025826,0,2,0,0.1667,0,719.86,0,1,0,0.1667,0,359.93
1208,12,306.13,306.53,16,1,132,0,1,0,0.4,0,150,0,0.25,0,0.05,0,300,0.081589,0.029583,0.082266,0.02983,0,2,0,0.4,0,300,0,0.99992,0,0.39997,0,150
1208,12,306.53,306.73,18,1,133,1,0,0.2,0,300,0,1,0,0.2,0,300,0,0.18911,0.031897,0.19522,0.031964,1,1,0.2,0.2,300,300,0,1,0,0.2,0,300
1208,12,306.73,306.83,16,1,134,0,1,0,0.1,0,600,0,1,0,0.1,0,600,0.067222,0.02696,0.067546,0.026739,0,2,0,0.1,0,1200,0,1,0,0.1,0,600
1208,12,307,307.17,16,1,135,0,1,0,0.1666,0,360.14,0,1,0,0.1666,0,360.14,0.068953,0.026299,0.069434,0.026409,0,2,0,0.1666,0,720.29,0,1,0,0.1666,0,360.14
1208,12,307.33,309.17,18,1,136,0.92731,0,1.7,0,32.728,0,0.14546,0.14546,0.26667,0.26667,32.728,32.728,0.31817,0.029381,0.29453,0.028496,1.1818,0.47275,1.0833,0.8667,65.456,32.728,0,1,0,1.8333,0,32.728
1208,12,309.17,309.23,16,1,137,0,0,0,0,0,0,0,0,0,0,0,0,0.093607,0.035073,0.093607,0.035073,0,2,0,0.0666,0,1801.8,0,1,0,0.0666,0,900.9
1208,12,316.07,317,20,1,138,1,0,0.9333,0,64.288,0,0,0.96428,0,0.44998,0,128.58,0.19646,0.059652,0.19651,0.059054,0.39287,1,0.36667,0.9333,64.288,64.288,0,1,0,0.9333,0,64.288
1208,12,318.13,318.3,20,1,139,1,0,0.1667,0,359.93,0,0,0,0,0,0,0,0.18412,0.076313,0.18461,0.078633,1,1,0.1667,0.1667,359.93,359.93,0,1,0,0.1667,0,359.93
1208,12,318.53,319.13,20,1,140,1,0,0.6,0,100,0,0.0555,0,0.0333,0,100,0,0.2051,0.077082,0.2047,0.074118,1,1,0.6,0.6,100,100,0,1,0,0.6,0,100
1208,12,319.2,319.4,20,1,141,1,0,0.2,0,300,0,1,0,0.2,0,300,0,0.1532,0.0626,0.1533,0.061543,0,1,0,0.2,0,300,0,1,0,0.2,0,300
1208,12,319.87,320.63,20,1,142,1,0,0.7666,0,78.268,0,1,0,0.7666,0,78.268,0,0.17419,0.085968,0.17632,0.08875,0.65219,1,0.49997,0.7666,78.268,78.268,0,1,0,0.7666,0,78.268
1208,12,320.8,323.4,20,1,143,1,0,2.6,0,23.077,0,1,0,2.6,0,23.077,0,0.19924,0.082189,0.20164,0.081094,1,1,2.6,2.6,23.077,23.077,0,1,0,2.6,0,23.077
1208,12,329.1,329.43,3,1,144,0.80008,0,0.26667,0,180.02,0,0,1,0,0.3333,0,180.02,0.11421,0.04578,0.11515,0.044125,0,2,0,0.3333,0,360.04,0,1,0,0.3333,0,180.02
1208,12,330.23,330.37,3,1,145,0,0,0,0,0,0,0,1,0,0.1333,0,450.11,0.081057,0.037895,0.081292,0.038276,0,2,0,0.1333,0,900.23,0,2,0,0.1333,0,900.23
1208,12,330.5,331.2,20,1,146,0.90476,0,0.63333,0,85.714,0,0,1,0,0.7,0,85.714,0.15097,0.038988,0.15609,0.03892,2,0,0.7,0,171.43,0,0,1.4286,0,0.5,0,171.43
1208,12,331.23,334.57,20,1,147,1,0,3.3333,0,18,0,0,0.61999,0,0.51665,0,72.001,0.23257,0.037198,0.23708,0.037051,2,0,3.3333,0,36,0,0,0.99999,0,3.3333,0,18
1208,12,342.63,343.07,19,1,148,1,0,0.4333,0,138.47,0,0.99992,0,0.43327,0,138.47,0,0.13591,0.040428,0.13852,0.039661,1,1,0.4333,0.4333,138.47,138.47,0,0.99992,0,0.43327,0,138.47
1208,12,351.43,351.53,18,1,149,0,0,0,0,0,0,0,0,0,0,0,0,0.082714,0.033711,0.081738,0.034009,0,1,0,0.1,0,600,0,1,0,0.1,0,600
1208,12,352.53,352.8,18,1,150,0,0.87489,0,0.23333,0,224.97,0,1,0,0.2667,0,224.97,0.1061,0.036363,0.10819,0.035008,0,1,0,0.2667,0,224.97,0,1,0,0.2667,0,224.97
1208,12,359.53,359.77,18,1,151,0,0.42835,0,0.099933,0,257.18,0,0,0,0,0,0,0.099936,0.037032,0.099948,0.037332,0,2,0,0.2333,0,514.36,0,1,0,0.2333,0,257.18
1208,12,360.33,361.8,18,1,152,0,0.88637,0,1.3,0,40.908,0,0.5909,0,0.28889,0,122.72,0.15174,0.052207,0.14411,0.051462,0,1.2727,0,0.62224,0,122.72,0,1,0,1.4667,0,40.908
1208,12,385.47,387.4,20,1,153,0.46551,0.50001,0.89997,0.96667,31.035,31.035,0,0.53449,0,1.0333,0,31.035,0.14063,0.038544,0.14493,0.038684,0.48275,0.82758,0.9333,1.6,31.035,31.035,0,1,0,1.9333,0,31.035
1208,12,387.5,387.73,20,1,154,0,1,0,0.2333,0,257.18,0,0.42863,0,0.1,0,257.18,0.088172,0.038645,0.088516,0.038622,0,0.28561,0,0.066633,0,257.18,0,1,0,0.2333,0,257.18
1208,12,391.9,392.07,20,1,155,0,0,0,0,0,0,0,1,0,0.1666,0,360.14,0.14735,0.048993,0.15826,0.047671,0,0,0,0,0,0,0,1,0,0.1666,0,360.14
1208,12,394.5,394.57,10,1,156,1,0,0.0666,0,900.9,0,0,1,0,0.0666,0,900.9,0.23122,0.040468,0.23122,0.040468,1,0,0.0666,0,900.9,0,0,1,0,0.0666,0,900.9
1208,12,394.7,394.77,10,1,157,1,0,0.0666,0,900.9,0,0,1,0,0.0666,0,900.9,0.28198,0.040621,0.28198,0.040621,1,0,0.0666,0,900.9,0,0,1,0,0.0666,0,900.9
1208,12,394.93,395.03,10,1,158,0.667,0,0.0667,0,600,0,0,0.00033333,0,3.3333e-05,0,600,0.24668,0.036592,0.2468,0.036901,1,0,0.1,0,600,0,0,0.99967,0,0.099967,0,600
1208,12,395.23,395.3,18,1,159,0,1,0,0.0667,0,899.55,0,0,0,0,0,0,0.12444,0.039726,0.12444,0.039726,0,1,0,0.0667,0,899.55,0,0.9995,0,0.066667,0,899.55
1208,12,404.77,405.07,10,1,160,0,0.7777,0,0.11662,0,400.13,0,0.44448,0,0.1333,0,200.07,0.10029,0.029154,0.10504,0.029096,0,0,0,0,0,0,0,0,0,0,0,0
1208,12,405.13,405.27,10,1,161,0,1,0,0.1333,0,450.11,0,0.74969,0,0.099933,0,450.11,0.091897,0.031322,0.092866,0.031321,0,0,0,0,0,0,0,0,0,0,0,0
1208,12,412.2,412.33,20,1,162,0,0.74994,0,0.099967,0,450.11,0,1,0,0.1333,0,450.11,0.13167,0.054621,0.13438,0.054809,0,0,0,0,0,0,0,0,0,0,0,0
1208,12,414.93,415.27,18,1,163,0,1,0,0.3333,0,180.02,0,1,0,0.3333,0,180.02,0.13586,0.059647,0.13703,0.059314,0,0,0,0,0,0,0,0,0,0,0,0
1208,12,415.57,415.87,18,1,164,0,1,0,0.2999,0,200.07,0,1,0,0.2999,0,200.07,0.10988,0.044646,0.10885,0.04458,0,0,0,0,0,0,0,0,0,0,0,0
1208,12,416.1,416.4,18,1,165,0,1,0,0.3,0,200,0,1,0,0.3,0,200,0.11816,0.048062,0.11937,0.048126,0,0,0,0,0,0,0,0,0,0,0,0
1208,12,416.53,416.9,18,1,166,0,1,0,0.3667,0,163.62,0,1,0,0.3667,0,163.62,0.11794,0.04882,0.11905,0.048987,0,0,0,0,0,0,0,0,0,0,0,0
1208,12,416.97,417.63,18,1,167,0,1,0,0.6666,0,90.009,0,1,0,0.6666,0,90.009,0.12922,0.043332,0.12969,0.043361,0,0,0,0,0,0,0,0,0,0,0,0
1208,12,418.03,418.2,18,1,168,0,1,0,0.1667,0,359.93,0,1,0,0.1667,0,359.93,0.10164,0.037504,0.10182,0.037207,0,0,0,0,0,0,0,0,0,0,0,0
1208,12,419.83,422.63,20,1,169,0,0.92858,0,0.86668,0,64.286,0.11905,0.39286,0.33333,0.55,21.429,42.857,0.14016,0.049741,0.14027,0.046919,0,0,0,0,0,0,0,0,0,0,0,0
1208,12,422.73,423.07,18,1,170,0,1,0,0.3333,0,180.02,0,0.79998,0,0.13332,0,360.04,0.16577,0.050874,0.16873,0.050315,0,0,0,0,0,0,0,0,0,0,0,0
1208,12,445.8,445.9,20,1,171,0,0.33333,0,0.033333,0,600,0,1,0,0.1,0,600,0.10841,0.042728,0.10782,0.042774,0,0,0,0,0,0,0,1,0,0.1,0,600
1208,12,449.9,450,17,1,172,0,1,0,0.1,0,600,1,0,0.1,0,600,0,0.14704,0.041536,0.14193,0.041589,0,0,0,0,0,0,0,1,0,0.1,0,600
1208,12,450.07,450.37,15,1,173,0,1,0,0.2999,0,200.07,0,1,0,0.2999,0,200.07,0.096932,0.038954,0.097974,0.04003,0,0,0,0,0,0,0,1,0,0.2999,0,200.07
1208,12,450.37,451.13,17,1,174,0,1,0,0.7666,0,78.268,1,0,0.7666,0,78.268,0,0.12184,0.032582,0.10305,0.031331,0,0,0,0,0,0,0,1,0,0.7666,0,78.268
1208,12,451.5,451.87,17,1,175,0,1,0,0.3666,0,163.67,0.18185,0.6363,0.066667,0.23327,163.67,163.67,0.13346,0.033547,0.13368,0.033222,0,0,0,0,0,0,0,1,0,0.3666,0,163.67
1208,12,451.93,452.13,17,1,176,0,1,0,0.2,0,300,0,1,0,0.2,0,300,0.20381,0.040654,0.21135,0.040112,0,0,0,0,0,0,0,1,0,0.2,0,300
1208,12,453.73,454.13,20,1,177,0.41675,0.49992,0.1667,0.19997,150,150,0,1,0,0.4,0,150,0.17613,0.054769,0.18085,0.055255,0,0,0,0,0,0,0,1,0,0.4,0,150
1208,12,454.27,454.37,20,1,178,0,1,0,0.0999,0,600.6,0,1,0,0.0999,0,600.6,0.19498,0.05783,0.19498,0.05783,0,0,0,0,0,0,0,1,0,0.0999,0,600.6
1208,12,454.6,454.63,20,1,179,0,1,0,0.0333,0,1801.8,0,1,0,0.0333,0,1801.8,0.18348,0.052893,0.18348,0.052893,0,0,0,0,0,0,0,1,0,0.0333,0,1801.8
1208,12,454.83,454.93,20,1,180,0,1,0,0.1,0,600,0,1,0,0.1,0,600,0.17546,0.050815,0.1752,0.050994,0,0,0,0,0,0,0,1,0,0.1,0,600
1208,12,455.1,456.43,20,1,181,0,1,0,1.3333,0,45.001,0,0.64999,0,0.43332,0,90.002,0.17539,0.045187,0.17718,0.045758,0,0,0,0,0,0,0,1,0,1.3333,0,45.001
1208,12,456.63,456.9,20,1,182,0,1,0,0.2667,0,224.97,0,0.75003,0,0.20003,0,224.97,0.18373,0.052367,0.18363,0.05269,0,0,0,0,0,0,0,1,0,0.2667,0,224.97
1208,12,458.3,458.93,10,1,183,1,0,0.6333,0,94.742,0,1,0,0.6333,0,94.742,0,0.27864,0.058808,0.27674,0.059002,0,0,0,0,0,0,0,0,0,0,0,0
1208,12,459.07,459.1,10,1,184,1,0,0.0333,0,1801.8,0,1,0,0.0333,0,1801.8,0,0,0,0,0,0,0,0,0,0,0,0,0,0,0,0,0
1208,12,459.53,459.73,10,1,185,1,0,0.2,0,300,0,1,0,0.2,0,300,0,0.2435,0.065196,0.24397,0.066532,0,0,0,0,0,0,0,0,0,0,0,0
1208,12,460.4,460.83,20,1,186,0,1,0,0.4333,0,138.47,0,1,0,0.4333,0,138.47,0.18083,0.044133,0.18157,0.044309,0,0,0,0,0,0,0,0,0,0,0,0
1208,12,474.23,474.33,20,1,187,1,0,0.1,0,600,0,0,1,0,0.1,0,600,0.13017,0.043545,0.13068,0.043603,0,0,0,0,0,0,0,0,0,0,0,0
1208,12,474.4,474.5,10,1,188,0,1,0,0.1,0,600,0,1,0,0.1,0,600,0.13244,0.046797,0.13497,0.04603,0,0,0,0,0,0,0,0,0,0,0,0
1208,12,478.73,478.83,10,1,189,0,0,0,0,0,0,0,0,0,0,0,0,0.19876,0.047073,0.1998,0.046961,0,0,0,0,0,0,0,0,0,0,0,0
1208,12,487.07,488.5,16,1,190,0.39533,0.41861,0.56663,0.6,41.861,41.861,0.48838,0.18605,0.7,0.26667,41.861,41.861,0.22222,0.027221,0.21864,0.027343,0,0,0,0,0,0,0,0,0,0,0,0
1208,12,488.63,488.93,16,1,191,0.88878,0,0.26663,0,200,0,1,0,0.3,0,200,0,0.13919,0.035083,0.14089,0.03501,0,0,0,0,0,0,0,0,0,0,0,0
1208,12,488.93,491.2,20,1,192,0,0.89706,0,0.67779,0,79.411,0,0.67648,0,1.5334,0,26.47,0.12813,0.043039,0.12671,0.043916,0,0,0,0,0,0,0,0,0,0,0,0
1208,12,491.77,491.9,15,1,193,0,1,0,0.1333,0,450.11,0,1,0,0.1333,0,450.11,0.1585,0.056488,0.15965,0.057944,0,0,0,0,0,0,0,0,0,0,0,0
1208,12,493.63,493.73,20,1,194,0,0,0,0,0,0,0,1,0,0.1,0,600,0.11157,0.038689,0.11271,0.04006,0,0,0,0,0,0,0,0,0,0,0,0
1208,12,493.87,494,17,1,195,1,0,0.1333,0,450.11,0,0,0.24981,0,0.0333,0,450.11,0.14734,0.044462,0.14798,0.044605,0,0,0,0,0,0,0,0,0,0,0,0
1208,12,494.2,494.33,17,1,196,0.50013,0,0.066667,0,450.11,0,0,0,0,0,0,0,0.14803,0.042688,0.14857,0.042717,0,0,0,0,0,0,0,0,0,0,0,0
1208,12,494.57,494.93,20,1,197,1,0,0.3666,0,163.67,0,0,1,0,0.3666,0,163.67,0.13193,0.038595,0.13085,0.037591,0,0,0,0,0,0,0,0,0,0,0,0
1208,12,497.6,499.53,20,1,198,1,0,1.9333,0,31.035,0,0,0.17242,0,0.33333,0,31.035,0.13418,0.037314,0.13965,0.039189,0,0,0,0,0,0,0,0,0,0,0,0
1208,12,499.7,499.8,20,1,199,1,0,0.1,0,600,0,0,0,0,0,0,0,0.091711,0.036933,0.092285,0.036964,0,0,0,0,0,0,0,0,0,0,0,0
1208,12,500.27,505.7,20,1,200,0.34355,0.53988,1.8666,1.4667,11.043,22.086,0.04908,0,0.26667,0,11.043,0,0.11423,0.037152,0.11302,0.036518,0,0,0,0,0,0,0,0,0,0,0,0
1208,12,506.23,506.33,19,1,201,0.99967,0,0.099967,0,600,0,0,0,0,0,0,0,0.10443,0.044896,0.10539,0.044928,0,0,0,0,0,0,0,0,0,0,0,0
1208,12,506.93,507.03,19,1,202,1,0,0.1,0,600,0,0,0,0,0,0,0,0.1043,0.044424,0.10488,0.044456,0,0,0,0,0,0,0,0,0,0,0,0
1208,12,507.43,507.87,19,1,203,1,0,0.4333,0,138.47,0,0,0,0,0,0,0,0.095956,0.039763,0.096956,0.041163,0,0,0,0,0,0,0,0,0,0,0,0
1208,12,508.23,509.63,20,1,204,0,0.88098,0,1.2334,0,42.857,0,0,0,0,0,0,0.12791,0.049868,0.12532,0.050181,0,0,0,0,0,0,0,0,0,0,0,0
1209,12,30,30.133,20,1,1,1,0,0.1333,0,450.11,0,0,0,0,0,0,0,0.13055,0.062866,0.13135,0.062249,0,1,0,0.1333,0,450.11,0,1,0,0.1333,0,450.11
1209,12,30.367,31.2,20,1,2,1,0,0.8333,0,72.003,0,0.64003,0,0.53333,0,72.003,0,0.12167,0.047211,0.1222,0.046355,0,1,0,0.8333,0,72.003,0.32001,1,0.26667,0.8333,72.003,72.003
1209,12,31.267,31.333,20,1,3,1,0,0.0666,0,900.9,0,1,0,0.0666,0,900.9,0,0.12437,0.038695,0.12437,0.038695,0,1,0,0.0666,0,900.9,1,1,0.0666,0.0666,900.9,900.9
1209,12,31.767,41.433,20,1,4,1,0,9.6666,0,6.2069,0,0.33448,0.11379,0.80832,0.54998,24.828,12.414,0.12014,0.046627,0.12,0.046003,0,1,0,9.6666,0,6.2069,0,1.7276,0,8.35,0,12.414
1209,12,41.6,42.267,20,1,5,0.20002,0.44994,0.13333,0.29993,90.009,90.009,0,1,0,0.6666,0,90.009,0.10355,0.049607,0.10677,0.050491,0,1,0,0.6666,0,90.009,0,1.85,0,0.6166,0,180.02
1209,12,42.4,42.5,20,1,6,0,1,0,0.1,0,600,0,1,0,0.1,0,600,0.093127,0.044089,0.092503,0.044102,0,1,0,0.1,0,600,0,2,0,0.1,0,1200
1209,12,42.667,43.667,20,1,7,0,1,0,0.9999,0,60.006,0,1,0,0.9999,0,60.006,0.11691,0.052213,0.11928,0.05261,0,1,0,0.9999,0,60.006,0,1,0,0.9999,0,60.006
1209,12,43.833,44.333,20,1,8,0,1,0,0.5,0,120,0,1,0,0.5,0,120,0.11302,0.050146,0.11777,0.050143,0,1,0,0.5,0,120,0,1.8666,0,0.46665,0,240
1209,12,44.367,58.7,20,1,9,0.82093,0.16046,5.8833,1.15,8.3721,8.3721,0.47442,0.15116,1.36,0.43333,20.93,20.93,0.12984,0.047661,0.12053,0.044515,0.081396,1,1.1667,14.333,4.1861,4.1861,0.0093023,1.3209,0.13333,4.7333,4.1861,16.744
1209,12,60.267,61.233,20,1,10,0.93106,0,0.89997,0,62.073,0,0,0,0,0,0,0,0.11515,0.039167,0.12184,0.038603,0,1,0,0.9666,0,62.073,0,1.1379,0,0.54995,0,124.15
1209,12,82.8,82.833,9,1,11,0,1,0,0.0333,0,1801.8,0,1,0,0.0333,0,1801.8,0.094609,0.042416,0.094609,0.042416,0,2,0,0.0333,0,3603.6,0,1,0,0.0333,0,1801.8
1209,12,99.933,99.967,23,1,12,0,1,0,0.0333,0,1801.8,0,1,0,0.0333,0,1801.8,0.077738,0.025696,0.077738,0.025696,0,1,0,0.0333,0,1801.8,0,0.999,0,0.033267,0,1801.8
1209,12,100.33,100.5,23,1,13,0,1,0,0.1667,0,359.93,0,1,0,0.1667,0,359.93,0.080354,0.028952,0.079062,0.029089,0,1,0,0.1667,0,359.93,0,1,0,0.1667,0,359.93
1209,12,105.47,106.27,15,1,14,0.58332,0,0.4666,0,75.009,0,0,0,0,0,0,0,0.28335,0.042292,0.30261,0.041779,0,1,0,0.7999,0,75.009,1,1,0.7999,0.7999,75.009,75.009
1209,12,108.8,108.9,23,1,15,0,1,0,0.1,0,600,0,0,0,0,0,0,0.10646,0.03939,0.10723,0.039544,0,1,0,0.1,0,600,0,1.3333,0,0.066667,0,1200
1209,12,114.27,114.3,23,1,16,0,1,0,0.0333,0,1801.8,0,0,0,0,0,0,0,0,0,0,0,1,0,0.0333,0,1801.8,0,1,0,0.0333,0,1801.8
1209,12,115.37,115.4,23,1,17,0,1,0,0.0333,0,1801.8,0,1,0,0.0333,0,1801.8,0,0,0,0,0,1,0,0.0333,0,1801.8,0,2,0,0.0333,0,3603.6
1209,12,117.37,117.5,23,1,18,0,1,0,0.1333,0,450.11,0,0,0,0,0,0,0.23923,0.06404,0.24165,0.063806,0,1,0,0.1333,0,450.11,1,1,0.1333,0.1333,450.11,450.11
1209,12,117.7,117.87,15,1,19,1,0,0.1666,0,360.14,0,0,0,0,0,0,0,0.26076,0.069052,0.26065,0.068963,0,1,0,0.1666,0,360.14,0,1,0,0.1666,0,360.14
1209,12,118,118.6,15,1,20,1,0,0.6,0,100,0,0.83333,0,0.5,0,100,0,0.22782,0.047058,0.22852,0.045021,0.44444,1,0.26667,0.6,100,100,0.5,1,0.15,0.6,200,100
1209,12,118.63,118.67,15,1,21,1,0,0.0333,0,1801.8,0,0,0,0,0,0,0,0.27955,0.064482,0.27955,0.064482,1,1,0.0333,0.0333,1801.8,1801.8,1,1,0.0333,0.0333,1801.8,1801.8
1209,12,121.47,122.1,20,1,22,0,1,0,0.6333,0,94.742,0,1,0,0.6333,0,94.742,0.17058,0.061289,0.16656,0.059291,0,2,0,0.6333,0,189.48,0,1.2631,0,0.39997,0,189.48
1209,12,122.1,122.13,1,1,23,0,1,0,0.0333,0,1801.8,0,1,0,0.0333,0,1801.8,0.10283,0.064145,0.10283,0.064145,0,2,0,0.0333,0,3603.6,0,1,0,0.0333,0,1801.8
1209,12,122.13,122.23,20,1,24,0,1,0,0.1,0,600,0,1,0,0.1,0,600,0.19441,0.077039,0.19331,0.076903,0,2,0,0.1,0,1200,0,1,0,0.1,0,600
1209,12,122.47,123.07,20,1,25,0,0.61116,0,0.36663,0,100.02,0,1,0,0.5999,0,100.02,0.17907,0.077298,0.1917,0.082499,0,2,0,0.5999,0,200.03,0,1.2221,0,0.36658,0,200.03
1209,12,128.27,128.3,15,1,26,0,1,0,0.0333,0,1801.8,0,0,0,0,0,0,0,0,0,0,0,1,0,0.0333,0,1801.8,0,2,0,0.0333,0,3603.6
1209,12,130.23,130.27,21,1,27,0,1,0,0.0333,0,1801.8,0,0,0,0,0,0,0.72661,0.082227,0.72661,0.082227,0,1,0,0.0333,0,1801.8,0,1,0,0.0333,0,1801.8
1209,12,131.37,131.57,20,1,28,0,0.66683,0,0.1333,0,300.15,0,0,0,0,0,0,0.062921,0.019277,0.062627,0.019333,0,1,0,0.1999,0,300.15,0,1,0,0.1999,0,300.15
1209,12,132.57,132.6,20,1,29,0,1,0,0.0333,0,1801.8,0,0,0,0,0,0,0,0,0,0,0,1,0,0.0333,0,1801.8,0,2,0,0.0333,0,3603.6
1209,12,132.63,132.7,20,1,30,0,1,0,0.0667,0,899.55,0,0,0,0,0,0,0.063223,0.02638,0.063223,0.02638,0,1,0,0.0667,0,899.55,0,2,0,0.0667,0,1799.1
1209,12,134.17,134.67,3,1,31,0,0,0,0,0,0,0,0.13323,0,0.0666,0,120.02,0.20026,0.067989,0.2061,0.070274,0,1,0,0.4999,0,120.02,0,1,0,0.4999,0,120.02
1209,12,135.07,135.2,3,1,32,0,0,0,0,0,0,0,0,0,0,0,0,0.079005,0.025644,0.079297,0.026636,0,1,0,0.1333,0,450.11,0,2,0,0.1333,0,900.23
1209,12,135.37,135.53,3,1,33,0,0.19988,0,0.0333,0,360.14,0,0,0,0,0,0,0.12211,0.025626,0.12741,0.025451,0,1,0,0.1666,0,360.14,0,1,0,0.1666,0,360.14
1209,12,136.27,136.3,12,1,34,1,0,0.0333,0,1801.8,0,0,1,0,0.0333,0,1801.8,0,0,0,0,0,1,0,0.0333,0,1801.8,0,1,0,0.0333,0,1801.8
1209,12,136.33,136.57,16,1,35,0,0.71453,0,0.1667,0,257.18,0,1,0,0.2333,0,257.18,0.24604,0.080866,0.24908,0.081951,0,1,0,0.2333,0,257.18,0,1,0,0.2333,0,257.18
1209,12,137.47,137.5,1,1,36,0,0,0,0,0,0,0,1,0,0.0333,0,1801.8,0,0,0,0,0,1,0,0.0333,0,1801.8,0,1,0,0.0333,0,1801.8
1209,12,137.73,137.8,1,1,37,0,0,0,0,0,0,0,0,0,0,0,0,0.055371,0.0165,0.055371,0.0165,0,1,0,0.0667,0,899.55,0,1,0,0.0667,0,899.55
1209,12,138.07,138.1,1,1,38,0,0,0,0,0,0,0,0,0,0,0,0,0,0,0,0,0,1,0,0.0333,0,1801.8,0,1,0,0.0333,0,1801.8
1209,12,140.17,140.27,3,1,39,0,0,0,0,0,0,0,1,0,0.0999,0,600.6,0.054198,0,0.054198,0,0,1,0,0.0999,0,600.6,0,1,0,0.0999,0,600.6
1209,12,141.07,141.1,1,1,40,0,0,0,0,0,0,0,1,0,0.0333,0,1801.8,0,0,0,0,0,2,0,0.0333,0,3603.6,0,1,0,0.0333,0,1801.8
1209,12,141.2,141.23,1,1,41,0,0,0,0,0,0,0,0,0,0,0,0,0.33975,0.29531,0.33975,0.29531,0,2,0,0.0333,0,3603.6,0,1,0,0.0333,0,1801.8
1209,12,142.57,142.8,20,1,42,0,0,0,0,0,0,0,0,0,0,0,0,0.10489,0.057836,0.10428,0.05712,0,2,0,0.2333,0,514.36,0,1,0,0.2333,0,257.18
1209,12,145.3,146.33,20,1,43,0,0.96777,0,1,0,58.066,0,0,0,0,0,0,0.25263,0.046012,0.25202,0.045762,0,2,0,1.0333,0,116.13,0,1,0,1.0333,0,58.066
1209,12,146.33,146.37,6,1,44,0,0,0,0,0,0,0,0,0,0,0,0,0.21862,0.074353,0.21862,0.074353,1,1,0.0333,0.0333,1801.8,1801.8,0,1,0,0.0333,0,1801.8
1209,12,146.4,146.43,6,1,45,0,0,0,0,0,0,0,0,0,0,0,0,0.10822,0.039916,0.10822,0.039916,1,1,0.0333,0.0333,1801.8,1801.8,0,1,0,0.0333,0,1801.8
1209,12,146.43,146.7,3,1,46,0,0,0,0,0,0,0,0,0,0,0,0,0.08377,0.026635,0.084409,0.026546,0,2,0,0.2667,0,449.94,0,1,0,0.2667,0,224.97
1209,12,163.7,163.9,6,1,47,1,0,0.2,0,300,0,0,1,0,0.2,0,300,0.19872,0.046118,0.19548,0.04496,1,1,0.2,0.2,300,300,0,1,0,0.2,0,300
1209,12,164.33,164.37,6,1,48,1,0,0.0333,0,1801.8,0,0,1,0,0.0333,0,1801.8,0.24326,0.024479,0.24326,0.024479,1,1,0.0333,0.0333,1801.8,1801.8,0,0.999,0,0.033267,0,1801.8
1209,12,164.4,164.5,8,1,49,0,1,0,0.1,0,600,0,0,0,0,0,0,0.28211,0.16554,0.27945,0.18115,0,2,0,0.1,0,1200,0,1,0,0.1,0,600
1209,12,164.5,164.53,21,1,50,0,1,0,0.0333,0,1801.8,0,0,0,0,0,0,0.33628,0.25306,0.33628,0.25306,0,2,0,0.0333,0,3603.6,0,1,0,0.0333,0,1801.8
1209,12,164.53,164.57,6,1,51,1,0,0.0333,0,1801.8,0,0,0,0,0,0,0,0.27182,0,0.27182,0,1,1,0.0333,0.0333,1801.8,1801.8,0,1,0,0.0333,0,1801.8
1209,12,164.57,164.63,1,1,52,0,1,0,0.0666,0,900.9,0,0,0,0,0,0,0.34753,0.31582,0.34753,0.31582,0,2,0,0.0666,0,1801.8,0,1,0,0.0666,0,900.9
1209,12,164.93,164.97,1,1,53,0,1,0,0.0333,0,1801.8,0,0,0,0,0,0,0.33317,0.30641,0.33317,0.30641,0,2,0,0.0333,0,3603.6,0,1,0,0.0333,0,1801.8
1209,12,164.97,165,6,1,54,1,0,0.0333,0,1801.8,0,1,0,0.0333,0,1801.8,0,0,0,0,0,1,1,0.0333,0.0333,1801.8,1801.8,0,1,0,0.0333,0,1801.8
1209,12,165,165.17,1,1,55,0,1,0,0.1666,0,360.14,0,1,0,0.1666,0,360.14,0.35291,0.25078,0.35223,0.24938,0,2,0,0.1666,0,720.29,0,1,0,0.1666,0,360.14
1209,12,165.17,165.2,6,1,56,1,0,0.0333,0,1801.8,0,1,0,0.0333,0,1801.8,0,0,0,0,0,1,1,0.0333,0.0333,1801.8,1801.8,0,1,0,0.0333,0,1801.8
1209,12,165.2,165.27,1,1,57,0,1,0,0.0666,0,900.9,0,1,0,0.0666,0,900.9,0.34067,0.19292,0.34067,0.19292,0,2,0,0.0666,0,1801.8,0,1,0,0.0666,0,900.9
1209,12,165.37,165.57,1,1,58,0,1,0,0.1999,0,300.15,0,0.6665,0,0.066617,0,600.3,0.33529,0.19739,0.33643,0.20402,0,2,0,0.1999,0,600.3,0,1,0,0.1999,0,300.15
1209,12,165.67,165.73,21,1,59,0,1,0,0.0666,0,900.9,0,1,0,0.0666,0,900.9,0.30218,0.12103,0.30218,0.12103,0,2,0,0.0666,0,1801.8,0,1,0,0.0666,0,900.9
1209,12,165.73,165.83,8,1,60,0,0.667,0,0.0667,0,600,0,1,0,0.1,0,600,0.23409,0.029133,0.2338,0.029085,0,2,0,0.1,0,1200,0,1,0,0.1,0,600
1209,12,166.5,167.17,5,1,61,0.65007,0,0.43333,0,90.009,0,0,1,0,0.6666,0,90.009,0.14743,0.037344,0.14662,0.034742,0,2,0,0.6666,0,180.02,1,1,0.6666,0.6666,90.009,90.009
1209,12,167.27,167.53,5,1,62,0,1,0,0.2666,0,225.06,0,0.75006,0,0.19997,0,225.06,0.17512,0.066257,0.1737,0.065758,0,2,0,0.2666,0,450.11,1,1,0.2666,0.2666,225.06,225.06
1209,12,168,169.2,6,1,63,0.97222,0,1.1667,0,50,0,0,0.94444,0,1.1333,0,50,0.16123,0.044746,0.16121,0.044498,1,1,1.2,1.2,50,50,0,2,0,1.2,0,100
1209,12,169.33,169.37,12,1,64,1,0,0.0333,0,1801.8,0,0,1,0,0.0333,0,1801.8,0.078477,0.043904,0.078477,0.043904,0,1,0,0.0333,0,1801.8,0,2,0,0.0333,0,3603.6
1209,12,169.93,170.07,18,1,65,0.74969,0,0.099933,0,450.11,0,1,0,0.1333,0,450.11,0,0.12226,0.049146,0.12378,0.04938,0,1,0,0.1333,0,450.11,1,1,0.1333,0.1333,450.11,450.11
1209,12,170.53,170.63,20,1,66,0,1,0,0.1,0,600,0,1,0,0.1,0,600,0.098176,0.044111,0.097396,0.043741,0,1,0,0.1,0,600,0,2,0,0.1,0,1200
1209,12,170.73,171.1,9,1,67,0,1,0,0.3667,0,163.62,0,1,0,0.3667,0,163.62,0.13043,0.046332,0.13159,0.046319,0,1,0,0.3667,0,163.62,0,2,0,0.3667,0,327.24
1209,12,171.33,172.33,18,1,68,1,0,1,0,60,0,1,0,1,0,60,0,0.20022,0.048394,0.18185,0.048578,1,1,1,1,60,60,1,1,1,1,60,60
1209,12,173.37,174.73,18,1,69,0.73172,0,0.99997,0,43.905,0,0,1,0,1.3666,0,43.905,0.17414,0.049036,0.1695,0.050558,0.63415,1,0.86663,1.3666,43.905,43.905,0,1.4878,0,1.0166,0,87.809
1209,12,174.77,175.63,5,1,70,0,0.84618,0,0.7333,0,69.236,0,1,0,0.8666,0,69.236,0.10581,0.045255,0.10453,0.045374,0,2,0,0.8666,0,138.47,0,1.3077,0,0.56662,0,138.47
1209,12,177,177.1,5,1,71,0,1,0,0.1,0,600,0,1,0,0.1,0,600,0.10514,0.051279,0.10541,0.049554,0,2,0,0.1,0,1200,0,1,0,0.1,0,600
1209,12,177.93,177.97,5,1,72,0,1,0,0.0333,0,1801.8,0,1,0,0.0333,0,1801.8,0.12256,0.052391,0.12256,0.052391,0,2,0,0.0333,0,3603.6,0,1,0,0.0333,0,1801.8
1209,12,178,178.07,5,1,73,0,1,0,0.0666,0,900.9,0,1,0,0.0666,0,900.9,0.11615,0.049218,0.11615,0.049218,0,2,0,0.0666,0,1801.8,0,1,0,0.0666,0,900.9
1209,12,178.3,178.47,5,1,74,0,1,0,0.1666,0,360.14,0,1,0,0.1666,0,360.14,0.1071,0.048226,0.10781,0.050037,0,2,0,0.1666,0,720.29,0.19968,1,0.033267,0.1666,360.14,360.14
1209,12,181.6,181.7,18,1,75,0,1,0,0.1,0,600,0,1,0,0.1,0,600,0.098915,0.044703,0.098685,0.044583,1,1,0.1,0.1,600,600,0,2,0,0.1,0,1200
1209,12,181.73,181.97,21,1,76,0,1,0,0.2333,0,257.18,0,0.85698,0,0.19993,0,257.18,0.15578,0.060554,0.15732,0.060746,0,2,0,0.2333,0,514.36,1,1,0.2333,0.2333,257.18,257.18
1209,12,182.07,182.23,21,1,77,0,1,0,0.1666,0,360.14,0,1,0,0.1666,0,360.14,0.18366,0.051979,0.18593,0.051301,0,2,0,0.1666,0,720.29,1,1,0.1666,0.1666,360.14,360.14
1209,12,182.23,182.27,18,1,78,0,1,0,0.0333,0,1801.8,0,1,0,0.0333,0,1801.8,0.096833,0.043825,0.096833,0.043825,1,1,0.0333,0.0333,1801.8,1801.8,0,2,0,0.0333,0,3603.6
1209,12,182.27,183.1,21,1,79,0,1,0,0.8333,0,72.003,0,1,0,0.8333,0,72.003,0.17698,0.050539,0.18792,0.050478,0,2,0,0.8333,0,144.01,1,1,0.8333,0.8333,72.003,72.003
1209,12,183.17,183.2,21,1,80,0,1,0,0.0333,0,1801.8,0,1,0,0.0333,0,1801.8,0,0,0,0,0,2,0,0.0333,0,3603.6,1,1,0.0333,0.0333,1801.8,1801.8
1209,12,183.23,183.3,21,1,81,0,1,0,0.0667,0,899.55,0,1,0,0.0667,0,899.55,0.11114,0.047795,0.11114,0.047795,0,2,0,0.0667,0,1799.1,1,1,0.0667,0.0667,899.55,899.55
1209,12,183.43,185.8,21,1,82,0.43661,0.52113,1.0333,0.61668,25.352,50.704,0,0.69015,0,0.81668,0,50.704,0.14417,0.049122,0.14561,0.050087,0,2,0,2.3667,0,50.704,1,1,2.3667,2.3667,25.352,25.352
1209,12,185.83,185.93,21,1,83,0,1,0,0.1,0,600,0,1,0,0.1,0,600,0.14566,0.048267,0.14543,0.048319,0,2,0,0.1,0,1200,1,1,0.1,0.1,600,600
1209,12,185.97,186.13,21,1,84,0,1,0,0.1666,0,360.14,0,1,0,0.1666,0,360.14,0.137,0.053899,0.13635,0.055025,0,2,0,0.1666,0,720.29,1,1,0.1666,0.1666,360.14,360.14
1209,12,186.17,186.27,21,1,85,0,1,0,0.0999,0,600.6,0,1,0,0.0999,0,600.6,0.14117,0.052868,0.14117,0.052868,0,2,0,0.0999,0,1201.2,1,1,0.0999,0.0999,600.6,600.6
1209,12,186.3,186.5,21,1,86,0,1,0,0.2,0,300,0,1,0,0.2,0,300,0.138,0.049295,0.13752,0.049819,0,2,0,0.2,0,600,1,1,0.2,0.2,300,300
1209,12,186.53,186.73,21,1,87,0,1,0,0.2,0,300,0,1,0,0.2,0,300,0.13059,0.049938,0.13279,0.050849,0,2,0,0.2,0,600,1,1,0.2,0.2,300,300
1209,12,186.83,187.73,21,1,88,0,1,0,0.9,0,66.667,0,1,0,0.9,0,66.667,0.12617,0.051271,0.12687,0.050202,0,2,0,0.9,0,133.33,1,1,0.9,0.9,66.667,66.667
1209,12,187.77,188.83,21,1,89,0,0.84377,0,0.89997,0,56.254,0,1,0,1.0666,0,56.254,0.13118,0.049939,0.12077,0.049845,0,2,0,1.0666,0,112.51,1,1,1.0666,1.0666,56.254,56.254
1209,12,188.9,190.4,21,1,90,1,0,1.5,0,40,0,0,1,0,1.5,0,40,0.13761,0.050315,0.13811,0.049937,0,2,0,1.5,0,80,0.57778,1.1111,0.86667,0.83333,40,80
1209,12,190.43,190.47,21,1,91,1,0,0.0333,0,1801.8,0,0,1,0,0.0333,0,1801.8,0.15844,0.054735,0.15844,0.054735,0,2,0,0.0333,0,3603.6,0,1,0,0.0333,0,1801.8
1209,12,190.5,190.7,21,1,92,1,0,0.2,0,300,0,0,1,0,0.2,0,300,0.12743,0.050161,0.12851,0.050131,0,1,0,0.2,0,300,0,1,0,0.2,0,300
1209,12,191.07,191.57,21,1,93,0,0,0,0,0,0,0,1,0,0.4999,0,120.02,0.098852,0.043989,0.098538,0.043644,0,2,0,0.4999,0,240.05,0,1,0,0.4999,0,120.02
1209,12,191.9,192,21,1,94,0,1,0,0.1,0,600,0,1,0,0.1,0,600,0.11459,0.045262,0.11488,0.045164,0,2,0,0.1,0,1200,0,1,0,0.1,0,600
1209,12,192.27,192.67,14,1,95,0.83346,0,0.3333,0,150.04,0,1,0,0.3999,0,150.04,0,0.28158,0.048475,0.28094,0.048738,1,1,0.3999,0.3999,150.04,150.04,0,1,0,0.3999,0,150.04
1209,12,193.07,193.1,14,1,96,0,1,0,0.0333,0,1801.8,1,0,0.0333,0,1801.8,0,0,0,0,0,1,1,0.0333,0.0333,1801.8,1801.8,0,1,0,0.0333,0,1801.8
1209,12,193.23,193.33,14,1,97,0,1,0,0.1,0,600,1,0,0.1,0,600,0,0.2498,0.072374,0.25103,0.071745,1,1,0.1,0.1,600,600,0,1,0,0.1,0,600
1209,12,193.77,194.07,14,1,98,0.44437,0.33333,0.13327,0.099967,200.07,200.07,1,0,0.2999,0,200.07,0,0.21553,0.05176,0.21737,0.054463,1,1,0.2999,0.2999,200.07,200.07,0,1,0,0.2999,0,200.07
1209,12,194.2,194.33,14,1,99,1,0,0.1333,0,450.11,0,1,0,0.1333,0,450.11,0,0.25451,0.056644,0.25484,0.056703,1,1,0.1333,0.1333,450.11,450.11,0,1,0,0.1333,0,450.11
1209,12,194.37,194.4,14,1,100,1,0,0.0333,0,1801.8,0,1,0,0.0333,0,1801.8,0,0,0,0,0,1,1,0.0333,0.0333,1801.8,1801.8,0,1,0,0.0333,0,1801.8
1209,12,194.43,194.47,14,1,101,1,0,0.0333,0,1801.8,0,1,0,0.0333,0,1801.8,0,0.30098,0.05461,0.30098,0.05461,1,1,0.0333,0.0333,1801.8,1801.8,0,1,0,0.0333,0,1801.8
1209,12,194.5,194.53,14,1,102,1,0,0.0333,0,1801.8,0,1,0,0.0333,0,1801.8,0,0.31353,0.050207,0.31353,0.050207,1,1,0.0333,0.0333,1801.8,1801.8,0,1,0,0.0333,0,1801.8
1209,12,194.57,195.57,14,1,103,0.56669,0.3333,0.56663,0.33327,60.006,60.006,1,0,0.9999,0,60.006,0,0.30468,0.054125,0.31823,0.053115,1,1,0.9999,0.9999,60.006,60.006,0,1,0,0.9999,0,60.006
1209,12,195.63,195.67,14,1,104,0,1,0,0.0333,0,1801.8,1,0,0.0333,0,1801.8,0,0.20719,0.073178,0.20719,0.073178,1,1,0.0333,0.0333,1801.8,1801.8,0,1,0,0.0333,0,1801.8
1209,12,195.7,195.77,14,1,105,0,1,0,0.0666,0,900.9,1,0,0.0666,0,900.9,0,0.20372,0.067409,0.20372,0.067409,1,1,0.0666,0.0666,900.9,900.9,0,1,0,0.0666,0,900.9
1209,12,195.87,195.9,14,1,106,0,1,0,0.0333,0,1801.8,1,0,0.0333,0,1801.8,0,0,0,0,0,1,1,0.0333,0.0333,1801.8,1801.8,0,1,0,0.0333,0,1801.8
1209,12,195.93,196.07,14,1,107,0,1,0,0.1333,0,450.11,1,0,0.1333,0,450.11,0,0.13052,0.05526,0.12906,0.054599,1,1,0.1333,0.1333,450.11,450.11,0,1,0,0.1333,0,450.11
1209,12,196.1,196.23,14,1,108,0,1,0,0.1333,0,450.11,1,0,0.1333,0,450.11,0,0.16956,0.067046,0.17184,0.066551,1,1,0.1333,0.1333,450.11,450.11,0,1,0,0.1333,0,450.11
1209,12,196.57,196.6,14,1,109,0,1,0,0.0333,0,1801.8,1,0,0.0333,0,1801.8,0,0,0,0,0,1,1,0.0333,0.0333,1801.8,1801.8,0,1,0,0.0333,0,1801.8
1209,12,196.83,197,14,1,110,0,1,0,0.1667,0,359.93,1,0,0.1667,0,359.93,0,0.23501,0.069855,0.23602,0.06983,1,1,0.1667,0.1667,359.93,359.93,0,1,0,0.1667,0,359.93
1209,12,197.1,197.13,14,1,111,0,1,0,0.0333,0,1801.8,1,0,0.0333,0,1801.8,0,0.17349,0.052665,0.17349,0.052665,1,1,0.0333,0.0333,1801.8,1801.8,0,1,0,0.0333,0,1801.8
1209,12,198.37,198.4,14,1,112,1,0,0.0333,0,1801.8,0,0,0,0,0,0,0,0,0,0,0,1,1,0.0333,0.0333,1801.8,1801.8,0,1,0,0.0333,0,1801.8
1209,12,200.57,201.2,18,1,113,0.8421,0,0.5333,0,94.742,0,0,0,0,0,0,0,0.21451,0.044866,0.22481,0.045756,1,1,0.6333,0.6333,94.742,94.742,0,1,0,0.6333,0,94.742
1209,12,201.9,201.97,18,1,114,0,1,0,0.0666,0,900.9,0,1,0,0.0666,0,900.9,0.23537,0.079264,0.23537,0.079264,1,1,0.0666,0.0666,900.9,900.9,0,1,0,0.0666,0,900.9
1209,12,202.57,202.6,14,1,115,0,1,0,0.0333,0,1801.8,0,1,0,0.0333,0,1801.8,0,0,0,0,1,1,0.0333,0.0333,1801.8,1801.8,0,2,0,0.0333,0,3603.6
1209,12,202.6,202.77,21,1,116,1,0,0.1666,0,360.14,0,0,0,0,0,0,360.14,0.25366,0.083837,0.25969,0.083004,0,2,0,0.1666,0,720.29,0.80032,1,0.13333,0.1666,360.14,360.14
1209,12,202.8,203,14,1,117,0,1,0,0.2,0,300,0,0.66667,0,0.13333,0,300,0.27418,0.072751,0.27586,0.0721,1,1,0.2,0.2,300,300,0,1,0,0.2,0,300
1209,12,203.03,204.07,21,1,118,0.67747,0.25801,0.70003,0.2666,58.066,58.066,0,0.67747,0,0.35002,0,116.13,0.25736,0.081223,0.24648,0.069833,0,2,0,1.0333,0,116.13,0,1,0,1.0333,0,58.066
1209,12,204.1,204.13,21,1,119,0,1,0,0.0333,0,1801.8,0,0,0,0,0,0,0.31648,0.12204,0.31648,0.12204,0,2,0,0.0333,0,3603.6,0,1,0,0.0333,0,1801.8
1209,12,205,205.4,21,1,120,0,1,0,0.4,0,150,1,0,0.4,0,150,0,0.28796,0.14177,0.29157,0.14671,0,2,0,0.4,0,300,0,1,0,0.4,0,150
1209,12,205.97,206.13,18,1,121,0,1,0,0.1666,0,360.14,0,1,0,0.1666,0,360.14,0.24258,0.13856,0.24262,0.13863,1,1,0.1666,0.1666,360.14,360.14,0,1,0,0.1666,0,360.14
1209,12,206.4,206.63,18,1,122,0,1,0,0.2333,0,257.18,0,1,0,0.2333,0,257.18,0.23269,0.087796,0.23379,0.090957,1,1,0.2333,0.2333,257.18,257.18,0,1,0,0.2333,0,257.18
1209,12,206.7,207.1,14,1,123,1,0,0.4,0,150,0,1,0,0.4,0,150,0,0.2277,0.051813,0.22277,0.047241,1,1,0.4,0.4,150,150,0,1,0,0.4,0,150
1209,12,207.1,207.13,12,1,124,0,1,0,0.0333,0,1801.8,0,1,0,0.0333,0,1801.8,0.069661,0.027208,0.069661,0.027208,0,2,0,0.0333,0,3603.6,0,1,0,0.0333,0,1801.8
1209,12,207.13,207.6,14,1,125,1,0,0.4667,0,128.56,0,1,0,0.4667,0,128.56,0,0.22603,0.035223,0.23175,0.034543,1,1,0.4667,0.4667,128.56,128.56,0,1,0,0.4667,0,128.56
1209,12,207.6,207.63,12,1,126,0,1,0,0.0333,0,1801.8,0,1,0,0.0333,0,1801.8,0.06793,0.031304,0.06793,0.031304,0,2,0,0.0333,0,3603.6,0,1,0,0.0333,0,1801.8
1209,12,207.63,207.77,14,1,127,1,0,0.1333,0,450.11,0,1,0,0.1333,0,450.11,0,0.22783,0.041399,0.2257,0.041392,1,1,0.1333,0.1333,450.11,450.11,0,1,0,0.1333,0,450.11
1209,12,207.77,207.8,12,1,128,0,1,0,0.0333,0,1801.8,0,1,0,0.0333,0,1801.8,0,0,0,0,0,2,0,0.0333,0,3603.6,0,1,0,0.0333,0,1801.8
1209,12,207.8,207.93,14,1,129,1,0,0.1333,0,450.11,0,1,0,0.1333,0,450.11,0,0.24605,0.044904,0.25012,0.044621,1,1,0.1333,0.1333,450.11,450.11,0,1,0,0.1333,0,450.11
1209,12,207.97,208.1,14,1,130,0.74994,0,0.099967,0,450.11,0,1,0,0.1333,0,450.11,0,0.23132,0.04689,0.22773,0.047722,1,1,0.1333,0.1333,450.11,450.11,0,1,0,0.1333,0,450.11
1209,12,208.1,208.13,12,1,131,0,0,0,0,0,0,0,1,0,0.0333,0,1801.8,0.080326,0.030583,0.080326,0.030583,0,2,0,0.0333,0,3603.6,0,1,0,0.0333,0,1801.8
1209,12,208.13,209.47,14,1,132,0,0.67497,0,0.89993,0,45.001,1,0,1.3333,0,45.001,0,0.21392,0.040984,0.21323,0.040368,1,1,1.3333,1.3333,45.001,45.001,0.97497,1,1.2999,1.3333,45.001,45.001
1209,12,209.5,209.67,21,1,133,1,0,0.1666,0,360.14,0,0,1,0,0.1666,0,360.14,0.21128,0.055867,0.21245,0.061485,0,2,0,0.1666,0,720.29,1,1,0.1666,0.1666,360.14,360.14
1209,12,209.67,209.7,14,1,134,0,1,0,0.0333,0,1801.8,1,0,0.0333,0,1801.8,0,0,0,0,0,1,1,0.0333,0.0333,1801.8,1801.8,1,1,0.0333,0.0333,1801.8,1801.8
1209,12,209.7,209.77,21,1,135,1,0,0.0666,0,900.9,0,0,1,0,0.0666,0,900.9,0.18109,0.065242,0.18109,0.065242,0,2,0,0.0666,0,1801.8,1,1,0.0666,0.0666,900.9,900.9
1209,12,210.3,210.33,21,1,136,1,0,0.0333,0,1801.8,0,0,0,0,0,0,0,0.16031,0.043986,0.16031,0.043986,0,2,0,0.0333,0,3603.6,1,1,0.0333,0.0333,1801.8,1801.8
1209,12,210.37,210.53,21,1,137,1,0,0.1666,0,360.14,0,0,0,0,0,0,0,0.15805,0.052162,0.15653,0.053002,0,2,0,0.1666,0,720.29,1,1,0.1666,0.1666,360.14,360.14
1209,12,210.53,210.57,14,1,138,0,1,0,0.0333,0,1801.8,0,0,0,0,0,0,0.10715,0.043067,0.10715,0.043067,1,1,0.0333,0.0333,1801.8,1801.8,1,1,0.0333,0.0333,1801.8,1801.8
1209,12,210.57,210.63,21,1,139,1,0,0.0666,0,900.9,0,0,0,0,0,0,0,0.19969,0.04202,0.19969,0.04202,0,2,0,0.0666,0,1801.8,1,1,0.0666,0.0666,900.9,900.9
1209,12,210.67,211.3,21,1,140,1,0,0.6333,0,94.742,0,0,0.10527,0,0.066667,0,94.742,0.1637,0.05578,0.16367,0.055638,0,2,0,0.6333,0,189.48,1,1,0.6333,0.6333,94.742,94.742
1209,12,211.4,211.57,21,1,141,1,0,0.1666,0,360.14,0,0,1,0,0.1666,0,360.14,0.17735,0.060902,0.17763,0.056476,0,2,0,0.1666,0,720.29,1,1,0.1666,0.1666,360.14,360.14
1209,12,212.07,212.2,21,1,142,1,0,0.1333,0,450.11,0,0,0,0,0,0,0,0.1677,0.055095,0.16823,0.059456,0,2,0,0.1333,0,900.23,1,1,0.1333,0.1333,450.11,450.11
1209,12,212.43,214,21,1,143,0.38299,0.59573,0.60003,0.93333,38.297,38.297,0,0.42552,0,0.33333,0,76.594,0.19262,0.057848,0.19849,0.058551,0,2,0,1.5667,0,76.594,1,1,1.5667,1.5667,38.297,38.297
1209,12,214.03,214.07,21,1,144,0,1,0,0.0333,0,1801.8,0,1,0,0.0333,0,1801.8,0.23543,0.060355,0.23543,0.060355,0,2,0,0.0333,0,3603.6,1,1,0.0333,0.0333,1801.8,1801.8
1209,12,214.13,214.47,14,1,145,1,0,0.3333,0,180.02,0,1,0,0.3333,0,180.02,0,0.23267,0.058693,0.23941,0.057105,1,1,0.3333,0.3333,180.02,180.02,1,1,0.3333,0.3333,180.02,180.02
1209,12,214.6,214.7,14,1,146,1,0,0.1,0,600,0,1,0,0.1,0,600,0,0.15215,0.065977,0.1549,0.065328,1,1,0.1,0.1,600,600,1,1,0.1,0.1,600,600
1209,12,218.03,218.13,20,1,147,0,1,0,0.1,0,600,0,0.333,0,0.0333,0,600,0.11517,0.051776,0.11639,0.05147,0,2,0,0.1,0,1200,0,2,0,0.1,0,1200
1209,12,222.87,222.9,14,1,148,0,1,0,0.0333,0,1801.8,1,0,0.0333,0,1801.8,0,0,0,0,0,1,1,0.0333,0.0333,1801.8,1801.8,0,1,0,0.0333,0,1801.8
1209,12,222.97,223.1,14,1,149,0,1,0,0.1333,0,450.11,1,0,0.1333,0,450.11,0,0.13714,0.040994,0.13724,0.040556,1,1,0.1333,0.1333,450.11,450.11,0,1,0,0.1333,0,450.11
1209,12,223.27,223.47,14,1,150,0,1,0,0.1999,0,300.15,0.50008,0,0.099967,0,300.15,0,0.1328,0.039992,0.13093,0.040147,1,1,0.1999,0.1999,300.15,300.15,0,1,0,0.1999,0,300.15
1209,12,223.7,225.43,14,1,151,0.59615,0.40385,1.0333,0.7,34.616,34.616,0,0.67307,0,1.1666,0,34.616,0.15241,0.040385,0.14935,0.040448,1,1,1.7333,1.7333,34.616,34.616,0,1,0,1.7333,0,34.616
1209,12,225.53,225.83,14,1,152,1,0,0.3,0,200,0,0,0.66678,0,0.20003,0,200,0.14662,0.041083,0.13836,0.040197,1,1,0.3,0.3,200,200,0,1,0,0.3,0,200
1209,12,225.87,227.3,14,1,153,1,0,1.4333,0,41.861,0,0,0.39536,0,0.56667,0,41.861,0.16185,0.041377,0.16063,0.042754,1,1,1.4333,1.4333,41.861,41.861,0,1,0,1.4333,0,41.861
1209,12,227.57,227.67,14,1,154,1,0,0.0999,0,600.6,0,1,0,0.0999,0,600.6,0,0.11875,0.032595,0.11875,0.032595,1,1,0.0999,0.0999,600.6,600.6,0,1,0,0.0999,0,600.6
1209,12,227.83,228.63,14,1,155,0.41671,0.45829,0.33337,0.36663,75,75,0.91671,0,0.73337,0,75,0,0.12647,0.036729,0.1266,0.036954,1,1,0.8,0.8,75,75,0.29162,1,0.2333,0.8,75,75
1209,12,228.67,229.23,14,1,156,0.52942,0.41175,0.29997,0.2333,105.89,105.89,0,0,0,0,0,0,0.16738,0.037931,0.17002,0.037782,1,1,0.5666,0.5666,105.89,105.89,1,1,0.5666,0.5666,105.89,105.89
1209,12,229.37,229.5,14,1,157,1,0,0.1333,0,450.11,0,0,0,0,0,0,0,0.18055,0.040218,0.18154,0.04077,1,1,0.1333,0.1333,450.11,450.11,1,1,0.1333,0.1333,450.11,450.11
1209,12,229.6,229.63,21,1,158,0,1,0,0.0333,0,1801.8,0,0,0,0,0,0,0.16673,0.041175,0.16673,0.041175,0,2,0,0.0333,0,3603.6,1,1,0.0333,0.0333,1801.8,1801.8
1209,12,229.77,229.87,21,1,159,0,1,0,0.0999,0,600.6,0,0,0,0,0,0,0.19319,0.048179,0.19319,0.048179,0,2,0,0.0999,0,1201.2,1,1,0.0999,0.0999,600.6,600.6
1209,12,229.97,230.4,14,1,160,1,0,0.4333,0,138.47,0,1,0,0.4333,0,138.47,0,0.15812,0.043212,0.15674,0.043187,1,1,0.4333,0.4333,138.47,138.47,1,1,0.4333,0.4333,138.47,138.47
1209,12,230.8,231.03,14,1,161,1,0,0.2333,0,257.18,0,1,0,0.2333,0,257.18,0,0.18166,0.050367,0.18687,0.049306,1,1,0.2333,0.2333,257.18,257.18,1,1,0.2333,0.2333,257.18,257.18
1209,12,231.1,231.77,21,1,162,0,1,0,0.6666,0,90.009,0,1,0,0.6666,0,90.009,0.16207,0.040193,0.15965,0.041007,0,2,0,0.6666,0,180.02,1,1,0.6666,0.6666,90.009,90.009
1209,12,231.83,232.13,14,1,163,1,0,0.3,0,200,0,1,0,0.3,0,200,0,0.13223,0.035234,0.12967,0.034288,1,1,0.3,0.3,200,200,1,1,0.3,0.3,200,200
1209,12,232.73,233.17,14,1,164,1,0,0.4333,0,138.47,0,1,0,0.4333,0,138.47,0,0.16534,0.039698,0.16309,0.039614,1,1,0.4333,0.4333,138.47,138.47,1,1,0.4333,0.4333,138.47,138.47
1209,12,234.33,234.53,14,1,165,0,1,0,0.2,0,300,1,0,0.2,0,300,0,0.16532,0.045351,0.1656,0.045259,1,1,0.2,0.2,300,300,1,1,0.2,0.2,300,300
1209,12,235.07,235.13,14,1,166,1,0,0.0666,0,900.9,0,0,0,0,0,0,0,0.17473,0.039468,0.17473,0.039468,1,1,0.0666,0.0666,900.9,900.9,1,1,0.0666,0.0666,900.9,900.9
1209,12,235.3,235.77,21,1,167,0.85712,0.071439,0.39993,0.033333,128.59,128.59,0,0.42849,0,0.19993,0,128.59,0.18046,0.041747,0.17992,0.041074,0,2,0,0.4666,0,257.18,1,1,0.4666,0.4666,128.59,128.59
1209,12,235.9,235.93,21,1,168,0,0,0,0,1801.8,0,0,1,0,0.0333,0,1801.8,0.16713,0.042517,0.16713,0.042517,0,2,0,0.0333,0,3603.6,1,1,0.0333,0.0333,1801.8,1801.8
1209,12,235.97,237.33,21,1,169,0,1,0,1.3666,0,43.905,0,0.4878,0,0.66663,0,43.905,0.17934,0.041098,0.17969,0.040983,0,2,0,1.3666,0,87.809,1,1,1.3666,1.3666,43.905,43.905
1209,12,237.6,238,21,1,170,0.083333,0.91667,0.033333,0.36667,150,150,0,0,0,0,0,0,0.15721,0.039193,0.15555,0.038699,0,2,0,0.4,0,300,1,1,0.4,0.4,150,150
1209,12,238.57,238.77,14,1,171,0,1,0,0.1999,0,300.15,1,0,0.1999,0,300.15,0,0.18827,0.045271,0.18477,0.045013,1,1,0.1999,0.1999,300.15,300.15,1,1,0.1999,0.1999,300.15,300.15
1209,12,238.87,239.97,21,1,172,0.75761,0,0.8333,0,54.55,0,0,0.90914,0,0.99997,0,54.55,0.16142,0.035375,0.15723,0.03482,0,2,0,1.0999,0,109.1,1,1,1.0999,1.0999,54.55,54.55
1209,12,241.63,241.87,21,1,173,1,0,0.2333,0,257.18,0,0,0,0,0,0,0,0.18056,0.053757,0.18934,0.054961,0,2,0,0.2333,0,514.36,1,1,0.2333,0.2333,257.18,257.18
1209,12,241.87,242,20,1,174,0,1,0,0.1333,0,450.11,0,0,0,0,0,0,0.104,0.041724,0.10418,0.041542,0,2,0,0.1333,0,900.23,0,2,0,0.1333,0,900.23
1209,12,242.03,242.07,20,1,175,0,1,0,0.0333,0,1801.8,0,0,0,0,0,0,0.1037,0.043274,0.1037,0.043274,0,2,0,0.0333,0,3603.6,0,2,0,0.0333,0,3603.6
1209,12,242.2,242.3,14,1,176,0,1,0,0.1,0,600,0.66667,0,0.066667,0,600,0,0.12622,0.051434,0.1237,0.051888,1,1,0.1,0.1,600,600,1,1,0.1,0.1,600,600
1209,12,242.3,243.43,21,1,177,1,0,1.1333,0,52.943,0,0,1,0,1.1333,0,52.943,0.27667,0.056203,0.27733,0.057303,0,2,0,1.1333,0,105.89,1,1,1.1333,1.1333,52.943,52.943
1209,12,243.53,243.57,14,1,178,0,1,0,0.0333,0,1801.8,1,0,0.0333,0,1801.8,0,0.19236,0.049194,0.19236,0.049194,1,1,0.0333,0.0333,1801.8,1801.8,1,1,0.0333,0.0333,1801.8,1801.8
1209,12,244.03,244.33,21,1,179,1,0,0.3,0,200,0,0,0,0,0,0,0,0.13514,0.055679,0.13923,0.056363,0,2,0,0.3,0,400,0,1,0,0.3,0,200
1209,12,244.77,245.5,21,1,180,1,0,0.7333,0,81.822,0,0,0.86368,0,0.63333,0,81.822,0.12608,0.044648,0.12609,0.041191,0,2,0,0.7333,0,163.64,1,1,0.7333,0.7333,81.822,81.822
1209,12,245.9,246.2,14,1,181,0,0.88889,0,0.26667,200,200,1,0,0.3,0,200,0,0.17791,0.052131,0.17485,0.052035,1,1,0.3,0.3,200,200,1,1,0.3,0.3,200,200
1209,12,246.23,246.57,14,1,182,1,0,0.3333,0,180.02,0,1,0,0.3333,0,180.02,0,0.21892,0.052294,0.21917,0.054521,1,1,0.3333,0.3333,180.02,180.02,1,1,0.3333,0.3333,180.02,180.02
1209,12,246.83,246.87,21,1,183,0,1,0,0.0333,0,1801.8,0,1,0,0.0333,0,1801.8,0.14802,0.056485,0.14802,0.056485,0,2,0,0.0333,0,3603.6,1,1,0.0333,0.0333,1801.8,1801.8
1209,12,246.9,247.03,21,1,184,0,1,0,0.1333,0,450.11,0,0,0,0,0,0,0.12791,0.059597,0.12614,0.059666,0,2,0,0.1333,0,900.23,0,1,0,0.1333,450.11,450.11
1209,12,247.5,248.07,21,1,185,1,0,0.5666,0,105.89,0,0,0,0,0,0,0,0.14431,0.053476,0.1435,0.053524,0,2,0,0.5666,0,211.79,0,1,0,0.5666,0,105.89
1209,12,248.9,249.07,21,1,186,0,1,0,0.1666,0,360.14,0,0,0,0,0,0,0.12996,0.04708,0.13084,0.045434,0,2,0,0.1666,0,720.29,1,1,0.1666,0.1666,360.14,360.14
1209,12,250.33,250.43,20,1,187,0,1,0,0.1,0,600,0,0,0,0,0,0,0.096642,0.038839,0.096823,0.038426,0,2,0,0.1,0,1200,0,2,0,0.1,0,1200
1209,12,250.8,250.83,20,1,188,0,1,0,0.0333,0,1801.8,0,0,0,0,0,0,0.099902,0.048036,0.099902,0.048036,0,2,0,0.0333,0,3603.6,0,2,0,0.0333,0,3603.6
1209,12,251.2,251.43,21,1,189,0,1,0,0.2333,0,257.18,0,1,0,0.2333,0,257.18,0.093714,0.048144,0.094352,0.049458,0,2,0,0.2333,0,514.36,0.28576,1,0.066667,0.2333,257.18,257.18
1209,12,251.6,251.87,21,1,190,0,1,0,0.2666,0,225.06,0,0,0,0,0,0,0.10437,0.044603,0.10403,0.044666,0,2,0,0.2666,0,450.11,0,1,0,0.2666,0,225.06
1209,12,252.13,252.3,12,1,191,0,1,0,0.1667,0,359.93,0,0,0,0,0,0,0.092845,0.044345,0.09321,0.042487,0,2,0,0.1667,0,719.86,0,1,0,0.1667,0,359.93
1209,12,252.8,253.2,21,1,192,0.83333,0,0.33333,0,150,0,0,0.41667,0,0.16667,0,150,0.12929,0.051779,0.12832,0.051678,0,2,0,0.4,0,300,1,1,0.4,0.4,150,150
1209,12,254.9,254.93,14,1,193,0,1,0,0.0333,0,1801.8,1,0,0.0333,0,1801.8,0,0.20664,0.061924,0.20664,0.061924,1,1,0.0333,0.0333,1801.8,1801.8,1,1,0.0333,0.0333,1801.8,1801.8
1209,12,254.97,255.1,14,1,194,0,1,0,0.1333,0,450.11,1,0,0.1333,0,450.11,0,0.19245,0.061267,0.19219,0.060777,1,1,0.1333,0.1333,450.11,450.11,1,1,0.1333,0.1333,450.11,450.11
1209,12,255.17,255.2,14,1,195,0,1,0,0.0333,0,1801.8,1,0,0.0333,0,1801.8,0,0,0,0,0,1,1,0.0333,0.0333,1801.8,1801.8,1,1,0.0333,0.0333,1801.8,1801.8
1209,12,255.47,255.5,21,1,196,1,0,0.0333,0,1801.8,0,0,1,0,0.0333,0,1801.8,0,0,0,0,0,2,0,0.0333,0,3603.6,1,1,0.0333,0.0333,1801.8,1801.8
1209,12,255.73,255.77,14,1,197,0,1,0,0.0333,0,1801.8,1,0,0.0333,0,1801.8,0,0.24972,0.064693,0.24972,0.064693,1,1,0.0333,0.0333,1801.8,1801.8,1,1,0.0333,0.0333,1801.8,1801.8
1209,12,255.77,255.87,21,1,198,1,0,0.0999,0,600.6,0,0,1,0,0.0999,0,600.6,0.23872,0.076087,0.23872,0.076087,0,2,0,0.0999,0,1201.2,1,1,0.0999,0.0999,600.6,600.6
1209,12,255.9,256.07,21,1,199,1,0,0.1666,0,360.14,0,0,1,0,0.1666,0,360.14,0.15951,0.063018,0.165,0.061649,0,2,0,0.1666,0,720.29,0,1,0,0.1666,360.14,360.14
1209,12,256.3,256.43,21,1,200,1,0,0.1333,0,450.11,0,0,0,0,0,0,0,0.11061,0.045669,0.11058,0.045904,0,2,0,0.1333,0,900.23,0,1,0,0.1333,0,450.11
1209,12,256.7,257.03,21,1,201,1,0,0.3333,0,180.02,0,0,0,0,0,0,0,0.12292,0.045368,0.12601,0.045511,0,2,0,0.3333,0,360.04,0.19992,1,0.066633,0.3333,180.02,180.02
1209,12,257.3,257.67,21,1,202,1,0,0.3666,0,163.67,0,0,0.6363,0,0.23327,0,163.67,0.096881,0.043043,0.095469,0.043128,0,2,0,0.3666,0,327.33,1,1,0.3666,0.3666,163.67,163.67
1209,12,259.53,259.57,21,1,203,0,1,0,0.0333,0,1801.8,0,1,0,0.0333,0,1801.8,0.17439,0.055789,0.17439,0.055789,0,2,0,0.0333,0,3603.6,1,1,0.0333,0.0333,1801.8,1801.8
1209,12,259.6,259.63,14,1,204,1,0,0.0333,0,1801.8,0,1,0,0.0333,0,1801.8,0,0.2081,0.068952,0.2081,0.068952,1,1,0.0333,0.0333,1801.8,1801.8,1,1,0.0333,0.0333,1801.8,1801.8
1209,12,259.67,259.83,21,1,205,0,1,0,0.1666,0,360.14,0,1,0,0.1666,0,360.14,0.13943,0.056706,0.14048,0.05683,0,2,0,0.1666,0,720.29,0.19988,1,0.0333,0.1666,360.14,360.14
1209,12,261.93,262.1,21,1,206,1,0,0.1667,0,359.93,0,0,0.79984,0,0.13333,0,359.93,0.12047,0.053291,0.11914,0.053241,0,2,0,0.1667,0,719.86,1,1,0.1667,0.1667,359.93,359.93
1209,12,262.63,262.7,21,1,207,0,0,0,0,0,899.55,0,0.00049975,0,3.3333e-05,0,899.55,0.12114,0.050537,0.12114,0.050537,0,2,0,0.0667,0,1799.1,1,1,0.0667,0.0667,899.55,899.55
1209,12,263.17,263.2,21,1,208,0,1,0,0.0333,0,1801.8,0,0,0,0,0,0,0,0,0,0,0,2,0,0.0333,0,3603.6,1,1,0.0333,0.0333,1801.8,1801.8
1209,12,263.2,263.27,20,1,209,0,1,0,0.0666,0,900.9,0,0.4995,0,0.033267,0,900.9,0.17249,0.043623,0.17249,0.043623,0,2,0,0.0666,0,1801.8,0,2,0,0.0666,0,1801.8
1209,12,263.27,263.4,21,1,210,0,1,0,0.1333,0,450.11,0,1,0,0.1333,0,450.11,0.16742,0.062057,0.16816,0.058655,0,2,0,0.1333,0,900.23,1,1,0.1333,0.1333,450.11,450.11
1209,12,264.83,265.03,21,1,211,0,1,0,0.2,0,300,0,1,0,0.2,0,300,0.23531,0.059692,0.23518,0.06083,0,2,0,0.2,0,600,1,1,0.2,0.2,300,300
1209,12,265.27,265.37,14,1,212,1,0,0.0999,0,600.6,0,1,0,0.0999,0,600.6,0,0.21415,0.057112,0.21415,0.057112,1,1,0.0999,0.0999,600.6,600.6,1,1,0.0999,0.0999,600.6,600.6
1209,12,267.57,267.83,21,1,213,0,1,0,0.2666,0,225.06,0,0,0,0,0,0,0.10885,0.045165,0.1137,0.044577,0,2,0,0.2666,0,450.11,1,1,0.2666,0.2666,225.06,225.06
1209,12,268,268.03,14,1,214,0,1,0,0.0333,0,1801.8,1,0,0.0333,0,1801.8,0,0.12729,0.05984,0.12729,0.05984,1,1,0.0333,0.0333,1801.8,1801.8,1,1,0.0333,0.0333,1801.8,1801.8
1209,12,268.67,268.77,21,1,215,0,1,0,0.0999,0,600.6,0,1,0,0.0999,0,600.6,0.16076,0.066077,0.16076,0.066077,0,2,0,0.0999,0,1201.2,1,1,0.0999,0.0999,600.6,600.6
1209,12,268.77,268.9,14,1,216,1,0,0.1333,0,450.11,0,1,0,0.1333,0,450.11,0,0.12345,0.0525,0.12225,0.052584,1,1,0.1333,0.1333,450.11,450.11,1,1,0.1333,0.1333,450.11,450.11
1209,12,268.9,269.2,21,1,217,0,1,0,0.3,0,200,0,1,0,0.3,0,200,0.24759,0.052386,0.23702,0.05206,0,2,0,0.3,0,400,1,1,0.3,0.3,200,200
1209,12,269.2,269.23,14,1,218,1,0,0.0333,0,1801.8,0,1,0,0.0333,0,1801.8,0,0.21785,0.038922,0.21785,0.038922,1,1,0.0333,0.0333,1801.8,1801.8,1,1,0.0333,0.0333,1801.8,1801.8
1209,12,269.23,270.37,21,1,219,0.61767,0.11768,0.7,0.13337,52.943,52.943,0,0.853,0,0.9667,0,52.943,0.19462,0.051851,0.20899,0.052341,0,1.2059,0,0.68333,0,105.89,0.70593,1,0.80003,1.1333,52.943,52.943
1209,12,270.4,270.43,21,1,220,0,0,0,0,0,0,0,0,0,0,0,0,0.10281,0.046352,0.10281,0.046352,0,1,0,0.0333,0,1801.8,0,1,0,0.0333,0,1801.8
1209,12,270.47,271,21,1,221,0.37502,0,0.2,0,112.51,0,0,0,0,0,0,0,0.22171,0.045869,0.22637,0.046161,0,1,0,0.5333,0,112.51,0,1,0,0.5333,0,112.51
1210,12,41.267,41.9,18,1,1,0.8421,0,0.5333,0,94.742,0,0,0.42102,0,0.13332,0,189.48,0.10727,0.024961,0.11035,0.023376,1,0,0.6333,0,94.742,0,0,1,0,0.6333,0,94.742
1210,12,44.3,44.867,2,1,2,0,0,0,0,0,0,0,1,0,0.5666,0,105.89,0.094189,0.029044,0.093743,0.028486,0,0.058713,0,0.033267,0,105.89,0,1,0,0.5666,0,105.89
1210,12,45.033,45.9,2,1,3,1,0,0.8667,0,69.228,0,0.84612,0.11542,0.73333,0.10003,69.228,69.228,0.13251,0.030537,0.14584,0.029548,0.3846,0.11542,0.33333,0.10003,69.228,69.228,0,1,0,0.8667,0,69.228
1210,12,51.167,51.567,2,1,4,1,0,0.3999,0,150.04,0,0.58331,0.41669,0.23327,0.16663,150.04,150.04,0.10492,0.027179,0.10599,0.02665,1,1,0.3999,0.3999,150.04,150.04,0,1,0,0.3999,0,150.04
1210,12,53.033,53.7,2,1,5,1,0,0.6667,0,89.996,0,0,0.89996,0,0.6,0,89.996,0.21454,0.033761,0.21347,0.034326,1,1,0.6667,0.6667,89.996,89.996,0,1,0,0.6667,0,89.996
1210,12,54,57.967,2,1,6,0.42018,0.56302,1.6667,2.2333,15.126,15.126,0,0.82353,0,1.6333,0,30.253,0.2044,0.031926,0.20731,0.031579,1,1,3.9666,3.9666,15.126,15.126,0,1.1933,0,2.3666,0,30.253
1210,12,58,58.033,11,1,7,1,0,0.0333,0,1801.8,0,0,1,0,0.0333,0,1801.8,0.24172,0.043764,0.24172,0.043764,1,1,0.0333,0.0333,1801.8,1801.8,0,2,0,0.0333,0,3603.6
1210,12,58.9,60.233,11,1,8,0.35001,0.52499,0.46667,0.34998,45.001,90.002,0,1,0,1.3333,0,45.001,0.25681,0.031572,0.25683,0.032267,1,1,1.3333,1.3333,45.001,45.001,0,2,0,1.3333,0,90.002
1210,12,63.167,63.267,10,1,9,0,1,0,0.0999,0,600.6,0,0.66667,0,0.0666,0,600.6,0.092835,0.029354,0.092835,0.029354,0,0,0,0,0,0,0,1,0,0.0999,0,600.6
1210,12,63.3,63.533,10,1,10,0,1,0,0.2333,0,257.18,0,1,0,0.2333,0,257.18,0.10055,0.036456,0.10052,0.036911,0,0.71424,0,0.16663,0,257.18,0,1,0,0.2333,0,257.18
1210,12,71.2,71.333,2,1,11,1,0,0.1333,0,450.11,0,0,0,0,0,0,0,0.098782,0.034769,0.099894,0.034753,0,1,0,0.1333,0,450.11,0,1,0,0.1333,0,450.11
1210,12,72.467,74.4,2,1,12,0,1,0,1.9333,0,31.035,0,1,0,1.9333,0,31.035,0.11394,0.035005,0.11313,0.034845,0,0,0,0,0,0,0,1,0,1.9333,0,31.035
1210,12,75.433,75.533,2,1,13,0,1,0,0.1,0,600,0,1,0,0.1,0,600,0.10157,0.033122,0.10159,0.03301,0,0,0,0,0,0,0,0.99967,0,0.099967,0,600
1210,12,75.767,76.067,2,1,14,0,0,0,0,0,0,0,1,0,0.2999,0,200.07,0.097738,0.036109,0.09744,0.036202,0,0,0,0,0,0,0,1,0,0.2999,0,200.07
1210,12,78.033,78.4,2,1,15,0,1,0,0.3667,0,163.62,0,1,0,0.3667,0,163.62,0.12052,0.039735,0.12129,0.039657,0,0,0,0,0,0,0,1,0,0.3667,0,163.62
1210,12,78.567,78.667,2,1,16,0,1,0,0.0999,0,600.6,0,1,0,0.0999,0,600.6,0.10357,0.0353,0.10357,0.0353,0,0,0,0,0,0,0,1,0,0.0999,0,600.6
1210,12,82,82.6,2,1,17,0,1,0,0.6,0,100,0,0.055556,0,0.033333,0,100,0.091743,0.026984,0.091104,0.027036,0,1.9444,0,0.58333,0,200,0,1,0,0.6,0,100
1210,12,84.333,84.8,7,1,18,0,1,0,0.4667,0,128.56,0,1,0,0.4667,0,128.56,0.11227,0.045881,0.11246,0.045915,0,1.9285,0,0.45002,0,257.12,0,1,0,0.4667,0,128.56
1210,12,85.367,85.4,7,1,19,0,0,0,0,0,0,0,0,0,0,0,0,0,0,0,0,0,2,0,0.0333,0,3603.6,0,1,0,0.0333,0,1801.8
1210,12,86.967,87.133,23,1,20,0,1,0,0.1666,0,360.14,0,1,0,0.1666,0,360.14,0.11291,0.033589,0.11545,0.033562,0,1,0,0.1666,0,360.14,0,1,0,0.1666,0,360.14
1210,12,90.367,91.133,20,1,21,1,0,0.7666,0,78.268,0,0,0.30433,0,0.2333,0,78.268,0.14655,0.042886,0.14554,0.041208,1,1,0.7666,0.7666,78.268,78.268,0,1,0,0.7666,0,78.268
1210,12,95.333,95.7,2,1,22,0,1,0,0.3667,0,163.62,0,1,0,0.3667,0,163.62,0.10976,0.038939,0.11035,0.037523,0,1.0909,0,0.20002,0,327.24,0,1,0,0.3667,0,163.62
1210,12,95.9,96.4,2,1,23,0,0.86667,0,0.21667,0,240,0,0.066667,0,0.033333,0,120,0.10911,0.039372,0.10891,0.038832,0,2,0,0.5,0,240,0,1,0,0.5,0,120
1210,12,97.467,97.633,2,1,24,0,1,0,0.1666,0,360.14,0,1,0,0.1666,0,360.14,0.11131,0.037621,0.11143,0.038002,0,2,0,0.1666,0,720.29,0,1,0,0.1666,0,360.14
1210,12,98.033,98.4,2,1,25,0,0.90901,0,0.33333,0,163.62,0,0.8182,0,0.15002,0,327.24,0.11467,0.037539,0.11522,0.03743,0,2,0,0.3667,0,327.24,0,1,0,0.3667,0,163.62
1210,12,98.433,98.5,2,1,26,0,1,0,0.0667,0,899.55,0,1,0,0.0667,0,899.55,0.10929,0.041832,0.10929,0.041832,0,2,0,0.0667,0,1799.1,0,1,0,0.0667,0,899.55
1210,12,99.667,99.733,20,1,27,0,1,0,0.0666,0,900.9,1,0,0.0666,0,900.9,0,0.13346,0.054616,0.13346,0.054616,1,1,0.0666,0.0666,900.9,900.9,0,1,0,0.0666,0,900.9
1210,12,100.53,100.6,1,1,28,0,0,0,0,0,0,0,0.00049975,0,3.3333e-05,0,899.55,0.071383,0.024988,0.071383,0.024988,0,2,0,0.0667,0,1799.1,0,1,0,0.0667,0,899.55
1210,12,104.4,104.67,20,1,29,0,1,0,0.2666,0,225.06,0.50013,0,0.13333,0,225.06,0,0.17933,0.032038,0.18393,0.030778,1,1,0.2666,0.2666,225.06,225.06,0,1,0,0.2666,0,225.06
1210,12,111.07,111.1,10,1,30,0,1,0,0.0333,0,1801.8,0,1,0,0.0333,0,1801.8,0,0,0,0,0,2,0,0.0333,0,3603.6,0,1,0,0.0333,0,1801.8
1210,12,111.17,111.27,14,1,31,0,1,0,0.0999,0,600.6,0,0,0,0,0,0,0.1571,0.052207,0.1571,0.052207,0,2,0,0.0999,0,1201.2,0,1,0,0.0999,0,600.6
1210,12,111.57,111.6,10,1,32,0,1,0,0.0333,0,1801.8,0,1,0,0.0333,0,1801.8,0,0,0,0,0,2,0,0.0333,0,3603.6,0,1,0,0.0333,0,1801.8
1210,12,111.7,111.73,10,1,33,0,0,0,0,0,0,0,1,0,0.0333,0,1801.8,0.16052,0.036485,0.16052,0.036485,0,2,0,0.0333,0,3603.6,0,1,0,0.0333,0,1801.8
1210,12,113.47,113.5,20,1,34,0,1,0,0.0333,0,1801.8,0,1,0,0.0333,0,1801.8,0,0,0,0,0,2,0,0.0333,0,3603.6,0,1,0,0.0333,0,1801.8
1210,12,115.93,116.93,15,1,35,1,0,1,0,60,0,1,0,1,0,60,0,0.18768,0.039513,0.20914,0.039565,0,2,0,1,0,120,3.3333e-05,0.99997,3.3333e-05,0.99997,60,60
1210,12,118.83,119.03,19,1,36,0,1,0,0.2,0,300,0,0,0,0,0,0,0.14781,0.042575,0.14948,0.042929,1,1,0.2,0.2,300,300,0,1,0,0.2,0,300
1210,12,119.2,119.33,15,1,37,1,0,0.1333,0,450.11,0,0,0,0,0,0,0,0.11875,0.039734,0.11973,0.03976,0,1,0,0.1333,0,450.11,0,1,0,0.1333,0,450.11
1210,12,119.7,125.73,15,1,38,0.14917,0.779,0.9,1.175,9.9448,39.779,0.45856,0.20995,1.3833,0.63333,19.89,19.89,0.29711,0.054378,0.30276,0.054152,0,1.0387,0,3.1333,0,19.89,0,1.1657,0,3.5166,0,19.89
1210,12,126.13,126.17,2,1,39,0,1,0,0.0333,0,1801.8,0,1,0,0.0333,0,1801.8,0.14076,0.052096,0.14076,0.052096,0,1,0,0.0333,0,1801.8,0,2,0,0.0333,0,3603.6
1210,12,126.77,128.33,20,1,40,0,1,0,1.5666,0,38.3,0,1,0,0.7833,0,76.599,0.1568,0.057325,0.15586,0.057957,0,1,0,1.5666,0,38.3,0,2,0,1.5666,0,76.599
1210,12,128.37,128.4,20,1,41,0,1,0,0.0333,0,1801.8,0,1,0,0.0333,0,1801.8,0,0,0,0,0,1,0,0.0333,0,1801.8,0,2,0,0.0333,0,3603.6
1210,12,128.87,128.93,20,1,42,0,1,0,0.0666,0,900.9,0,1,0,0.0666,0,900.9,0.12617,0.064678,0.12617,0.064678,0,1,0,0.0666,0,900.9,0,2,0,0.0666,0,1801.8
1210,12,129.07,129.27,20,1,43,0,1,0,0.1999,0,300.15,0,1,0,0.1999,0,300.15,0.1306,0.053169,0.13085,0.052261,0,1,0,0.1999,0,300.15,0,2,0,0.1999,0,600.3
1210,12,129.63,129.83,15,1,44,0,1,0,0.2,0,300,1,0,0.2,0,300,0,0.15983,0.072307,0.16021,0.073039,0,1,0,0.2,0,300,1,1,0.2,0.2,300,300
1210,12,130.07,130.27,15,1,45,0,1,0,0.1999,0,300.15,0.16658,0,0.0333,0,300.15,0,0.15894,0.065037,0.1613,0.065065,0,1,0,0.1999,0,300.15,1,1,0.1999,0.1999,300.15,300.15
1210,12,130.33,130.37,15,1,46,0,1,0,0.0333,0,1801.8,0,0,0,0,0,0,0.14357,0.060311,0.14357,0.060311,0,1,0,0.0333,0,1801.8,1,1,0.0333,0.0333,1801.8,1801.8
1210,12,131.47,132.03,15,1,47,0,1,0,0.5666,0,105.89,0,0,0,0,0,0,0.13538,0.046175,0.13305,0.045616,0,1,0,0.5666,0,105.89,1,1,0.5666,0.5666,105.89,105.89
1210,12,132.47,132.5,18,1,48,0,1,0,0.0333,0,1801.8,0,0,0,0,0,0,0,0,0,0,0,0,0,0,0,0,1,1,0.0333,0.0333,1801.8,1801.8
1210,12,132.63,134.23,15,1,49,1,0,1.6,0,37.5,0,0.39581,0,0.6333,0,37.5,0,0.20125,0.026486,0.19503,0.030524,0.33331,0.58331,0.5333,0.9333,37.5,37.5,1,1,1.6,1.6,37.5,37.5
1210,12,159.27,159.43,2,1,50,0,0,0,0,0,0,0,0,0,0,0,0,0.14712,0.052209,0.1557,0.056276,0,0,0,0,0,0,0,1,0,0.1666,0,360.14
1210,12,159.47,160.63,18,1,51,0,0.48571,0,0.56663,0,51.432,0,0,0,0,0,0,0.16525,0.083995,0.1738,0.086743,0,0.028544,0,0.0333,0,51.432,0,1,0,1.1666,0,51.432
1210,12,164.43,164.83,3,1,52,0,1,0,0.4,0,150,0,0.83333,0,0.16667,0,300,0.052449,0.019269,0.051781,0.019269,0,2,0,0.4,0,300,0,1,0,0.4,0,150
1210,12,164.93,164.97,23,1,53,0,1,0,0.0333,0,1801.8,0,0,0,0,0,0,0.12746,0.040133,0.12746,0.040133,0,2,0,0.0333,0,3603.6,0,1,0,0.0333,0,1801.8
1210,12,166.03,166.3,2,1,54,0,0.12511,0,0.033367,0,224.97,0,0.12498,0,0.033333,0,224.97,0.084681,0.034003,0.08478,0.03393,0,0.75016,0,0.10003,0,449.94,0,2,0,0.2667,0,449.94
1210,12,166.37,166.5,2,1,55,0,0,0,0,0,0,0,1,0,0.1333,0,450.11,0.093632,0.039339,0.093958,0.039536,0,0,0,0,0,0,0,2,0,0.1333,0,900.23
1210,12,166.9,166.93,11,1,56,0,0,0,0,0,0,0,1,0,0.0333,0,1801.8,0.11005,0.038798,0.11005,0.038798,0,0,0,0,0,0,0,1,0,0.0333,0,1801.8
1210,12,167.47,167.6,2,1,57,0,0,0,0,0,0,0,1,0,0.1333,0,450.11,0.079242,0.042639,0.079753,0.042847,0,0,0,0,0,0,0,2,0,0.1333,0,900.23
1210,12,167.63,167.7,2,1,58,0,0,0,0,0,0,0,1,0,0.0667,0,899.55,0.069245,0.032807,0.069245,0.032807,0,0,0,0,0,0,0,2,0,0.0667,0,1799.1
1210,12,167.73,167.8,2,1,59,0,0,0,0,0,0,0,1,0,0.0667,0,899.55,0.063799,0.028014,0.063799,0.028014,0,0,0,0,0,0,0,2,0,0.0667,0,1799.1
1210,12,168.37,168.43,2,1,60,0,0,0,0,0,0,0,1,0,0.0666,0,900.9,0.082266,0.039355,0.082266,0.039355,0,0,0,0,0,0,0,2,0,0.0666,0,1801.8
1210,12,169.17,169.27,2,1,61,0,0,0,0,0,0,0,1,0,0.0999,0,600.6,0.11609,0.051537,0.11609,0.051537,0,0,0,0,0,0,0,2,0,0.0999,0,1201.2
1210,12,171.67,172,20,1,62,0,1,0,0.3333,0,180.02,0,1,0,0.3333,0,180.02,0.070674,0.022513,0.070801,0.022705,0,1,0,0.3333,0,180.02,0,1,0,0.3333,0,180.02
1210,12,172.1,172.13,20,1,63,0,1,0,0.0333,0,1801.8,0,1,0,0.0333,0,1801.8,0.068359,0.020382,0.068359,0.020382,0,1,0,0.0333,0,1801.8,0,1,0,0.0333,0,1801.8
1210,12,742.4,742.5,20,2,64,0,1,0,0.1,0,600,0,1,0,0.1,0,600,0.099872,0.040103,0.10119,0.04015,0,1,0,0.1,0,600,0,1,0,0.1,0,600
1210,12,742.53,742.83,20,2,65,0,1,0,0.3,0,200,0,0,0,0,0,0,0.097068,0.040942,0.099658,0.040619,0,1,0,0.3,0,200,0,1,0,0.3,0,200
1210,12,743,743.27,20,2,66,0,1,0,0.2666,0,225.06,0,0,0,0,0,0,0.099984,0.041608,0.10052,0.04149,0,2,0,0.2666,0,450.11,0,1,0,0.2666,0,225.06
1210,12,743.57,744.1,20,2,67,0,1,0,0.5333,0,112.51,0,1,0,0.5333,0,112.51,0.10521,0.043352,0.10573,0.043138,0,2,0,0.5333,0,225.01,0,1,0,0.5333,0,112.51
1210,12,744.57,744.77,9,2,68,1,0,0.1999,0,300.15,0,1,0,0.1999,0,300.15,0,0.11348,0.042501,0.11385,0.042099,1,1,0.1999,0.1999,300.15,300.15,0,1,0,0.1999,0,300.15
1210,12,750.1,750.17,9,2,69,1,0,0.0666,0,900.9,0,0,1,0,0.0666,0,900.9,0.18638,0.034016,0.18638,0.034016,1,0,0.0666,0,900.9,0,0,1,0,0.0666,0,900.9
1210,12,751.1,751.43,9,2,70,1,0,0.3333,0,180.02,0,0,1,0,0.3333,0,180.02,0.13251,0.039439,0.13313,0.039032,1,0,0.3333,0,180.02,0,0,1,0,0.3333,0,180.02
1210,12,751.93,751.97,11,2,71,0,1,0,0.0333,0,1801.8,0,1,0,0.0333,0,1801.8,0.11566,0.059554,0.11566,0.059554,0,1,0,0.0333,0,1801.8,0,1,0,0.0333,0,1801.8
1210,12,753.7,753.73,18,2,72,0,1,0,0.0333,0,1801.8,0,1,0,0.0333,0,1801.8,0.069867,0.026968,0.069867,0.026968,0,1,0,0.0333,0,1801.8,0,1,0,0.0333,0,1801.8
1210,12,753.8,753.83,18,2,73,0,1,0,0.0333,0,1801.8,0,1,0,0.0333,0,1801.8,0.074001,0.027317,0.074001,0.027317,0,1,0,0.0333,0,1801.8,0,1,0,0.0333,0,1801.8
1210,12,757.9,758,16,2,74,0,1,0,0.1,0,600,0,1,0,0.1,0,600,0.12945,0.063123,0.13027,0.06296,0,1,0,0.1,0,600,0,1,0,0.1,0,600
1210,12,758.3,758.67,16,2,75,0,1,0,0.3666,0,163.67,0,0.90907,0,0.16663,0,327.33,0.14453,0.075926,0.14532,0.07737,0,1,0,0.3666,0,163.67,0,1,0,0.3666,0,163.67
1210,12,759.13,759.33,1,2,76,0,1,0,0.2,0,300,0,1,0,0.2,0,300,0.13458,0.047935,0.13535,0.048306,0,1,0,0.2,0,300,0,1,0,0.2,0,300
1210,12,759.63,759.73,1,2,77,0,0,0,0,0,0,0,0,0,0,0,0,0.10241,0.038618,0.10287,0.039281,0,1,0,0.1,0,600,0,1,0,0.1,0,600
1210,12,770.33,770.5,5,2,78,0,1,0,0.1667,0,359.93,0,1,0,0.1667,0,359.93,0.065992,0.026026,0.066465,0.026034,1,0,0.1667,0,359.93,0,0,0.9998,0,0.16667,0,359.93
1210,12,773.53,773.57,5,2,79,0,1,0,0.0333,0,1801.8,0,0,0,0,0,0,0.070967,0.021257,0.070967,0.021257,1,0,0.0333,0,1801.8,0,0,1,0,0.0333,0,1801.8
1210,12,774.17,775.9,5,2,80,0.86538,0.038462,1.5,0.066667,34.616,34.616,0,0,0,0,0,0,0.11347,0.022945,0.11111,0.02312,2,0,1.7333,0,69.232,0,0,1,0,1.7333,0,34.616
1210,12,785.6,785.7,5,2,81,1,0,0.1,0,600,0,1,0,0.1,0,600,0,0.069065,0.024089,0.068324,0.024103,1,0,0.1,0,600,0,0,1,0,0.1,0,600
1210,12,786.4,786.63,5,2,82,1,0,0.2333,0,257.18,0,0,0,0,0,0,0,0.10468,0.024121,0.1,0.023978,1,0,0.2333,0,257.18,0,0,1,0,0.2333,0,257.18
1210,12,795.07,795.27,5,2,83,0.66667,0,0.13327,0,300.15,0,0,0,0,0,0,0,0.1007,0.022005,0.092402,0.021407,1,0,0.1999,0,300.15,0,0,2,0,0.1999,0,600.3
1210,12,795.8,795.9,5,2,84,1,0,0.1,0,600,0,0,0,0,0,0,0,0.069644,0.02245,0.068665,0.022539,1,0,0.1,0,600,0,0,2,0,0.1,0,1200
1210,12,798.03,799.33,5,2,85,0,0,0,0,0,0,0.61541,0,0.80003,0,46.154,0,0.088479,0.022943,0.088298,0.020732,1,0,1.3,0,46.154,0,0.64103,1,0.83333,1.3,46.154,46.154
1210,12,802.2,802.23,5,2,86,1,0,0.0333,0,1801.8,0,0,1,0,0.0333,0,1801.8,0.076084,0.026517,0.076084,0.026517,1,0,0.0333,0,1801.8,0,0,1,0,0.0333,0,1801.8
1210,12,802.57,802.63,11,2,87,0,1,0,0.0666,0,900.9,0,1,0,0.0666,0,900.9,0.098473,0.030644,0.098473,0.030644,0,1,0,0.0666,0,900.9,0,1,0,0.0666,0,900.9
1210,12,803.83,803.9,5,2,88,1,0,0.0667,0,899.55,0,0,0,0,0,0,0,0.10985,0.031768,0.10985,0.031768,1,0,0.0667,0,899.55,0,0,1,0,0.0667,0,899.55
1210,12,818.17,818.2,20,2,89,0,0,0,0,0,0,0,1,0,0.0333,0,1801.8,0,0,0,0,0,2,0,0.0333,0,3603.6,0,1,0,0.0333,0,1801.8
1210,12,826.53,827.67,22,2,90,0,0,0,0,0,0,0,0.17642,0,0.19993,0,52.943,0.1485,0.021462,0.12392,0.021571,0,1,0,1.1333,0,52.943,0,1,0,1.1333,0,52.943
1210,12,837.33,840.03,5,2,91,0.79012,0.086407,2.1333,0.2333,22.222,22.222,0.56789,0.37038,1.5333,1,22.222,22.222,0.11074,0.023925,0.11322,0.023451,1.9506,0,2.6333,0,44.444,0,0,1,0,2.7,0,22.222
1210,12,841.77,842.13,22,2,92,0,0,0,0,0,0,0,0,0,0,0,0,0.14243,0.019788,0.15815,0.020801,0,1.0908,0,0.19995,0,327.33,0,1,0,0.3666,0,163.67
1210,12,862.3,862.43,15,2,93,1,0,0.1333,0,450.11,0,1,0,0.1333,0,450.11,0,0.15967,0.050306,0.16101,0.049387,0,0,0,0,0,0,0,1,0,0.1333,0,450.11
1210,12,862.83,862.87,15,2,94,0,0.999,0,0.033267,0,1801.8,1,0,0.0333,0,1801.8,0,0.11264,0.044034,0.11264,0.044034,0,0,0,0,0,0,0,1,0,0.0333,0,1801.8
1210,12,876.97,877,15,2,95,1,0,0.0333,0,1801.8,0,0,1,0,0.0333,0,1801.8,0,0,0,0,0,1,0,0.0333,0,1801.8,0,0,0,0,0,0
1210,12,877.07,877.33,15,2,96,1,0,0.2666,0,225.06,0,0,0.87497,0,0.11663,0,450.11,0.12833,0.057103,0.13338,0.048018,0.24994,1,0.066633,0.2666,225.06,225.06,0,0,0,0,0,0
1210,12,878.1,878.8,23,2,97,0.47619,0.47619,0.33333,0.33333,85.714,85.714,0.19048,0.57143,0.13333,0.4,85.714,85.714,0.11596,0.031139,0.1109,0.031112,0,2,0,0.7,0,171.43,0,0,0,0,0,0
1210,12,879.2,883.4,23,2,98,0,1,0,1.4,0,42.857,0,0.94444,0,1.9833,0,28.571,0.159,0.038551,0.12899,0.035829,0,1.5635,0,1.3133,0,71.429,0,0,0,0,0,0
1210,12,890.17,890.3,23,2,99,0,1,0,0.1333,0,450.11,0,1,0,0.1333,0,450.11,0.097667,0.030752,0.098255,0.030073,0,1,0,0.1333,0,450.11,0,0,0,0,0,0
1210,12,890.33,890.37,23,2,100,0,1,0,0.0333,0,1801.8,0,1,0,0.0333,0,1801.8,0.088525,0.032425,0.088525,0.032425,0,1,0,0.0333,0,1801.8,0,0,0,0,0,0
1210,12,890.87,891.2,14,2,101,0.59996,0,0.19997,0,180.02,0,0,0.80008,0,0.26667,0,180.02,0.15131,0.042727,0.15074,0.04311,1,0,0.3333,0,180.02,0,0,1,0,0.3333,0,180.02
1210,12,891.23,891.8,23,2,102,0,0.70584,0,0.4,0,105.88,0,0.52938,0,0.3,0,105.88,0.17,0.039817,0.16829,0.039611,0,1.9411,0,0.55002,0,211.75,0,1,0,0.5667,0,105.88
1210,12,892.8,893.07,14,2,103,0,1,0,0.2666,0,225.06,1,0,0.2666,0,225.06,0,0.19382,0.045029,0.19527,0.045035,1,1,0.2666,0.2666,225.06,225.06,0,1,0,0.2666,0,225.06
1210,12,893.1,893.33,23,2,104,0,1,0,0.2333,0,257.18,0,1,0,0.2333,0,257.18,0.14803,0.040685,0.1475,0.040433,0,2,0,0.2333,0,514.36,0,1,0,0.2333,0,257.18
1210,12,893.37,893.43,23,2,105,0,1,0,0.0333,0,1801.8,0,1,0,0.0666,0,900.9,0.146,0.045491,0.146,0.045491,0,2,0,0.0666,0,1801.8,0,1,0,0.0666,0,900.9
1210,12,893.47,894.1,23,2,106,0,1,0,0.6333,0,94.742,0,1,0,0.6333,0,94.742,0.15405,0.042227,0.15467,0.04245,0,2,0,0.6333,0,189.48,0,1,0,0.6333,0,94.742
1210,12,894.2,894.27,14,2,107,1,0,0.0666,0,900.9,0,1,0,0.0666,0,900.9,0,0.17498,0.046671,0.17498,0.046671,1,1,0.0666,0.0666,900.9,900.9,0,1,0,0.0666,0,900.9
1210,12,894.47,894.87,23,2,108,0,1,0,0.3999,0,150.04,0,1,0,0.3999,0,150.04,0.16793,0.049719,0.16816,0.049048,0,2,0,0.3999,0,300.08,0,1,0,0.3999,0,150.04
1210,12,894.97,896.77,14,2,109,1,0,1.7999,0,33.335,0,0.53705,0.46295,0.96663,0.83327,33.335,33.335,0.2822,0.050065,0.28583,0.050232,1,1,1.7999,1.7999,33.335,33.335,0,1,0,1.7999,0,33.335
1210,12,897,897.27,23,2,110,0,1,0,0.2666,0,225.06,0,1,0,0.2666,0,225.06,0.15812,0.04655,0.15727,0.046762,0,2,0,0.2666,0,450.11,0,1,0,0.2666,0,225.06
1210,12,897.53,901,14,2,111,1,0,3.4667,0,17.308,0,0.98076,0.0096249,3.4,0.033367,17.308,17.308,0.26841,0.043,0.28178,0.039997,1,1,3.4667,3.4667,17.308,17.308,0,1,0,3.4667,0,17.308
1210,12,901.33,901.63,14,2,112,1,0,0.3,0,200,0,1,0,0.3,0,200,0,0.2298,0.048703,0.22978,0.048663,1,1,0.3,0.3,200,200,0,1,0,0.3,0,200
1210,12,901.7,902.57,14,2,113,1,0,0.8666,0,69.236,0,1,0,0.8666,0,69.236,0,0.2236,0.046785,0.23718,0.046381,1,1,0.8666,0.8666,69.236,69.236,0,1,0,0.8666,0,69.236
1210,12,903.5,904.57,14,2,114,1,0,1.0666,0,56.254,0,0.43746,0.40628,0.2333,0.43333,112.51,56.254,0.26077,0.042896,0.28906,0.042107,1,1,1.0666,1.0666,56.254,56.254,0,1,0,1.0666,0,56.254
1210,12,904.73,905.07,14,2,115,1,0,0.3333,0,180.02,0,1,0,0.3333,0,180.02,0,0.18718,0.040946,0.19159,0.040858,1,1,0.3333,0.3333,180.02,180.02,0,1,0,0.3333,0,180.02
1210,12,905.13,905.33,23,2,116,0,1,0,0.2,0,300,0,1,0,0.2,0,300,0.14043,0.037413,0.14052,0.037173,0,2,0,0.2,0,600,0,1,0,0.2,0,300
1210,12,905.47,906.43,14,2,117,1,0,0.9666,0,62.073,0,1,0,0.9666,0,62.073,0,0.24599,0.040231,0.25618,0.039391,1,1,0.9666,0.9666,62.073,62.073,0,1,0,0.9666,0,62.073
1210,12,906.8,907.13,23,2,118,0,1,0,0.3333,0,180.02,0,1,0,0.3333,0,180.02,0.16252,0.048936,0.16213,0.048835,0,2,0,0.3333,0,360.04,0,1,0,0.3333,0,180.02
1210,12,907.23,909,14,2,119,0.71699,0.24528,1.2667,0.43333,33.962,33.962,0.66038,0.33962,1.1667,0.6,33.962,33.962,0.25283,0.043575,0.26297,0.043292,1,1,1.7667,1.7667,33.962,33.962,0,1,0,1.7667,0,33.962
1210,12,909.07,909.1,14,2,120,0,1,0,0.0333,0,1801.8,0,1,0,0.0333,0,1801.8,0,0,0,0,1,1,0.0333,0.0333,1801.8,1801.8,0,1,0,0.0333,0,1801.8
1210,12,909.1,909.33,23,2,121,0,1,0,0.2333,0,257.18,0,1,0,0.2333,0,257.18,0.12877,0.032971,0.11953,0.03236,0,2,0,0.2333,0,514.36,0,1,0,0.2333,0,257.18
1210,12,909.43,909.83,23,2,122,0,1,0,0.4,0,150,0,8.3333e-05,0,3.3333e-05,0,150,0.12168,0.033148,0.12331,0.03332,0,2,0,0.4,0,300,0,1,0,0.4,0,150
1210,12,909.97,910.5,23,2,123,0,1,0,0.5333,0,112.51,0,1,0,0.5333,0,112.51,0.13194,0.038221,0.13373,0.038554,0,2,0,0.5333,0,225.01,0,1,0,0.5333,0,112.51
1210,12,911.4,912.03,14,2,124,1,0,0.6333,0,94.742,0,0.8421,0.052634,0.5333,0.033333,94.742,94.742,0.29193,0.042724,0.29284,0.042505,1,1,0.6333,0.6333,94.742,94.742,0,1,0,0.6333,0,94.742
1210,12,912.6,912.93,14,2,125,1,0,0.3333,0,180.02,0,1,0,0.3333,0,180.02,0,0.27378,0.045646,0.28215,0.044902,1,1,0.3333,0.3333,180.02,180.02,0,1,0,0.3333,0,180.02
1210,12,913.13,914.5,14,2,126,1,0,1.3667,0,43.901,0,1,0,1.3667,0,43.901,0,0.21472,0.041146,0.20795,0.041717,1,1,1.3667,1.3667,43.901,43.901,0,1,0,1.3667,0,43.901
1210,12,914.67,914.77,14,2,127,1,0,0.0999,0,600.6,0,1,0,0.0999,0,600.6,0,0.27189,0.044603,0.27189,0.044603,1,1,0.0999,0.0999,600.6,600.6,0,1,0,0.0999,0,600.6
1210,12,914.77,914.9,23,2,128,0,1,0,0.1333,0,450.11,0,1,0,0.1333,0,450.11,0.1052,0.029344,0.10148,0.028939,0,2,0,0.1333,0,900.23,0,1,0,0.1333,0,450.11
1210,12,914.93,918.03,23,2,129,0,1,0,1.55,0,38.71,0,0.86022,0,0.88889,0,58.065,0.11019,0.02913,0.10969,0.029144,0,2,0,3.1,0,38.71,0,1,0,3.1,0,19.355
1210,12,918.1,918.33,23,2,130,0,1,0,0.2333,0,257.18,0,0.71424,0,0.083317,0,514.36,0.12692,0.03724,0.12891,0.037241,0,2,0,0.2333,0,514.36,0,1,0,0.2333,0,257.18
1210,12,918.47,918.9,23,2,131,0,1,0,0.4333,0,138.47,0,1,0,0.4333,0,138.47,0.14684,0.034656,0.14848,0.034753,0,2,0,0.4333,0,276.94,0,1,0,0.4333,0,138.47
1210,12,919.37,922.2,23,2,132,0,0.88235,0,1.25,0,42.353,0,1,0,2.8333,0,21.177,0.2357,0.048363,0.23968,0.043895,0,1.047,0,0.98887,0,63.53,0,0.47058,0,0.66665,0,42.353
1210,12,932.1,932.83,23,2,133,0.3182,0,0.23333,0,81.822,0,0,0.72726,0,0.17777,0,245.47,0.14991,0.032684,0.14571,0.032001,0,1,0,0.7333,0,81.822,0,0,0,0,0,0
1210,12,933.13,933.4,9,2,134,0.75003,0,0.20003,0,224.97,0,0,1,0,0.2667,0,224.97,0.18097,0.048442,0.17947,0.048121,1,0,0.2667,0,224.97,0,0,0,0,0,0,0
1210,12,933.43,934.8,23,2,135,0.65852,0.048779,0.9,0.066667,43.901,43.901,0,0.92683,0,0.63335,0,87.803,0.19497,0.040948,0.18776,0.039854,0,1,0,1.3667,0,43.901,0,0,0,0,0,0
1210,12,934.83,935.43,23,2,136,0,0.88889,0,0.26667,0,200,0,0.88889,0,0.26667,0,200,0.16853,0.047003,0.16572,0.046663,0,0.72228,0,0.43337,0,100,0,0,0,0,0,0
1210,12,937.47,938.07,16,2,137,1,0,0.5999,0,100.02,0,1,0,0.5999,0,100.02,0,0.12703,0.038634,0.12621,0.038462,0,0,0,0,0,0,0,0,0,0,0,0
1210,12,938.2,938.43,16,2,138,1,0,0.2333,0,257.18,0,0.28576,0.57137,0.066667,0.1333,257.18,257.18,0.1134,0.042445,0.1156,0.0425,0,0,0,0,0,0,0,0,0,0,0,0
1210,12,939.17,939.23,1,2,139,0,0,0,0,0,0,1,0,0.0666,0,900.9,0,0.087767,0.038846,0.087767,0.038846,0,0,0,0,0,0,0,0,0,0,0,0
1210,12,939.27,939.47,23,2,140,0,0,0,0,0,0,0,1,0,0.1999,0,300.15,0.13495,0.040904,0.13749,0.041124,0,0,0,0,0,0,0,0,0,0,0,0
1210,12,939.9,940.5,15,2,141,1,0,0.6,0,100,0,0,0.44444,0,0.13333,0,200,0.13785,0.0487,0.13345,0.049071,0,0,0,0,0,0,0,0,0,0,0,0
1210,12,940.57,940.83,15,2,142,0.62503,0,0.16663,0,225.06,0,0,0.62503,0,0.16663,0,225.06,0.11464,0.042999,0.11566,0.042788,0,0,0,0,0,0,0,0,0,0,0,0
1210,12,940.9,941.3,23,2,143,0,2.8422e-13,0,1.1369e-13,0,150,0,0.25,0,0.1,0,150,0.12653,0.032811,0.1284,0.031597,0,0,0,0,0,0,0,0,0,0,0,0
1210,12,942.5,943.1,23,2,144,0,1,0,0.6,0,100,0,1,0,0.6,0,100,0.088969,0.030177,0.090168,0.029555,0,0,0,0,0,0,0,0,0,0,0,0
1210,12,943.13,943.2,23,2,145,0,1,0,0.0667,0,899.55,0,1,0,0.0667,0,899.55,0.087565,0.032788,0.087565,0.032788,0,0,0,0,0,0,0,0,0,0,0,0
1210,12,944.33,944.87,7,2,146,0.31258,0,0.1667,0,112.51,0,0,1,0,0.5333,0,112.51,0.236,0.054828,0.24813,0.045849,0,0,0,0,0,0,1,0,0.5333,0,112.51,0
1210,12,944.93,945.07,1,2,147,1,0,0.1333,0,450.11,0,1,0,0.1333,0,450.11,0,0.27222,0.096674,0.27087,0.096964,0,0,0,0,0,0,0,1,0,0.1333,0,450.11
1210,12,945.1,945.53,7,2,148,0,1,0,0.4333,0,138.47,0,1,0,0.4333,0,138.47,0.27294,0.088347,0.27425,0.081584,0,0,0,0,0,0,1,0,0.4333,0,138.47,0
1210,12,945.63,946.43,1,2,149,1,0,0.8,0,75,0,1,0,0.8,0,75,0,0.26792,0.056196,0.26436,0.056227,0,0,0,0,0,0,0,1,0,0.8,0,75
1210,12,946.57,946.87,1,2,150,1,0,0.2999,0,200.07,0,1,0,0.2999,0,200.07,0,0.26241,0.062106,0.26227,0.062066,0,0,0,0,0,0,0,1,0,0.2999,0,200.07
1210,12,947.7,947.77,21,2,151,0,1,0,0.0666,0,900.9,0,1,0,0.0666,0,900.9,0.22698,0.058866,0.22698,0.058866,0,0,0,0,0,0,0,1,0,0.0666,0,900.9
1210,12,947.8,948.1,23,2,152,0,1,0,0.3,0,200,0,1,0,0.3,0,200,0.1061,0.035422,0.10143,0.034552,0,0,0,0,0,0,0,1,0,0.3,0,200
1210,12,948.47,948.57,1,2,153,1,0,0.0999,0,600.6,0,0,0.33333,0,0.0333,0,600.6,0.1333,0.036329,0.1333,0.036329,0,0,0,0,0,0,0,1,0,0.0999,0,600.6
1210,12,948.7,948.87,1,2,154,1,0,0.1666,0,360.14,0,0,1,0,0.1666,0,360.14,0.14626,0.035535,0.14625,0.035419,0,0,0,0,0,0,0,1,0,0.1666,0,360.14
1210,12,949.1,949.27,23,2,155,0.79992,0,0.13327,0,360.14,0,0,1,0,0.1666,0,360.14,0.10941,0.043869,0.10955,0.044212,0,0,0,0,0,0,0,0,0,0,0,0
1210,12,949.83,951,15,2,156,0.88572,0.057141,1.0334,0.066667,51.427,51.427,0.91426,0,1.0667,0,51.427,0,0.20001,0.060374,0.19377,0.058177,0,0,0,0,0,0,1,0,1.1667,0,51.427,0
1210,12,951.13,951.17,15,2,157,0,1,0,0.0333,0,1801.8,1,0,0.0333,0,1801.8,0,0.21286,0.057055,0.21286,0.057055,0,0,0,0,0,0,1,0,0.0333,0,1801.8,0
1211,12,30.967,31,10,1,1,0,1,0,0.0333,0,1801.8,0,1,0,0.0333,0,1801.8,0,0,0,0,0,1,0,0.0333,0,1801.8,0,1,0,0.0333,0,1801.8
1211,12,34.167,35.433,10,1,2,0,0.89478,0,1.1333,0,47.371,0,0.68422,0,0.43332,0,94.742,0.10515,0.03895,0.10581,0.04145,0,0.078925,0,0.099967,0,47.371,0,2,0,1.2666,0,94.742
1211,12,35.967,36.1,21,1,3,0,1,0,0.1333,0,450.11,0,0,0,0,0,0,0.10327,0.038518,0.10311,0.038173,0,0,0,0,0,0,0,2,0,0.1333,0,900.23
1211,12,36.5,36.567,10,1,4,0,1,0,0.0666,0,900.9,0,0,0,0,0,0,0.12167,0.042669,0.12167,0.042669,0,0,0,0,0,0,0,2,0,0.0666,0,1801.8
1211,12,37.667,37.767,21,1,5,0,1,0,0.0999,0,600.6,0,1,0,0.0999,0,600.6,0.12604,0.048224,0.12604,0.048224,0,0.66667,0,0.0666,0,600.6,0,1,0,0.0999,0,600.6
1211,12,38.267,38.433,21,1,6,0,0,0,0,0,0,0,1,0,0.1666,0,360.14,0.10935,0.040371,0.10991,0.040125,0,1,0,0.1666,0,360.14,0,1,0,0.1666,0,360.14
1211,12,38.567,38.6,21,1,7,0,0,0,0,0,0,0,1,0,0.0333,0,1801.8,0,0,0,0,0,1,0,0.0333,0,1801.8,0,1,0,0.0333,0,1801.8
1211,12,46.8,46.967,4,1,8,0,1,0,0.1666,0,360.14,0,1,0,0.1666,0,360.14,0.11084,0.058248,0.11064,0.059363,0,0.40016,0,0.066667,0,360.14,0,1,0,0.1666,0,360.14
1211,12,66.067,66.1,10,1,9,1,0,0.0333,0,1801.8,0,0,0,0,0,0,0,0,0,0,0,0,0,0,0,0,0,0,1,0,0.0333,0,1801.8
1211,12,80.667,80.7,10,1,10,1,0,0.0333,0,1801.8,0,0,0,0,0,0,0,0,0,0,0,0,2,0,0.0333,0,3603.6,0,1,0,0.0333,0,1801.8
1211,12,83.3,83.433,10,1,11,0,1,0,0.1333,0,450.11,0,0.50013,0,0.066667,0,450.11,0.093142,0.035027,0.092274,0.035314,0,0,0,0,0,0,0,1,0,0.1333,0,450.11
1211,12,83.567,83.633,10,1,12,0,0,0,0,0,0,0,0,0,0,0,0,0.085286,0.036098,0.085286,0.036098,0,0,0,0,0,0,0,1,0,0.0666,0,900.9
1211,12,92.033,92.233,10,1,13,0,0,0,0,0,0,0,1,0,0.2,0,300,0.10687,0.040318,0.10842,0.041174,0,0,0,0,0,0,0,1,0,0.2,0,300
1211,12,98,98.233,10,1,14,0,0,0,0,0,0,0,0.71424,0,0.083317,0,514.36,0.10028,0.034436,0.10159,0.034632,0,1,0,0.2333,0,257.18,0,1,0,0.2333,0,257.18
1211,12,98.633,99.4,10,1,15,0,0.47824,0,0.36667,0,78.257,0,0.86957,0,0.33335,0,156.51,0.10049,0.031469,0.099831,0.032108,0,0.56524,0,0.43337,0,78.257,0,1,0,0.7667,0,78.257
1211,12,99.467,99.567,10,1,16,0,0.667,0,0.066633,0,600.6,0,1,0,0.0999,0,600.6,0.086217,0.029139,0.086217,0.029139,0,0,0,0,0,0,0,1,0,0.0999,0,600.6
1211,12,99.667,100.53,10,1,17,0,1,0,0.8666,0,69.236,0,0.84614,0,0.24442,0,207.71,0.095916,0.02999,0.096478,0.030059,0,0,0,0,0,0,0,1.577,0,0.6833,0,138.47
1211,12,100.83,100.87,5,1,18,0,1,0,0.0333,0,1801.8,0,1,0,0.0333,0,1801.8,0.11977,0.042791,0.11977,0.042791,0,0,0,0,0,0,0,1,0,0.0333,0,1801.8
1211,12,101.03,101.17,10,1,19,0,0,0,0,0,0,0,1,0,0.1333,0,450.11,0.096119,0.03616,0.096178,0.035926,0,0,0,0,0,0,0,2,0,0.1333,0,900.23
1211,12,102.4,102.43,10,1,20,0,0,0,0,0,0,0,1,0,0.0333,0,1801.8,0.086022,0.029046,0.086022,0.029046,0,0,0,0,0,0,0,1,0,0.0333,0,1801.8
1211,12,103.23,103.93,10,1,21,0,0.80957,0,0.5667,0,85.714,0,0.42852,0,0.29997,0,85.714,0.098129,0.030309,0.09834,0.030154,0,0,0,0,0,0,0,1,0,0.7,0,85.714
1211,12,105.17,105.3,10,1,22,0,1,0,0.1333,0,450.11,0,0,0,0,0,0,0.091594,0.031362,0.091569,0.031236,0,0,0,0,0,0,0,1,0,0.1333,0,450.11
1211,12,105.63,105.9,10,1,23,0,0.75003,0,0.10002,0,449.94,0,0,0,0,0,0,0.099447,0.032866,0.10143,0.033201,0,0,0,0,0,0,0,1,0,0.2667,0,224.97
1211,12,108.5,108.6,21,1,24,0,1,0,0.1,0,600,0,0,0,0,0,0,0.092605,0.031524,0.091872,0.031132,0,0,0,0,0,0,0,1,0,0.1,0,600
1211,12,108.8,108.9,21,1,25,0,1,0,0.1,0,600,0,0,0,0,0,0,0.085078,0.03206,0.084902,0.031876,0,0,0,0,0,0,0,1,0,0.1,0,600
1211,12,109.3,109.5,21,1,26,0,1,0,0.2,0,300,0,0,0,0,0,300,0.11134,0.036978,0.11326,0.037214,0,0,0,0,0,0,0,1,0,0.2,0,300
1211,12,109.6,110.8,15,1,27,0,1,0,1.2,0,50,0,1,0,1.2,0,50,0.12353,0.038016,0.12594,0.038324,0,0.63889,0,0.76667,0,50,0,1.1667,0,0.7,0,100
1211,12,111.03,112.2,1,1,28,1,0,1.1667,0,51.427,0,1,0,1.1667,0,51.427,0,0.26773,0.030564,0.30469,0.032287,1.3714,0,0.80002,0,102.85,0,0,1,0,1.1667,0,51.427
1211,12,112.27,112.3,21,1,29,0,1,0,0.0333,0,1801.8,0,1,0,0.0333,0,1801.8,0,0,0,0,0,2,0,0.0333,0,3603.6,0,1,0,0.0333,0,1801.8
1211,12,112.3,112.67,1,1,30,1,0,0.3666,0,163.67,0,1,0,0.3666,0,163.67,0,0.28736,0.029269,0.26855,0.029379,2,0,0.3666,0,327.33,0,0,1,0,0.3666,0,163.67
1211,12,112.77,112.9,21,1,31,0,1,0,0.1333,0,450.11,0,1,0,0.1333,0,450.11,0.25765,0.044856,0.25789,0.044636,0,2,0,0.1333,0,900.23,0,1,0,0.1333,0,450.11
1211,12,112.93,114.1,1,1,32,0.88572,0,1.0334,0,51.427,0,1,0,1.1667,0,51.427,0,0.40607,0.029705,0.43625,0.029108,1.8286,0,0.71113,0,154.28,0,0,1,0,1.1667,0,51.427
1211,12,114.17,114.2,21,1,33,0,0,0,0,0,0,0,1,0,0.0333,0,1801.8,0,0,0,0,0,2,0,0.0333,0,3603.6,0,1,0,0.0333,0,1801.8
1211,12,114.6,115.23,10,1,34,0,0.8421,0,0.26665,0,189.48,0,1,0,0.6333,0,94.742,0.097016,0.034137,0.10072,0.036177,0,2,0,0.6333,0,189.48,0,1,0,0.6333,0,94.742
1211,12,115.27,115.3,10,1,35,0,1,0,0.0333,0,1801.8,0,1,0,0.0333,0,1801.8,0,0,0,0,0,2,0,0.0333,0,3603.6,0,1,0,0.01665,0,3603.6
1211,12,115.33,115.37,22,1,36,0,1,0,0.0333,0,1801.8,0,1,0,0.0333,0,1801.8,0.059209,0,0.059209,0,0,2,0,0.0333,0,3603.6,0,2,0,0.0333,0,3603.6
1211,12,115.7,116.23,1,1,37,1,0,0.5333,0,112.51,0,0.62504,0,0.33333,0,112.51,0,0.29633,0.022737,0.28778,0.021423,2,0,0.5333,0,225.01,0,0,1,0,0.5333,0,112.51
1211,12,116.27,117.23,1,1,38,1,0,0.9666,0,62.073,0,0.068936,0,0.066633,0,62.073,0,0.38432,0.025287,0.39986,0.026005,2,0,0.9666,0,124.15,0,0,1,0,0.9666,0,62.073
1211,12,118.07,118.43,14,1,39,0,1,0,0.3666,0,163.67,0,1,0,0.3666,0,163.67,0.26106,0.036098,0.28471,0.035566,0,2,0,0.3666,0,327.33,0,1,0,0.3666,0,163.67
1211,12,118.47,119.73,1,1,40,0.63159,0.23685,0.79997,0.3,47.371,47.371,0,1,0,1.2666,0,47.371,0.21903,0.043142,0.2209,0.043941,1.7369,0,1.0999,0,94.742,0,0,1.6053,0,1.0166,0,94.742
1211,12,119.87,120.43,6,1,41,0.76474,0,0.4333,0,105.89,0,0.82357,0,0.46663,0,105.89,0,0.18624,0.027288,0.19272,0.027215,0,1.8236,0,0.51662,0,211.79,1,1,0.5666,0.5666,105.89,105.89
1211,12,120.77,122.17,6,1,42,1,0,1.3999,0,42.86,0,0,0.85716,0,1.1999,0,42.86,0.14327,0.028959,0.14538,0.029391,0,1.3571,0,0.94993,0,85.72,1,1,1.3999,1.3999,42.86,42.86
1211,12,122.17,122.37,1,1,43,0.16642,0.66683,0.033267,0.1333,300.15,300.15,1,0,0.1999,0,300.15,0,0.086359,0.027769,0.086019,0.027757,1,0,0.1999,0,300.15,0,0,2,0,0.1999,0,600.3
1211,12,123.97,124.03,6,1,44,1,0,0.0666,0,900.9,0,1,0,0.0666,0,900.9,0,0.088571,0.034691,0.088571,0.034691,0,1,0,0.0666,0,900.9,1,1,0.0666,0.0666,900.9,900.9
1211,12,124.37,124.4,6,1,45,1,0,0.0333,0,1801.8,0,1,0,0.0333,0,1801.8,0,0,0,0,0,0,1,0,0.0333,0,1801.8,1,1,0.0333,0.0333,1801.8,1801.8
1211,12,124.4,124.93,1,1,46,0,1,0,0.5333,0,112.51,0,1,0,0.5333,0,112.51,0.098268,0.032991,0.096185,0.032998,1,0,0.5333,0,112.51,0,0,2,0,0.5333,0,225.01
1211,12,124.93,125.43,6,1,47,0.60007,0.39993,0.30003,0.19997,120,120,1,0,0.5,0,120,0,0.17406,0.037077,0.16982,0.036944,0,1,0,0.5,0,120,1,1,0.5,0.5,120,120
1211,12,125.47,126.67,1,1,48,0.63891,0.33331,0.76663,0.39993,50.004,50.004,0,0.58335,0,0.69997,0,50.004,0.2041,0.034802,0.20512,0.03295,1,0,1.1999,0,50.004,0,0,2,0,1.1999,0,100.01
1211,12,126.7,126.8,1,1,49,0,1,0,0.1,0,600,0,0,0,0,0,600,0.091245,0.02552,0.094036,0.025511,0.33333,0,0.033333,0,600,0,0,2,0,0.1,0,1200
1211,12,128.63,129.17,6,1,50,0,1,0,0.5333,0,112.51,0,0,0,0,0,0,0.13675,0.025345,0.13892,0.025462,0,0,0,0,0,0,1.0001,0.99994,0.26667,0.53327,225.01,112.51
1211,12,129.27,130.8,6,1,51,0.86958,0,1.3333,0,39.131,0,0.80437,0,1.2333,0,39.131,0,0.10689,0.023083,0.10718,0.023081,0,0,0,0,0,0,1,1,1.5333,1.5333,39.131,39.131
1211,12,131.37,131.8,1,1,52,0,1,0,0.4333,0,138.47,0,0.84614,0,0.36663,0,138.47,0.098378,0.016747,0.099616,0.01683,0,0,0,0,0,0,1,1,0.4333,0.4333,138.47,138.47
1211,12,132,132.9,6,1,53,0.74074,0.18519,0.66667,0.16667,66.667,66.667,0,1,0,0.9,0,66.667,0.10582,0.024069,0.10198,0.02386,0,0,0,0,0,0,1,1,0.9,0.9,66.667,66.667
1211,12,133.8,133.87,6,1,54,0,1,0,0.0666,0,900.9,0,1,0,0.0666,0,900.9,0.098486,0.031233,0.098486,0.031233,0,0,0,0,0,0,1,1,0.0666,0.0666,900.9,900.9
1211,12,134.1,134.13,15,1,55,1,0,0.0333,0,1801.8,0,1,0,0.0333,0,1801.8,0,0.094922,0.029566,0.094922,0.029566,0,0,0,0,0,0,1,1,0.0333,0.0333,1801.8,1801.8
1211,12,134.17,134.2,15,1,56,1,0,0.0333,0,1801.8,0,1,0,0.0333,0,1801.8,0,0,0,0,0,0,0,0,0,0,0,1,1,0.0333,0.0333,1801.8,1801.8
1211,12,138.6,140.37,15,1,57,0,0.94339,0,1.6666,0,33.964,0.47168,0.52832,0.83327,0.93333,33.964,33.964,0.24008,0.030715,0.23828,0.031191,0,1,0,1.7666,0,33.964,1,1,1.7666,1.7666,33.964,33.964
1211,12,140.5,141.37,15,1,58,0.73075,0.23079,0.63327,0.2,69.236,69.236,0.076929,0,0.066667,0,69.236,0,0.28605,0.03363,0.28136,0.035907,0,1,0,0.8666,0,69.236,1,1,0.8666,0.8666,69.236,69.236
1211,12,141.4,145.73,15,1,59,0.90001,0,3.9,0,13.846,0,0.83077,0,1.8,0,27.693,0,0.19269,0.025525,0.1856,0.024738,0,0.43846,0,0.95,0,27.693,1,1,4.3333,4.3333,13.846,13.846
1211,12,147.3,147.67,15,1,60,1,0,0.3666,0,163.67,0,0.2726,0,0.099933,0,163.67,0,0.10591,0.030692,0.10547,0.030263,0,0,0,0,0,0,1,1,0.3666,0.3666,163.67,163.67
1211,12,147.73,148,15,1,61,1,0,0.2667,0,224.97,0,1,0,0.2667,0,224.97,0,0.086676,0.032298,0.086087,0.032175,0,0,0,0,0,0,1,1,0.2667,0.2667,224.97,224.97
1211,12,148.03,149.3,15,1,62,0.94737,0,1.2,0,47.367,0,1,0,1.2667,0,47.367,0,0.15744,0.032421,0.15571,0.033509,0.15789,0,0.2,0,47.367,0,1,1,1.2667,1.2667,47.367,47.367
1211,12,149.67,149.87,15,1,63,0,0,0,0,0,0,1,0,0.1999,0,300.15,0,0.11841,0.040239,0.11602,0.040481,1,0,0.1999,0,300.15,0,1,1,0.1999,0.1999,300.15,300.15
1211,12,149.9,150.2,15,1,64,0,0,0,0,0,0,1,0,0.3,0,200,0,0.093326,0.03027,0.097005,0.027907,1,0,0.3,0,200,0,0.88889,1,0.26667,0.3,200,200
1211,12,167.63,167.9,23,1,65,0,0,0,0,0,0,0,1,0,0.2667,0,224.97,0.31686,0.13059,0.3208,0.12856,0,1,0,0.2667,0,224.97,0,1,0,0.2667,0,224.97
1211,12,168.47,168.5,23,1,66,0,1,0,0.0333,0,1801.8,0,1,0,0.0333,0,1801.8,0,0,0,0,0,1,0,0.0333,0,1801.8,0,1,0,0.0333,0,1801.8
1211,12,169.07,169.9,23,1,67,0,1,0,0.8333,0,72.003,0,1,0,0.8333,0,72.003,0.19521,0.079918,0.1927,0.074355,0,1,0,0.8333,0,72.003,0,1,0,0.8333,0,72.003
1211,12,172.17,172.3,23,1,68,0,1,0,0.1333,0,450.11,0,1,0,0.1333,0,450.11,0.17285,0.083526,0.17285,0.083755,0,1,0,0.1333,0,450.11,0,1,0,0.1333,0,450.11
1211,12,172.83,173.23,23,1,69,0,1,0,0.4,0,150,0,1,0,0.4,0,150,0.19672,0.079819,0.19464,0.079555,0,1,0,0.4,0,150,0,1,0,0.4,0,150
1211,12,174.47,174.5,23,1,70,0,0,0,0,0,0,0,1,0,0.0333,0,1801.8,0,0,0,0,0,0,0,0,0,0,0,1,0,0.0333,0,1801.8
1211,12,198.2,198.77,5,1,71,0,0.64713,0,0.36667,0,105.89,0,0.64713,0,0.36667,0,105.89,0.093509,0.038766,0.094551,0.039724,0,1,0,0.5666,0,105.89,0,1,0,0.5666,0,105.89
1211,12,198.93,199.17,4,1,72,0,0,0,0,0,0,0,0,0,0,0,0,0.088034,0.024271,0.087021,0.023716,0,1,0,0.2333,0,257.18,0,1,0,0.2333,0,257.18
1211,12,200.2,200.23,6,1,73,0,1,0,0.0333,0,1801.8,0,1,0,0.0333,0,1801.8,0.1109,0.03892,0.1109,0.03892,0,1,0,0.0333,0,1801.8,0,1,0,0.0333,0,1801.8
1211,12,200.93,200.97,4,1,74,0,1,0,0.0333,0,1801.8,0,1,0,0.0333,0,1801.8,0.080742,0.028157,0.080742,0.028157,0,1,0,0.0333,0,1801.8,0,1,0,0.0333,0,1801.8
1211,12,209.2,209.3,1,1,75,0,1,0,0.1,0,600,0,1,0,0.1,0,600,0.32913,0.055164,0.32752,0.055278,1,1,0.1,0.1,600,600,0,1,0,0.1,0,600
1211,12,209.57,209.7,1,1,76,0,1,0,0.1333,0,450.11,0,0.49987,0,0.066633,0,450.11,0.36326,0.069476,0.36385,0.06976,1,1,0.1333,0.1333,450.11,450.11,0,1,0,0.1333,0,450.11
1211,12,209.83,209.93,1,1,77,0,1,0,0.1,0,600,0,0,0,0,0,0,0.35824,0.068076,0.35896,0.068333,1,1,0.1,0.1,600,600,0,0.99967,0,0.099967,0,600
1211,12,210.07,210.2,1,1,78,0,1,0,0.1333,0,450.11,0,0.25006,0,0.033333,0,450.11,0.35005,0.059583,0.3487,0.059169,1,1,0.1333,0.1333,450.11,450.11,0,1,0,0.1333,0,450.11
1211,12,210.3,210.43,1,1,79,0,1,0,0.1333,0,450.11,0,1,0,0.1333,0,450.11,0.31858,0.057293,0.31752,0.057429,1,1,0.1333,0.1333,450.11,450.11,0,1,0,0.1333,0,450.11
1211,12,210.57,210.67,1,1,80,0,1,0,0.0999,0,600.6,0,0,0,0,0,0,0.32064,0.06933,0.32064,0.06933,1,1,0.0999,0.0999,600.6,600.6,0,1,0,0.0999,0,600.6
1211,12,210.8,210.93,1,1,81,0,1,0,0.1333,0,450.11,0,0,0,0,0,0,0.39295,0.086932,0.39416,0.086855,1,1,0.1333,0.1333,450.11,450.11,0,1,0,0.1333,0,450.11
1211,12,211.1,211.23,1,1,82,0,1,0,0.1333,0,450.11,0,0,0,0,0,0,0.40046,0.043864,0.39608,0.043928,1,1,0.1333,0.1333,450.11,450.11,0,1,0,0.1333,0,450.11
1211,12,211.33,211.73,1,1,83,0,1,0,0.4,0,150,0.49992,0,0.19997,0,150,0,0.48378,0.051156,0.48967,0.051796,1,8.3333e-05,0.4,3.3333e-05,150,150,0,0.99992,0,0.39997,0,150
1211,12,211.77,212.03,1,1,84,1,0,0.2666,0,225.06,0,1,0,0.2666,0,225.06,0,0.30891,0.060128,0.30703,0.060928,1.7501,0,0.23328,0,450.11,0,0,1,0,0.2666,0,225.06
1211,12,212.77,213.93,1,1,85,0.057118,0.91431,0.066633,1.0666,51.432,51.432,0.37145,0,0.43333,0,51.432,0,0.29181,0.057208,0.29692,0.055809,1,1,1.1666,1.1666,51.432,51.432,0,1,0,1.1666,0,51.432
1211,12,214.13,214.17,9,1,86,1,0,0.0333,0,1801.8,0,0,0,0,0,0,0,0.16021,0.046026,0.16021,0.046026,1,1,0.0333,0.0333,1801.8,1801.8,0,1,0,0.0333,0,1801.8
1211,12,214.37,214.43,9,1,87,1,0,0.0666,0,900.9,0,0,0,0,0,0,0,0.1862,0.049963,0.1862,0.049963,1,1,0.0666,0.0666,900.9,900.9,0,1,0,0.0666,0,900.9
1211,12,214.47,214.53,9,1,88,1,0,0.0666,0,900.9,0,0,0,0,0,0,0,0.19825,0.066798,0.19825,0.066798,1,1,0.0666,0.0666,900.9,900.9,0,1,0,0.0666,0,900.9
1211,12,214.93,215.2,1,1,89,0,1,0,0.2667,0,224.97,0,1,0,0.2667,0,224.97,0.2009,0.061563,0.20207,0.060642,1,1,0.2667,0.2667,224.97,224.97,0,1,0,0.2667,0,224.97
1211,12,220.97,221.03,10,1,90,0,0,0,0,0,0,0,0,0,0,0,0,0.079059,0.030818,0.079059,0.030818,0,1,0,0.0666,0,900.9,0,1,0,0.0666,0,900.9
1211,12,222.03,223.4,1,1,91,0.7073,0,0.96667,0,43.901,0,0,0.90244,0,1.2334,0,43.901,0.27867,0.047434,0.29195,0.047081,1.6585,0,0.56668,0,175.61,0,0,1.0732,0,0.36668,0,175.61
1211,12,234.4,234.43,10,1,92,0,0,0,0,0,0,0,1,0,0.0333,0,1801.8,0.091198,0.032229,0.091198,0.032229,0,0,0,0,0,0,0,1,0,0.0333,0,1801.8
1211,12,234.83,235.03,10,1,93,0,0.83317,0,0.16663,0,300,0,1,0,0.2,0,300,0.090795,0.030548,0.091466,0.030745,0,0,0,0,0,0,0,1,0,0.2,0,300
1211,12,235.37,235.4,4,1,94,0,1,0,0.0333,0,1801.8,0,1,0,0.0333,0,1801.8,0,0,0,0,0,0,0,0,0,0,0,1,0,0.0333,0,1801.8
1211,12,238.83,238.87,21,1,95,0,0,0,0,0,0,0,1,0,0.0333,0,1801.8,0.17943,0.049287,0.17943,0.049287,0,1,0,0.0333,0,1801.8,0,1,0,0.0333,0,1801.8
1211,12,238.87,238.93,5,1,96,0,0,0,0,0,0,0,1,0,0.0666,0,900.9,0.079167,0.035084,0.079167,0.035084,0,1,0,0.0666,0,900.9,0,1,0,0.0666,0,900.9
1211,12,238.93,238.97,15,1,97,0,0,0,0,0,0,0,1,0,0.0333,0,1801.8,0.27718,0.038043,0.27718,0.038043,0,1,0,0.0333,0,1801.8,0,1,0,0.0333,0,1801.8
1211,12,241.2,241.23,1,1,98,0,1,0,0.0333,0,1801.8,1,0,0.0333,0,1801.8,0,0.070908,0.021867,0.070908,0.021867,1,0,0.0333,0,1801.8,0,0,1,0,0.0333,0,1801.8
1211,12,248.33,251.93,1,1,99,0.99073,0,3.5666,0,16.667,0,0.9074,0.055565,3.2666,0.20003,16.667,16.667,0.14138,0.018306,0.14011,0.018179,0.83334,0,3,0,16.667,0,0.68518,1,2.4666,3.6,16.667,16.667
1211,12,253,253.33,10,1,100,0,0.70007,0,0.23333,0,180.02,0,1,0,0.3333,0,180.02,0.09212,0.030765,0.092666,0.030737,0,0,0,0,0,0,0,2,0,0.3333,0,360.04
1211,12,254.17,254.37,10,1,101,0,1,0,0.1999,0,300.15,0,1,0,0.1999,0,300.15,0.079911,0.030315,0.080514,0.030342,0,0,0,0,0,0,0,2,0,0.1999,0,600.3
1211,12,255.07,255.5,1,1,102,0.30772,0,0.13333,0,138.47,0,0.92307,0,0.39997,0,138.47,0,0.097333,0.021873,0.10165,0.024155,0,0.15378,0,0.066633,0,138.47,1,1,0.4333,0.4333,138.47,138.47
1211,12,255.7,256.1,1,1,103,1,0,0.4,0,150,0,0,1,0,0.4,0,150,0.070948,0.017315,0.073343,0.018855,0,0,0,0,0,0,1,1,0.4,0.4,150,150
1211,12,256.17,256.87,1,1,104,1,0,0.6999,0,85.727,0,0,1,0,0.6999,0,85.727,0.076314,0.019118,0.07262,0.018726,0,0,0,0,0,0,1,1,0.6999,0.6999,85.727,85.727
1211,12,257,257.03,1,1,105,1,0,0.0333,0,1801.8,0,0,1,0,0.0333,0,1801.8,0.071094,0.020831,0.071094,0.020831,0,0,0,0,0,0,1,1,0.0333,0.0333,1801.8,1801.8
1211,12,257.03,257.07,7,1,106,0,1,0,0.0333,0,1801.8,1,0,0.0333,0,1801.8,0,0.096956,0.024077,0.096956,0.024077,0,0,0,0,0,0,1,1,0.0333,0.0333,1801.8,1801.8
1211,12,257.4,257.73,1,1,107,1,0,0.3333,0,180.02,0,0,1,0,0.3333,0,180.02,0.083431,0.018247,0.083311,0.01808,0,0,0,0,0,0,1,1,0.3333,0.3333,180.02,180.02
1211,12,257.83,258.43,1,1,108,1,0,0.6,0,100,0,0,0.88894,0,0.53337,0,100,0.085285,0.023277,0.08359,0.023606,0,0,0,0,0,0,1,1,0.6,0.6,100,100
1211,12,260.73,260.8,4,1,109,0,1,0,0.0667,0,899.55,0,1,0,0.0667,0,899.55,0.079784,0.028946,0.079784,0.028946,0,0,0,0,0,0,0,2,0,0.0667,0,1799.1
1211,12,263.03,265.07,7,1,110,0.3115,0.67211,0.63337,1.3666,29.509,29.509,0.29507,0,0.19999,0,88.526,0,0.17458,0.021327,0.18819,0.02194,0,0,0,0,0,0,1,1,2.0333,2.0333,29.509,29.509
1211,12,268.6,268.67,10,1,111,0,0,0,0,0,0,0,1,0,0.0666,0,900.9,0.095964,0.037654,0.095964,0.037654,0,0,0,0,0,0,0,2,0,0.0666,0,1801.8
1211,12,268.73,268.8,21,1,112,0,0,0,0,0,0,0,1,0,0.0667,0,899.55,0.10675,0.043603,0.10675,0.043603,0,0,0,0,0,0,0,2,0,0.0667,0,1799.1
1211,12,269.13,269.17,21,1,113,0,0,0,0,0,0,0,0,0,0,0,0,0.10429,0.042036,0.10429,0.042036,0,0,0,0,0,0,0,2,0,0.0333,0,3603.6
1211,12,269.2,269.23,21,1,114,0,0,0,0,0,0,0,0,0,0,0,0,0.10429,0.039682,0.10429,0.039682,0,0,0,0,0,0,0,2,0,0.0333,0,3603.6
1211,12,269.67,269.8,21,1,115,0,0,0,0,0,0,0,0,0,0,0,0,0.11434,0.041659,0.1147,0.042716,0,0,0,0,0,0,0,2,0,0.1333,0,900.23
1211,12,270.7,270.77,21,1,116,0,0,0,0,0,0,0,1,0,0.0666,0,900.9,0.13126,0.048839,0.13126,0.048839,0,0,0,0,0,0,0,1,0,0.0666,0,900.9
1211,12,270.87,270.9,19,1,117,0,0,0,0,0,0,0,1,0,0.0333,0,1801.8,0,0,0,0,0,0,0,0,0,0,0,2,0,0.0333,0,3603.6
1211,12,271.27,271.4,21,1,118,0,0,0,0,0,0,0,0,0,0,0,0,0.12191,0.043546,0.12707,0.042901,0,0,0,0,0,0,0,1,0,0.1333,0,450.11
1211,12,271.47,271.53,10,1,119,0,0,0,0,0,0,0,0.5,0,0.0333,0,900.9,0.094245,0.0346,0.094245,0.0346,0,0,0,0,0,0,0,1,0,0.0666,0,900.9
1211,12,271.67,271.97,10,1,120,0,0,0,0,0,0,0,0.88907,0,0.26663,0,200.07,0.099034,0.034756,0.098791,0.034923,0,0,0,0,0,0,0,1,0,0.2999,0,200.07
1211,12,272.1,272.7,10,1,121,0,0,0,0,0,0,0,1,0,0.6,0,100,0.10694,0.034797,0.10897,0.034936,0,0,0,0,0,0,0,1,0,0.6,0,100
1211,12,282.33,282.9,15,1,122,1,0,0.5667,0,105.88,0,0.52938,0,0.3,0,105.88,0,0.41243,0.044414,0.41676,0.021369,1,0,0.5667,0,105.88,0,0,0.99994,0,0.56667,0,105.88
1211,12,282.93,283.1,23,1,123,0,1,0,0.1667,0,359.93,0,0,0,0,0,0,0.28345,0.11122,0.2862,0.11188,0,1,0,0.1667,0,359.93,0,1,0,0.1667,0,359.93
1211,12,283.47,283.53,23,1,124,0,1,0,0.0666,0,900.9,0,0,0,0,0,0,0.23619,0.11704,0.23619,0.11704,0,1,0,0.0666,0,900.9,0,1,0,0.0666,0,900.9
1211,12,286.47,286.53,23,1,125,0,0,0,0,0,0,0,0,0,0,0,0,0.053828,0.016354,0.053828,0.016354,0,0,0,0,0,0,0,1,0,0.0666,0,900.9
1211,12,301.47,301.57,4,1,126,0,1,0,0.0999,0,600.6,0,0,0,0,0,0,0.066094,0.019212,0.066094,0.019212,0,0.66667,0,0.0666,0,600.6,0,1,0,0.0999,0,600.6
1211,12,302.03,302.07,7,1,127,0,1,0,0.0333,0,1801.8,0,1,0,0.0333,0,1801.8,0.051549,0.014575,0.051549,0.014575,0,2,0,0.0333,0,3603.6,0,1,0,0.0333,0,1801.8
1211,12,306.37,306.4,21,1,128,0,0,0,0,0,0,0,0,0,0,0,0,0,0,0,0,0,1,0,0.0333,0,1801.8,0,1,0,0.0333,0,1801.8
1211,12,306.43,306.47,11,1,129,0,0,0,0,0,0,0,0,0,0,0,0,0.1383,0.042414,0.1383,0.042414,0,1,0,0.0333,0,1801.8,0,1,0,0.0333,0,1801.8
1211,12,307.63,307.73,10,1,130,0,1,0,0.1,0,600,0,1,0,0.1,0,600,0.10456,0.036405,0.10429,0.036654,0,1,0,0.1,0,600,0,1,0,0.1,0,600
1211,12,307.83,308.1,21,1,131,0,1,0,0.2667,0,224.97,0,0,0,0,0,224.97,0.11755,0.041534,0.11913,0.041554,0,1,0,0.2667,0,224.97,0,1,0,0.2667,0,224.97
1211,12,309.33,309.53,21,1,132,0.6665,0,0.1333,0,300,0,0,1,0,0.2,0,300,0.13563,0.046278,0.13647,0.046825,0,1,0,0.2,0,300,0,1,0,0.2,0,300
1211,12,310.1,310.3,10,1,133,0,0.66667,0,0.066667,0,600,0,1,0,0.2,0,300,0.11165,0.036572,0.11379,0.036522,0,0.33333,0,0.066667,0,300,0,1,0,0.2,0,300
1211,12,310.37,310.5,10,1,134,0,1,0,0.1333,0,450.11,0,1,0,0.1333,0,450.11,0.10531,0.036364,0.10383,0.036207,0,0,0,0,0,0,0,1,0,0.1333,0,450.11
1211,12,310.87,311.07,10,1,135,0,0.16658,0,0.0333,0,300.15,0,1,0,0.1999,0,300.15,0.10467,0.038886,0.10517,0.038735,0,0,0,0,0,0,0,1,0,0.1999,0,300.15
1211,12,313.2,313.53,10,1,136,0,1,0,0.3333,0,180.02,0,1,0,0.3333,0,180.02,0.10143,0.033622,0.10244,0.03396,0,0,0,0,0,0,0,1,0,0.3333,0,180.02
1211,12,314.43,314.9,10,1,137,0,1,0,0.4667,0,128.56,0,0,0,0,0,0,0.092764,0.030336,0.093164,0.03051,0,0,0,0,0,0,0,1,0,0.4667,0,128.56
1211,12,315.1,315.13,10,1,138,0,1,0,0.0333,0,1801.8,0,0,0,0,0,0,0.082031,0.033162,0.082031,0.033162,0,0,0,0,0,0,0,1,0,0.0333,0,1801.8
1211,12,318.2,318.23,18,1,139,0,1,0,0.0333,0,1801.8,0,1,0,0.0333,0,1801.8,0.094548,0.032016,0.094548,0.032016,0,0,0,0,0,0,0,1,0,0.0333,0,1801.8
1211,12,318.97,319.07,4,1,140,0,1,0,0.0999,0,600.6,0,1,0,0.0999,0,600.6,0.09167,0.041302,0.09167,0.041302,0,0,0,0,0,0,0,1,0,0.0999,0,600.6
1211,12,320.73,321.77,10,1,141,0,1,0,0.51665,0,116.13,0,0,0,0,0,0,0.10904,0.032672,0.11234,0.035359,0,0,0,0,0,0,0,1,0,1.0333,0,58.066
1211,12,322,322.5,10,1,142,0,1,0,0.5,0,120,0,1,0,0.5,0,120,0.083975,0.027028,0.082741,0.027165,0,0,0,0,0,0,0,1,0,0.25,0,240
1211,12,322.9,323.2,14,1,143,0.33333,0,0.1,0,200,0,0,1,0,0.3,0,200,0.13444,0.025624,0.13609,0.026002,0,0,0,0,0,0,1,1,0.3,0.3,200,200
1211,12,323.37,323.53,10,1,144,0,1,0,0.1666,0,360.14,0,1,0,0.1666,0,360.14,0.095485,0.028794,0.095003,0.028359,0,0,0,0,0,0,0,2,0,0.1666,0,720.29
1211,12,325.07,325.23,14,1,145,1,0,0.1666,0,360.14,0,0,0,0,0,0,0,0.096947,0.031166,0.096729,0.031077,0,0,0,0,0,0,1,1,0.1666,0.1666,360.14,360.14
1211,12,326.1,326.73,14,1,146,0.57898,0.31575,0.36667,0.19997,94.742,94.742,1,0,0.6333,0,94.742,0,0.15036,0.027872,0.15898,0.026877,0,0,0,0,0,0,1,1,0.6333,0.6333,94.742,94.742
1211,12,327.13,328.83,14,1,147,0.64704,0.098059,1.1,0.1667,35.294,35.294,0,0.13725,0,0.23333,0,35.294,0.17424,0.035879,0.16699,0.037939,0.62743,0,0.53332,0,70.588,0,0.84316,0.99998,1.4334,1.7,35.294,35.294
1211,12,340.97,341.03,14,1,148,0,1,0,0.0666,0,900.9,0,1,0,0.0666,0,900.9,0.16271,0.033529,0.16271,0.033529,2,0,0.0666,0,1801.8,0,0,1,0,0.0666,0,900.9
1211,12,341.17,341.33,14,1,149,0,1,0,0.1666,0,360.14,0,1,0,0.1666,0,360.14,0.16296,0.033955,0.16407,0.033783,2,0,0.1666,0,720.29,0,0,1,0,0.1666,0,360.14
1211,12,341.4,341.67,10,1,150,0,1,0,0.2666,0,225.06,0,1,0,0.2666,0,225.06,0.12371,0.033512,0.12398,0.03297,0,1.3748,0,0.18327,0,450.11,0,1,0,0.2666,0,225.06
1211,12,342.03,342.07,14,1,151,0,1,0,0.0333,0,1801.8,0,1,0,0.0333,0,1801.8,0.12744,0.037064,0.12744,0.037064,1,0,0.0333,0,1801.8,0,0,0.999,0,0.033267,0,1801.8
1211,12,342.37,342.5,10,1,152,0,1,0,0.1333,0,450.11,0,1,0,0.1333,0,450.11,0.097308,0.036279,0.09846,0.035904,0,1.2501,0,0.083317,0,900.23,0,1,0,0.1333,0,450.11
1211,12,347.63,347.87,10,1,153,0,1,0,0.2333,0,257.18,0,1,0,0.2333,0,257.18,0.094873,0.034593,0.094531,0.03431,0,1,0,0.2333,0,257.18,0,0.99986,0,0.23327,0,257.18
1211,12,355.03,355.07,1,1,154,0,0,0,0,0,0,0,1,0,0.0333,0,1801.8,0.060859,0.031992,0.060859,0.031992,0,1,0,0.0333,0,1801.8,0,0.999,0,0.033267,0,1801.8
1211,12,355.17,355.4,10,1,155,0,0,0,0,0,257.18,0,0.85712,0,0.19997,0,257.18,0.084709,0.027828,0.084419,0.027957,0,1,0,0.2333,0,257.18,0,1,0,0.2333,0,257.18
1211,12,359.57,359.8,10,1,156,0,1,0,0.2333,0,257.18,0,1,0,0.2333,0,257.18,0.098916,0.03504,0.099528,0.034938,0,1,0,0.2333,0,257.18,0,1,0,0.2333,0,257.18
1211,12,359.9,360.07,10,1,157,0,1,0,0.1666,0,360.14,0,1,0,0.1666,0,360.14,0.095067,0.031353,0.095703,0.030528,0,1,0,0.1666,0,360.14,0,1,0,0.1666,0,360.14
1211,12,365.67,366.57,22,1,158,0.40742,0.5185,0.36663,0.4666,66.674,66.674,1,0,0.8999,0,66.674,0,0.12907,0.028518,0.12536,0.028468,1,1,0.8999,0.8999,66.674,66.674,0,1,0,0.44995,0,133.35
1211,12,371.5,371.6,10,1,159,0,1,0,0.1,0,600,0,1,0,0.1,0,600,0.13325,0.031164,0.13282,0.030912,0,2,0,0.1,0,1200,0,1,0,0.1,0,600
1211,12,375.63,376.47,10,1,160,0,0.79999,0,0.33332,0,144.01,0,1,0,0.8333,0,72.003,0.098729,0.028595,0.098437,0.029187,0,1.5199,0,0.63328,0,144.01,0,0.99996,0,0.83327,0,72.003
1211,12,376.63,376.8,10,1,161,0,0.60008,0,0.10003,0,359.93,0,1,0,0.1667,0,359.93,0.086004,0.032392,0.086133,0.032458,0,2,0,0.1667,0,719.86,0,1,0,0.1667,0,359.93
1211,12,380.83,380.9,10,1,162,0,0,0,0,0,0,0,1,0,0.0667,0,899.55,0.092059,0.02974,0.092059,0.02974,0,1.0005,0,0.033367,0,1799.1,0,1,0,0.0667,0,899.55
1211,12,380.9,381.1,14,1,163,0,0.5,0,0.1,0,300,0,1,0,0.2,0,300,0.18717,0.03459,0.18744,0.034079,1,0,0.2,0,300,0,0,1,0,0.2,0,300
1211,12,381.13,381.33,10,1,164,0,1,0,0.2,0,300,0,1,0,0.2,0,300,0.11839,0.035101,0.11688,0.035356,0,1,0,0.2,0,300,0,1,0,0.2,0,300
1211,12,381.37,382.9,10,1,165,0,0.9348,0,1.4333,0,39.131,0,0.54347,0,0.8333,0,39.131,0.11465,0.031077,0.11442,0.030967,0,1,0,1.5333,0,39.131,0,1,0,1.5333,0,39.131
1211,12,383.3,384,14,1,166,1,0,0.7,0,85.714,0,0,0,0,0,0,0,0.17444,0.029358,0.16982,0.02862,1.8095,0,0.63333,0,171.43,0,0,1,0,0.7,0,85.714
1211,12,384.1,384.13,21,1,167,0,1,0,0.0333,0,1801.8,0,1,0,0.0333,0,1801.8,0.22523,0.038422,0.22523,0.038422,0,2,0,0.0333,0,3603.6,0,1,0,0.0333,0,1801.8
1211,12,384.27,384.87,10,1,168,0,1,0,0.5999,0,100.02,0,1,0,0.5999,0,100.02,0.1073,0.026412,0.10687,0.026482,0,2,0,0.5999,0,200.03,0,1,0,0.5999,0,100.02
1211,12,384.87,385.43,14,1,169,1,0,0.5666,0,105.89,0,0.23526,0.58825,0.1333,0.3333,105.89,105.89,0.14513,0.028675,0.14601,0.028699,2,0,0.5666,0,211.79,0,0,1,0,0.5666,0,105.89
1211,12,385.5,385.67,14,1,170,0,0,0,0,0,0,0,0.79992,0,0.13327,0,360.14,0.13194,0.040365,0.13385,0.041621,2,0,0.1666,0,720.29,0,0,1,0,0.1666,0,360.14
1211,12,385.77,386.03,14,1,171,0,0,0,0,0,0,0,1,0,0.2666,0,225.06,0.12581,0.037725,0.12707,0.037584,1.625,0,0.21662,0,450.11,0,0,1,0,0.2666,0,225.06
1211,12,386.57,387.5,10,1,172,0,0.82142,0,0.76663,0,64.288,0,1,0,0.9333,0,64.288,0.10872,0.031392,0.11401,0.031608,0,1,0,0.9333,0,64.288,0,1,0,0.9333,0,64.288
1211,12,390.57,391.2,10,1,173,0,0.36844,0,0.23333,0,94.742,0,0.52629,0,0.16665,0,189.48,0.13617,0.035528,0.13763,0.032993,0,1,0,0.6333,0,94.742,0,1,0,0.6333,0,94.742
1211,12,394.03,395.7,10,1,174,0,0.8,0,0.33334,0,144,0,0.52001,0,0.43335,0,71.999,0.10637,0.031973,0.10662,0.032251,0,1,0,1.6667,0,35.999,0,0.99998,0,1.6667,0,35.999
1211,12,396.6,396.67,10,1,175,0,0,0,0,0,0,0,0,0,0,0,0,0.088765,0.03828,0.088765,0.03828,0,1,0,0.0666,0,900.9,0,1,0,0.0666,0,900.9
1211,12,402.83,402.93,10,1,176,0,0.667,0,0.0667,0,600,0,0,0,0,0,0,0.077072,0.025184,0.077031,0.025253,0,1,0,0.1,0,600,0,1,0,0.1,0,600
1211,12,403.77,404.07,10,1,177,0,0,0,0,0,0,0,0.7777,0,0.11662,0,400.13,0.089963,0.028566,0.09063,0.028751,0,1,0,0.2999,0,200.07,0,1,0,0.2999,0,200.07
1211,12,407.6,407.63,10,1,178,0,0,0,0,0,0,0,0,0,0,0,0,0.079115,0.032478,0.079115,0.032478,0,2,0,0.0333,0,3603.6,0,1,0,0.0333,0,1801.8
1211,12,407.9,408.07,10,1,179,0,1,0,0.1666,0,360.14,0,0,0,0,0,0,0.075109,0.025944,0.075469,0.025981,0,2,0,0.1666,0,720.29,0,1,0,0.1666,0,360.14
1211,12,409.93,409.97,15,1,180,0,0,0,0,0,0,0,0,0,0,0,0,0.28984,0.11267,0.28984,0.11267,0,2,0,0.0333,0,3603.6,0,1,0,0.0333,0,1801.8
1211,12,410.23,411.13,10,1,181,0,0.81478,0,0.36665,0,133.33,0,0.59263,0,0.26668,0,133.33,0.092008,0.028838,0.092855,0.0284,0,2,0,0.9,0,133.33,0,1,0,0.9,0,66.667
1211,12,415.67,415.7,1,1,182,0,1,0,0.0333,0,1801.8,0,0,0,0,0,0,0,0,0,0,0,2,0,0.0333,0,3603.6,0,1,0,0.0333,0,1801.8
1211,12,417,417.1,10,1,183,0,1,0,0.1,0,600,0,0.33333,0,0.033333,0,600,0.078121,0.032064,0.077943,0.032175,0,2,0,0.1,0,1200,0,1,0,0.1,0,600
1212,12,32.633,32.7,3,1,1,0,1,0,0.0667,0,899.55,0,0,0,0,0,0,0.077798,0.036698,0.077798,0.036698,0,1,0,0.0667,0,899.55,0,0.9995,0,0.066667,0,899.55
1212,12,33.033,33.133,3,1,2,0,1,0,0.1,0,600,0,0,0,0,0,0,0.093853,0.042932,0.093424,0.043889,0,2,0,0.1,0,1200,0,1,0,0.1,0,600
1212,12,33.2,33.567,3,1,3,0,0.54555,0,0.2,0,163.67,0,0.36352,0,0.13327,0,163.67,0.11095,0.040424,0.1162,0.039486,0,2,0,0.3666,0,327.33,0,1,0,0.3666,0,163.67
1212,12,34.6,34.8,16,1,4,0,1,0,0.2,0,300,0,1,0,0.2,0,300,0.13455,0.034714,0.14344,0.034795,1,0,0.2,0,300,0,0,1,0,0.2,0,300
1212,12,35.233,35.3,23,1,5,0,0.9995,0,0.066667,0,899.55,0,0,0,0,0,0,0.080485,0.027719,0.080485,0.027719,0,2,0,0.0667,0,1799.1,0,1,0,0.0667,0,899.55
1212,12,35.333,35.367,23,1,6,0,1,0,0.0333,0,1801.8,0,0,0,0,0,0,0.06918,0.025246,0.06918,0.025246,0,2,0,0.0333,0,3603.6,0,1,0,0.0333,0,1801.8
1212,12,45.4,45.433,23,1,7,0,0,0,0,0,0,0,1,0,0.0333,0,1801.8,0.060039,0.024817,0.060039,0.024817,0,0,0,0,0,0,0,1,0,0.0333,0,1801.8
1212,12,45.9,46,23,1,8,0,1,0,0.1,0,600,0,1,0,0.1,0,600,0.079786,0.035094,0.079583,0.035219,0,0,0,0,0,0,0,1,0,0.1,0,600
1212,12,46.233,46.867,21,1,9,0,1,0,0.6333,0,94.742,0,1,0,0.6333,0,94.742,0.10413,0.029925,0.10604,0.029356,0,0,0,0,0,0,0,0.99995,0,0.63327,0,94.742
1212,12,47.167,47.333,23,1,10,0,1,0,0.1666,0,360.14,0,1,0,0.1666,0,360.14,0.097742,0.033743,0.098464,0.033779,0,0,0,0,0,0,0,1,0,0.1666,0,360.14
1212,12,47.467,47.767,21,1,11,0,1,0,0.2999,0,200.07,0,1,0,0.2999,0,200.07,0.10842,0.036245,0.10858,0.036231,0,0,0,0,0,0,0,1,0,0.2999,0,200.07
1212,12,48.1,48.267,23,1,12,0,1,0,0.1666,0,360.14,0,0.79992,0,0.13327,0,360.14,0.10674,0.042326,0.10856,0.041954,0,0,0,0,0,0,0,1,0,0.1666,0,360.14
1212,12,48.433,49.733,23,1,13,0,1,0,1.3,0,46.154,0,0.84615,0,0.275,0,184.62,0.14067,0.047253,0.13971,0.046779,0,0.23077,0,0.3,0,46.154,0,1,0,1.3,0,46.154
1212,12,50.767,51.067,13,1,14,1,0,0.2999,0,200.07,0,0,1,0,0.2999,0,200.07,0.12555,0.028944,0.13178,0.028943,2,0,0.2999,0,400.13,0,0,1,0,0.099967,0,600.2
1212,12,51.5,51.633,3,1,15,0,1,0,0.1333,0,450.11,0,0.49987,0,0.066633,0,450.11,0.089364,0.030653,0.089495,0.030522,0,1.5001,0,0.099983,0,900.23,0,1,0,0.1333,0,450.11
1212,12,51.9,52.133,23,1,16,0,1,0,0.2333,0,257.18,0,1,0,0.2333,0,257.18,0.074942,0.025171,0.075479,0.025183,0,1,0,0.2333,0,257.18,0,1,0,0.2333,0,257.18
1212,12,52.467,53.233,23,1,17,0,0.73915,0,0.28332,0,156.54,0,0.56522,0,0.4333,0,78.268,0.24037,0.061121,0.24789,0.062167,0,1.6957,0,0.64995,0,156.54,0,1,0,0.7666,0,78.268
1212,12,53.5,57.967,23,1,18,0,0.8806,0,1.9666,0,26.866,0,0.83583,0,1.2444,0,40.299,0.099009,0.026952,0.085882,0.025242,0,1.4925,0,2.2222,0,40.299,0,1,0,4.4666,0,13.433
1212,12,59.9,60.133,16,1,19,0,0,0,0,0,0,0,1,0,0.2333,0,257.18,0.10862,0.04163,0.10951,0.04161,0.57137,1,0.1333,0.2333,257.18,257.18,0,1,0,0.2333,0,257.18
1212,12,60.767,61.133,23,1,20,0,1,0,0.3666,0,163.67,0,0,0,0,0,0,0.07976,0.024055,0.080023,0.023809,0,2,0,0.3666,0,327.33,0,1,0,0.3666,0,163.67
1212,12,61.433,61.5,23,1,21,0,0,0,0,0,0,0,0,0,0,0,0,0.081742,0.030055,0.081742,0.030055,0,2,0,0.0667,0,1799.1,0,1,0,0.0667,0,899.55
1212,12,61.867,61.933,6,1,22,0,1,0,0.0666,0,900.9,0,0,0,0,0,0,0.094531,0.030529,0.094531,0.030529,0,1,0,0.0666,0,900.9,0,1,0,0.0666,0,900.9
1212,12,62.967,63.067,3,1,23,0,1,0,0.0999,0,600.6,0,1,0,0.0999,0,600.6,0.10008,0.037254,0.10008,0.037254,0,1,0,0.0999,0,600.6,0,1,0,0.0999,0,600.6
1212,12,77.633,77.867,18,1,24,0,1,0,0.2333,0,257.18,0.00014288,0.7141,3.3333e-05,0.1666,257.18,257.18,0.14276,0.032947,0.14493,0.032896,2,0,0.2333,0,514.36,0,0,0.99986,0,0.23327,0,257.18
1212,12,92,94.833,23,1,25,0,0.94118,0,1.3333,0,42.353,0,0.78823,0,0.37222,0,127.06,0.15823,0.033889,0.15137,0.034629,0,0.87059,0,2.4666,0,21.177,0,1.2,0,1.7,0,42.353
1212,12,114.23,114.5,24,1,26,1,0,0.2667,0,224.97,0,0,1,0,0.2667,0,224.97,0.10604,0.040304,0.10615,0.040223,2,0,0.2667,0,449.94,0,0,0.99988,0,0.26667,0,224.97
1212,12,133.93,133.97,23,1,27,0,1,0,0.0333,0,1801.8,0,0,0,0,0,0,0.14878,0.03478,0.14878,0.03478,0,1,0,0.0333,0,1801.8,0,0.999,0,0.033267,0,1801.8
1212,12,134.5,134.57,23,1,28,0,1,0,0.0666,0,900.9,0,0,0,0,0,0,0.13696,0.02825,0.13696,0.02825,0,1,0,0.0666,0,900.9,0,1,0,0.0666,0,900.9
1212,12,135,135.77,23,1,29,0.17393,0,0.13333,0,78.268,0,0,0.4783,0,0.18333,0,156.54,0.10571,0.028119,0.10224,0.02799,0,0,0,0,0,0,0,2,0,0.7666,0,156.54
1212,12,136,136.2,23,1,30,0,0.83333,0,0.16667,0,300,0,1,0,0.2,0,300,0.079198,0.027985,0.080334,0.027689,0,1,0,0.2,0,300,0,2,0,0.2,0,600
1212,12,136.3,136.5,23,1,31,0,0.83333,0,0.16667,0,300,0,1,0,0.2,0,300,0.11568,0.025505,0.11943,0.025138,0,1,0,0.2,0,300,0,1.3333,0,0.13333,0,600
1212,12,138.07,138.4,23,1,32,0,1,0,0.3333,0,180.02,0,0,0,0,0,0,0.12608,0.037746,0.12759,0.037747,0,2,0,0.3333,0,360.04,0,1,0,0.3333,0,180.02
1212,12,142.2,142.9,23,1,33,0,0.90476,0,0.31667,0,171.43,0,1,0,0.7,0,85.714,0.1437,0.026986,0.14887,0.026093,0,1,0,0.7,0,85.714,0,1,0,0.7,0,85.714
1212,12,146.47,146.63,23,1,34,0,0.80012,0,0.1333,0,360.14,0,0,0,0,0,0,0.10165,0.027214,0.10412,0.027362,0,1,0,0.1666,0,360.14,0,1,0,0.1666,0,360.14
1212,12,148.67,149.1,23,1,35,0,1,0,0.4333,0,138.47,0,1,0,0.4333,0,138.47,0.087523,0.026337,0.087596,0.026229,0,2,0,0.4333,0,276.94,0,1,0,0.4333,0,138.47
1212,12,149.67,149.7,23,1,36,0,1,0,0.0333,0,1801.8,0,1,0,0.0333,0,1801.8,0,0,0,0,0,2,0,0.0333,0,3603.6,0,1,0,0.0333,0,1801.8
1212,12,149.83,150.03,23,1,37,0,0,0,0,0,0,0,1,0,0.2,0,300,0.10665,0.025627,0.10827,0.025833,0,1.6668,0,0.16668,0,600,0,1,0,0.2,0,300
1212,12,150.2,150.93,23,1,38,0,1,0,0.7333,0,81.822,0,0.86363,0,0.31665,0,163.64,0.101,0.026462,0.10071,0.026462,0,0.45457,0,0.33333,0,81.822,0,1,0,0.7333,0,81.822
1212,12,151.33,151.47,21,1,39,0.25031,0,0.033367,0,450.11,0,0,0,0,0,0,0,0.1137,0.053606,0.11548,0.053768,0,0,0,0,0,0,0,1,0,0.1333,0,450.11
1212,12,151.87,152,23,1,40,0,0,0,0,0,0,0,1,0,0.1333,0,450.11,0.11726,0.039549,0.11908,0.039884,0,0,0,0,0,0,0,1,0,0.1333,0,450.11
1212,12,152.03,152.13,23,1,41,0,0,0,0,0,0,0,0.33367,0,0.033367,0,600,0.098226,0.037583,0.097734,0.035992,0,0,0,0,0,0,0,1,0,0.1,0,600
1212,12,152.17,152.37,23,1,42,0,0.49992,0,0.099933,0,300.15,0,0.66667,0,0.13327,0,300.15,0.086969,0.034564,0.085781,0.034881,0,0,0,0,0,0,0,1,0,0.1999,0,300.15
1212,12,152.5,152.8,3,1,43,0,1,0,0.3,0,200,0,1,0,0.3,0,200,0.12155,0.042642,0.12561,0.042826,0,0,0,0,0,0,0,1,0,0.3,0,200
1212,12,152.83,152.87,3,1,44,0,1,0,0.0333,0,1801.8,0,1,0,0.0333,0,1801.8,0.092503,0.048118,0.092503,0.048118,0,0,0,0,0,0,0,1,0,0.0333,0,1801.8
1212,12,161.1,162.07,23,1,45,0,0.75867,0,0.73333,0,62.073,0,1,0,0.9666,0,62.073,0.12066,0.036439,0.12766,0.036721,0,1.2068,0,0.58327,0,124.15,0,1,0,0.9666,0,62.073
1212,12,162.57,162.67,23,1,46,0,1,0,0.0999,0,600.6,0,0,0,0,0,0,0.098822,0.032453,0.098822,0.032453,0,2,0,0.0999,0,1201.2,0,1,0,0.0999,0,600.6
1212,12,167.67,167.8,3,1,47,0,0.25006,0,0.033333,0,450.11,0,1,0,0.1333,0,450.11,0.091833,0.027848,0.092764,0.027847,1,1,0.1333,0.1333,450.11,450.11,0,1,0,0.1333,0,450.11
1212,12,168.77,168.97,15,1,48,0,1,0,0.1999,0,300.15,0,1,0,0.1999,0,300.15,0.10195,0.040816,0.10248,0.040909,0,1.5001,0,0.14993,0,600.3,0,1,0,0.1999,0,300.15
1212,12,193.63,194,20,1,49,0,1,0,0.3667,0,163.62,0,0.5455,0,0.20003,0,163.62,0.067435,0.023927,0.067031,0.023507,0,2,0,0.3667,0,327.24,0,2,0,0.3667,0,327.24
1212,12,195,195.1,23,1,50,0,0,0,0,0,0,0,1,0,0.1,0,600,0.19619,0.04534,0.20344,0.044888,0,2,0,0.1,0,1200,0,1,0,0.1,0,600
1212,12,195.1,195.77,10,1,51,0.35004,0,0.23333,0,90.009,0,1,0,0.6666,0,90.009,0,0.20972,0.029854,0.20775,0.029347,1,1,0.6666,0.6666,90.009,90.009,0,1,0,0.6666,0,90.009
1212,12,196,196.37,10,1,52,0,0.45445,0,0.1666,0,163.67,1,0,0.3666,0,163.67,0,0.10403,0.03568,0.10903,0.034705,1,1,0.3666,0.3666,163.67,163.67,1,1,0.3666,0.3666,163.67,163.67
1212,12,198.2,199.17,10,1,53,0.13794,0.72412,0.13333,0.34997,62.073,124.15,0,0.79316,0,0.76667,0,62.073,0.20067,0.052302,0.19258,0.051069,0,2,0,0.9666,0,124.15,1,1,0.9666,0.9666,62.073,62.073
1212,12,199.23,199.87,10,1,54,0,1,0,0.6333,0,94.742,0,0,0,0,0,0,0.18658,0.061037,0.1886,0.060363,0,1.8422,0,0.58333,0,189.48,1,1,0.6333,0.6333,94.742,94.742
1212,12,200,200.3,10,1,55,0,1,0,0.3,0,200,0,0,0,0,0,0,0.1903,0.061181,0.19222,0.062591,0,1,0,0.3,0,200,1,1,0.3,0.3,200,200
1212,12,200.43,200.47,23,1,56,0,1,0,0.0333,0,1801.8,0,0.999,0,0.033267,0,1801.8,0.1644,0.059237,0.1644,0.059237,0,1,0,0.0333,0,1801.8,0,2,0,0.0333,0,3603.6
1212,12,200.7,200.93,10,1,57,0.57137,0.42863,0.1333,0.1,257.18,257.18,0.85727,0,0.2,0,257.18,0,0.24448,0.054667,0.24823,0.0536,0,1,0,0.2333,0,257.18,1,1,0.2333,0.2333,257.18,257.18
1212,12,201.03,201.5,10,1,58,0.50004,0.35712,0.23337,0.16667,128.56,128.56,0,1,0,0.4667,0,128.56,0.25713,0.048845,0.26636,0.047772,1,0.78573,0.4667,0.3667,128.56,128.56,1,1,0.4667,0.4667,128.56,128.56
1212,12,201.6,201.7,15,1,59,0,1,0,0.1,0,600,0,1,0,0.1,0,600,0.17094,0.04258,0.17114,0.042306,0,1,0,0.1,0,600,0,1,0,0.1,0,600
1212,12,206.5,207.47,10,1,60,0.9311,0,0.9,0,62.073,0,0,1,0,0.9666,0,62.073,0.26555,0.053875,0.26367,0.054181,1,1,0.9666,0.9666,62.073,62.073,0,1,0,0.9666,0,62.073
1212,12,208.67,208.77,23,1,61,0,1,0,0.0999,0,600.6,0,1,0,0.0999,0,600.6,0.12846,0.055536,0.12846,0.055536,0,2,0,0.0999,0,1201.2,0,1,0,0.0999,0,600.6
1212,12,209.03,209.23,23,1,62,0,1,0,0.2,0,300,0,1,0,0.2,0,300,0.14902,0.055558,0.1514,0.055346,0,1,0,0.2,0,300,0,1,0,0.2,0,300
1212,12,209.27,209.33,23,1,63,0,1,0,0.0666,0,900.9,0,1,0,0.0666,0,900.9,0.13535,0.054306,0.13535,0.054306,0,1,0,0.0666,0,900.9,0,1,0,0.0666,0,900.9
1212,12,219.6,219.77,23,1,64,0,1,0,0.1666,0,360.14,0,1,0,0.1666,0,360.14,0.1414,0.036717,0.13835,0.037699,0,1,0,0.1666,0,360.14,0,1,0,0.1666,0,360.14
1212,12,219.97,220.23,23,1,65,0,1,0,0.2666,0,225.06,0,1,0,0.2666,0,225.06,0.17717,0.048717,0.17974,0.04754,0,1,0,0.2666,0,225.06,0,1,0,0.2666,0,225.06
1212,12,252.33,252.47,3,1,66,0,1,0,0.1333,0,450.11,0,1,0,0.1333,0,450.11,0.19747,0.076427,0.19942,0.073639,0,2,0,0.1333,0,900.23,0,1,0,0.1333,0,450.11
1212,12,260.87,260.93,3,1,67,0,1,0,0.0666,0,900.9,0,0,0,0,0,0,0.16035,0.065237,0.16035,0.065237,0,0,0,0,0,0,0,2,0,0.0666,0,1801.8
1212,12,261.4,261.47,3,1,68,0,0,0,0,0,0,0,1,0,0.0666,0,900.9,0.13992,0.055576,0.13992,0.055576,0,0,0,0,0,0,0,2,0,0.0666,0,1801.8
1212,12,261.9,262,23,1,69,0,1,0,0.1,0,600,0,1,0,0.1,0,600,0.15179,0.031832,0.15179,0.032219,0,0,0,0,0,0,0,2,0,0.1,0,1200
1212,12,262.7,263.67,8,1,70,1,0,0.9666,0,62.073,0,0.13787,0,0.13327,0,62.073,0,0.10138,0.019023,0.093516,0.018989,2,0,0.9666,0,124.15,0,0.6897,1,0.66667,0.9666,62.073,62.073
1212,12,263.7,264.27,8,1,71,0.82363,0,0.46667,0,105.89,0,1,0,0.5666,0,105.89,0,0.17399,0.027086,0.18332,0.025438,1.8236,0,0.51663,0,211.79,0,0,1.3529,0,0.38327,0,211.79
1212,12,264.67,264.8,3,1,72,0,1,0,0.1333,0,450.11,0,1,0,0.1333,0,450.11,0.14538,0.057537,0.1449,0.057521,0,1,0,0.1333,0,450.11,0,2,0,0.1333,0,900.23
1212,12,265.37,265.4,3,1,73,0,1,0,0.0333,0,1801.8,0,1,0,0.0333,0,1801.8,0,0,0,0,0,1,0,0.0333,0,1801.8,0,2,0,0.0333,0,3603.6
1212,12,265.77,265.97,23,1,74,0,0.33317,0,0.0666,0,300.15,0,1,0,0.1999,0,300.15,0.22982,0.04706,0.23812,0.046137,0,1,0,0.1999,0,300.15,0,2,0,0.1999,0,600.3
1212,12,267.3,267.37,20,1,75,0,1,0,0.0666,0,900.9,0,0,0,0,0,0,0.084299,0.036151,0.084299,0.036151,0,0,0,0,0,0,0,1,0,0.0666,0,900.9
1212,12,267.87,267.9,1,1,76,1,0,0.0333,0,1801.8,0,0,1,0,0.0333,0,1801.8,0,0,0,0,1,0,0.0333,0,1801.8,0,0,1,0,0.0333,0,1801.8
1212,12,267.93,267.97,1,1,77,1,0,0.0333,0,1801.8,0,0,1,0,0.0333,0,1801.8,0.098437,0.043669,0.098437,0.043669,1,0,0.0333,0,1801.8,0,0,1,0,0.0333,0,1801.8
1212,12,268.37,268.97,1,1,78,0.77785,0,0.46663,0,100.02,0,0,1,0,0.5999,0,100.02,0.13246,0.037798,0.12766,0.035425,1.111,0,0.33325,0,200.03,0,0,2,0,0.5999,0,200.03
1212,12,269.37,269.4,10,1,79,0,1,0,0.0333,0,1801.8,0,0,0,0,0,0,0,0,0,0,0,1,0,0.0333,0,1801.8,0,1,0,0.0333,0,1801.8
1212,12,269.7,269.8,10,1,80,0,5.6843e-13,0,5.6843e-14,0,600,0,1,0,0.1,0,600,0.19598,0.070631,0.19541,0.071336,0.33333,1,0.033333,0.1,600,600,0,1,0,0.1,0,600
1212,12,269.8,269.83,5,1,81,0,1,0,0.0333,0,1801.8,0,1,0,0.0333,0,1801.8,0.13545,0.059212,0.13545,0.059212,0,2,0,0.0333,0,3603.6,0,1,0,0.0333,0,1801.8
1212,12,270.17,270.63,18,1,82,0,1,0,0.4666,0,128.59,0,0,0,0,0,0,0.13011,0.055591,0.12805,0.054263,0,1,0,0.4666,0,128.59,0,2,0,0.31107,0,385.77
1212,12,270.8,271.33,14,1,83,0,0.93756,0,0.5,0,112.51,0,1,0,0.5333,0,112.51,0.21492,0.095051,0.21159,0.096204,0,1.3125,0,0.34998,0,225.01,0,2,0,0.5333,0,225.01
1212,12,271.4,272.3,14,1,84,0.33333,0.55556,0.3,0.5,66.667,66.667,0,1,0,0.9,0,66.667,0.21883,0.08338,0.21686,0.074865,0,1.6667,0,0.75,0,133.33,0,2,0,0.9,0,133.33
1212,12,272.3,272.33,18,1,85,0,1,0,0.0333,0,1801.8,0,1,0,0.0333,0,1801.8,0.23529,0.092426,0.23529,0.092426,0,2,0,0.0333,0,3603.6,0,2,0,0.0333,0,3603.6
1212,12,272.4,272.43,14,1,86,0,1,0,0.0333,0,1801.8,0,1,0,0.0333,0,1801.8,0.18412,0.10003,0.18412,0.10003,0,2,0,0.0333,0,3603.6,0,2,0,0.0333,0,3603.6
1212,12,272.97,274.6,1,1,87,1,0,1.6333,0,36.735,0,0.22447,0.42858,0.18332,0.23333,73.471,110.21,0.33909,0.066122,0.3502,0.066367,0.91837,1.0612,1.5,0.86665,36.735,73.471,0,2,0,1.6333,0,73.471
1212,12,274.7,274.9,23,1,88,0,1,0,0.2,0,300,0,1,0,0.2,0,300,0.20741,0.057709,0.21003,0.057624,0,1,0,0.2,0,300,0,2,0,0.2,0,600
1212,12,275.03,275.4,23,1,89,0,1,0,0.3667,0,163.62,0,0.5455,0,0.20003,0,163.62,0.20568,0.053761,0.20143,0.053304,0,1.6363,0,0.30002,0,327.24,0,2,0,0.3667,0,327.24
1212,12,275.8,276.03,23,1,90,0,1,0,0.2333,0,257.18,0,1,0,0.2333,0,257.18,0.2636,0.064016,0.266,0.063678,0,2,0,0.2333,0,514.36,0,2,0,0.2333,0,514.36
1212,12,276.07,276.33,23,1,91,0,1,0,0.2666,0,225.06,0,1,0,0.2666,0,225.06,0.23328,0.058295,0.23995,0.058643,0,2,0,0.2666,0,450.11,0,1.1249,0,0.14995,0,450.11
1212,12,276.67,276.77,1,1,92,1,0,0.0999,0,600.6,0,0,0.667,0,0.066633,0,600.6,0.22257,0.075517,0.22257,0.075517,1,1,0.0999,0.0999,600.6,600.6,0,1,0,0.0999,0,600.6
1212,12,276.93,277.17,1,1,93,1,0,0.2333,0,257.18,0,0,0.57122,0,0.13327,0,257.18,0.20699,0.058775,0.20854,0.05999,1,1,0.2333,0.2333,257.18,257.18,0,1,0,0.2333,0,257.18
1212,12,277.3,277.4,1,1,94,1,0,0.1,0,600,0,0,0.66667,0,0.066667,0,600,0.20732,0.057924,0.20723,0.056498,1,1,0.1,0.1,600,600,0,1,0,0.1,0,600
1212,12,277.73,277.87,1,1,95,1,0,0.1333,0,450.11,0,0,0,0,0,0,0,0.22161,0.064411,0.22185,0.059391,1,1,0.1333,0.1333,450.11,450.11,0,1,0,0.1333,0,450.11
1212,12,278.07,278.13,1,1,96,1,0,0.0666,0,900.9,0,0,0,0,0,0,0,0.21246,0.071631,0.21246,0.071631,1,1,0.0666,0.0666,900.9,900.9,0,1,0,0.0666,0,900.9
1212,12,278.27,278.4,23,1,97,0,1,0,0.1333,0,450.11,0,1,0,0.1333,0,450.11,0.1908,0.062621,0.19072,0.064023,0,2,0,0.1333,0,900.23,0,1,0,0.06665,0,900.23
1212,12,278.63,279.03,23,1,98,0,1,0,0.4,0,150,0,0.58325,0,0.2333,0,150,0.22513,0.062006,0.2273,0.060331,0,1.9168,0,0.38335,0,300,0,2,0,0.4,0,300
1212,12,279.6,279.67,23,1,99,0,1,0,0.0666,0,900.9,0,0.5005,0,0.033333,0,900.9,0.17238,0.05008,0.17238,0.05008,0,1,0,0.0666,0,900.9,0,1,0,0.0666,0,900.9
1212,12,279.97,280.37,23,1,100,0,1,0,0.3999,0,150.04,0,1,0,0.3999,0,150.04,0.20051,0.056127,0.20888,0.055366,0,1.5832,0,0.21104,0,450.11,0,1,0,0.3999,0,150.04
1212,12,280.37,280.73,15,1,101,0,1,0,0.3666,0,163.67,0,0.81815,0,0.14997,0,327.33,0.11419,0.04593,0.11459,0.045798,0,2,0,0.3666,0,327.33,0,1.2727,0,0.23328,0,327.33
1212,12,280.73,281.33,23,1,102,0,0.83333,0,0.25,0,200,0.22228,0,0.13337,0,100,0,0.2364,0.051955,0.22539,0.051905,0,2,0,0.6,0,200,0,2,0,0.6,0,200
1212,12,281.5,281.67,23,1,103,0,1,0,0.1666,0,360.14,0,0,0,0,0,0,0.25068,0.0771,0.2525,0.076554,0,2,0,0.1666,0,720.29,0,2,0,0.1666,0,720.29
1212,12,282.57,286.47,1,1,104,0.86326,0.042719,3.3666,0.1666,15.385,15.385,0.50428,0.4188,1.9666,0.81663,15.385,30.77,0.2509,0.066336,0.25475,0.066447,1,1,3.8999,3.8999,15.385,15.385,0,2,0,3.8999,0,30.77
1212,12,286.7,286.73,23,1,105,0,0,0,0,0,0,0,1,0,0.0333,0,1801.8,0.1644,0.06504,0.1644,0.06504,0,2,0,0.0333,0,3603.6,0,2,0,0.0333,0,3603.6
1212,12,286.77,286.8,10,1,106,0,0,0,0,0,0,0,1,0,0.0333,0,1801.8,0,0,0,0,0,2,0,0.0333,0,3603.6,0,2,0,0.0333,0,3603.6
1212,12,286.8,289.13,1,1,107,0.92858,0,2.1667,0,25.715,0,0,0.81428,0,0.63332,0,77.144,0.31426,0.064089,0.32384,0.064901,1,1,2.3333,2.3333,25.715,25.715,0,2,0,2.3333,0,51.429
1212,12,289.17,289.27,15,1,108,0,0,0,0,0,0,0,1,0,0.0999,0,600.6,0.14676,0.068737,0.14676,0.068737,0,2,0,0.0999,0,1201.2,0,2,0,0.0999,0,1201.2
1212,12,289.57,289.63,8,1,109,1,0,0.0666,0,900.9,0,0,1,0,0.0666,0,900.9,0.14798,0.063936,0.14798,0.063936,1,1,0.0666,0.0666,900.9,900.9,0,2,0,0.0666,0,1801.8
1212,12,289.7,290.97,1,1,110,0.36844,0.39476,0.46667,0.5,47.371,47.371,0.36844,0.47366,0.46667,0.29997,47.371,94.742,0.34977,0.079774,0.36031,0.077721,1,1,1.2666,1.2666,47.371,47.371,0,2,0,1.2666,0,94.742
1212,12,291,291.03,1,1,111,0,0,0,0,0,0,0,1,0,0.0333,0,1801.8,0.18247,0.057421,0.18247,0.057421,1,1,0.0333,0.0333,1801.8,1801.8,0,2,0,0.0333,0,3603.6
1212,12,291.03,291.13,21,1,112,0,0,0,0,0,0,0,0.33367,0,0.033367,0,600,0.32011,0.070288,0.31961,0.070311,0,2,0,0.1,0,1200,0,2,0,0.1,0,1200
1212,12,291.2,291.23,10,1,113,0,0,0,0,0,0,0,0,0,0,0,0,0.15734,0.078137,0.15734,0.078137,0,2,0,0.0333,0,3603.6,0,2,0,0.0333,0,3603.6
1212,12,292.6,292.77,10,1,114,0.79992,0,0.13327,0,360.14,0,0,1,0,0.1666,0,360.14,0.18874,0.084711,0.19018,0.084852,0,1,0,0.1666,0,360.14,0,1,0,0.1666,0,360.14
1212,12,292.83,292.93,3,1,115,0,1,0,0.1,0,600,0,1,0,0.1,0,600,0.18052,0.092467,0.18057,0.09465,0,1,0,0.1,0,600,0,1,0,0.1,0,600
1212,12,293.07,293.2,15,1,116,0,1,0,0.1333,0,450.11,0,1,0,0.1333,0,450.11,0.16521,0.080538,0.1655,0.080594,0,1,0,0.1333,0,450.11,0,2,0,0.1333,0,900.23
1212,12,293.37,293.43,23,1,117,0,0,0,0,0,0,0,1,0,0.0666,0,900.9,0.20673,0.066902,0.20673,0.066902,0,1,0,0.0666,0,900.9,0,2,0,0.0666,0,1801.8
1212,12,293.47,293.6,23,1,118,0,0,0,0,0,0,0,1,0,0.1333,0,450.11,0.25783,0.062185,0.2596,0.06274,0,1,0,0.1333,0,450.11,0,2,0,0.1333,0,900.23
1212,12,293.67,293.77,15,1,119,0,0,0,0,0,0,0,1,0,0.0999,0,600.6,0.17703,0.060883,0.17703,0.060883,0,1,0,0.0999,0,600.6,0,2,0,0.0999,0,1201.2
1212,12,293.93,293.97,20,1,120,0,0,0,0,0,0,0,0,0,0,0,0,0.077344,0.044352,0.077344,0.044352,0,1,0,0.0333,0,1801.8,0,2,0,0.0333,0,3603.6
1212,12,294.23,297.1,16,1,121,0.26745,0.37209,0.38335,1.0667,41.86,20.93,0,0,0,0,0,0,0.22905,0.029979,0.23578,0.031406,0.34883,0.39536,0.5,1.1334,41.86,20.93,0.96512,1,2.7667,2.8667,20.93,20.93
1212,12,297.17,297.63,16,1,122,0.42856,0.42856,0.19997,0.19997,128.59,128.59,0,0,0,0,0,0,0.17962,0.044796,0.18295,0.047482,1.5714,0,0.2444,0,385.77,0,0,1,0,0.4666,0,128.59
1212,12,298.3,298.5,23,1,123,0,0,0,0,0,0,0,1,0,0.2,0,300,0.082179,0.025343,0.083887,0.024498,0,1.5,0,0.15,0,600,0,2,0,0.2,0,600
1212,12,301.9,301.93,14,1,124,0,1,0,0.0333,0,1801.8,0,0,0,0,0,0,0.17358,0.11184,0.17358,0.11184,0,0,0,0,0,0,0,1,0,0.0333,0,1801.8
1212,12,302.33,302.4,13,1,125,0,1,0,0.0667,0,899.55,0,0,0,0,0,0,0.17716,0.13152,0.17716,0.13152,0,0,0,0,0,0,0,1,0,0.0667,0,899.55
1212,12,302.47,302.63,16,1,126,0,0,0,0,0,0,0,0,0,0,0,0,0.21484,0.10419,0.21315,0.10362,0,0,0,0,0,0,0,1,0,0.1666,0,360.14
1212,12,302.73,302.93,18,1,127,0,0,0,0,0,0,0,0,0,0,0,0,0.17068,0.081544,0.17328,0.080499,0,0,0,0,0,0,0,1,0,0.2,0,300
1212,12,302.93,303.07,14,1,128,0,0,0,0,0,0,0,0,0,0,0,0,0.23264,0.10086,0.23333,0.10116,0,0,0,0,0,0,0,1,0,0.1333,0,450.11
1212,12,303.37,304.27,13,1,129,0,0.55562,0,0.5,0,66.674,0,0.33337,0,0.3,0,66.674,0.20786,0.10284,0.2059,0.092432,0,1,0,0.8999,0,66.674,0,1,0,0.8999,0,66.674
1212,12,304.33,304.47,14,1,130,0,0,0,0,0,0,0,0,0,0,0,0,0.20588,0.10278,0.20467,0.10185,0,1,0,0.1333,0,450.11,0,1,0,0.1333,0,450.11
1212,12,304.53,304.6,18,1,131,0,0,0,0,0,0,0,0,0,0,0,0,0.17464,0.09077,0.17464,0.09077,0,1,0,0.0667,0,899.55,0,1,0,0.0667,0,899.55
1212,12,306.93,307.5,23,1,132,0.8823,0,0.5,0,105.88,0,0,0,0,0,0,0,0.055404,0.020283,0.055781,0.020398,0,0,0,0,0,0,0,1,0,0.5667,0,105.88
1212,12,307.77,307.93,23,1,133,1,0,0.1666,0,360.14,0,0,0,0,0,0,0,0.066195,0.024331,0.066522,0.024447,0,0,0,0,0,0,0,1,0,0.1666,0,360.14
1212,12,313.53,313.63,3,1,134,0,1,0,0.1,0,600,0,0,0,0,0,0,0.27536,0.13664,0.27781,0.13669,0,0,0,0,0,0,0,0.99967,0,0.099967,0,600
1212,12,313.73,313.93,15,1,135,0,1,0,0.2,0,300,0,1,0,0.2,0,300,0.28968,0.12959,0.28949,0.13038,0,0,0,0,0,0,0,1,0,0.2,0,300
1212,12,314.1,314.5,3,1,136,0.75,0,0.3,0,150,0,0,0.083333,0,0.033333,0,150,0.26155,0.1112,0.26669,0.11101,0,0.25,0,0.1,0,150,0,1,0,0.4,0,150
1212,12,314.77,314.8,5,1,137,0,1,0,0.0333,0,1801.8,0,0,0,0,0,0,0,0,0,0,0,0,0,0,0,0,0,1,0,0.0333,0,1801.8
1212,12,314.97,315.03,5,1,138,0,0,0,0,0,0,0,0,0,0,0,0,0.14779,0.089002,0.14779,0.089002,0,0,0,0,0,0,0,1,0,0.0666,0,900.9
1212,12,316.83,316.93,23,1,139,0,0,0,0,0,0,0,1,0,0.1,0,600,0.08484,0.035708,0.084404,0.036171,0,0,0,0,0,0,0,1,0,0.1,0,600
1212,12,316.97,317,23,1,140,0,0,0,0,0,0,0,1,0,0.0333,0,1801.8,0,0,0,0,0,0,0,0,0,0,0,1,0,0.0333,0,1801.8
1212,12,319.17,319.3,20,1,141,1,0,0.1333,0,450.11,0,0,1,0,0.1333,0,450.11,0.13464,0.057352,0.13641,0.058388,0,0,0,0,0,0,0,1,0,0.1333,0,450.11
1212,12,319.37,319.4,20,1,142,1,0,0.0333,0,1801.8,0,0,1,0,0.0333,0,1801.8,0,0,0,0,0,0,0,0,0,0,0,1,0,0.0333,0,1801.8
1212,12,319.87,320.53,23,1,143,0,0.35004,0,0.23333,0,90.009,0,0.55001,0,0.36663,0,90.009,0.13502,0.042043,0.14101,0.042407,0,0,0,0,0,0,0,1,0,0.6666,0,90.009
1212,12,320.77,321.63,23,1,144,0.42311,0.15382,0.36667,0.1333,69.236,69.236,0,0.38461,0,0.3333,0,69.236,0.11236,0.041962,0.10928,0.041897,0,0,0,0,0,0,0,1,0,0.8666,0,69.236
1212,12,321.9,322.07,20,1,145,0,1,0,0.1666,0,360.14,0,0,0,0,0,0,0.15449,0.070012,0.15442,0.069506,0,1,0,0.1666,0,360.14,0,1,0,0.1666,0,360.14
1212,12,322.07,322.1,23,1,146,0,1,0,0.0333,0,1801.8,0,0,0,0,0,0,0,0,0,0,0,1,0,0.0333,0,1801.8,0,1,0,0.0333,0,1801.8
1212,12,322.1,322.13,20,1,147,0,1,0,0.0333,0,1801.8,0,0,0,0,0,0,0.15679,0.069648,0.15679,0.069648,0,1,0,0.0333,0,1801.8,0,1,0,0.0333,0,1801.8
1212,12,322.13,322.17,23,1,148,0,1,0,0.0333,0,1801.8,0,0,0,0,0,0,0.12896,0.051069,0.12896,0.051069,0,1,0,0.0333,0,1801.8,0,1,0,0.0333,0,1801.8
1212,12,322.17,322.2,20,1,149,0,1,0,0.0333,0,1801.8,0,0,0,0,0,0,0,0,0,0,0,1,0,0.0333,0,1801.8,0,1,0,0.0333,0,1801.8
1212,12,322.33,322.47,23,1,150,0,1,0,0.1333,0,450.11,0,0,0,0,0,0,0.16077,0.084084,0.15905,0.077531,0,1,0,0.1333,0,450.11,0,1,0,0.1333,0,450.11
1212,12,322.5,322.53,24,1,151,0,1,0,0.0333,0,1801.8,0,1,0,0.0333,0,1801.8,0.22588,0.11455,0.22588,0.11455,0,1,0,0.0333,0,1801.8,0,1,0,0.0333,0,1801.8
1212,12,322.7,323,22,1,152,1,0,0.3,0,200,0,0,1,0,0.3,0,200,0.24521,0.071731,0.24803,0.069146,1,0,0.3,0,200,0,0,1,0,0.3,0,200
1212,12,323.1,323.6,23,1,153,0,1,0,0.5,0,120,0,0.33333,0,0.16667,0,120,0.19579,0.072333,0.19116,0.072593,0,1,0,0.5,0,120,0,1.0667,0,0.26667,0,240
1212,12,323.83,324.6,22,1,154,1,0,0.7667,0,78.257,0,0.913,0,0.7,0,78.257,0,0.16793,0.055584,0.1675,0.055383,1,0,0.7667,0,78.257,0,0,1.4348,0,0.55003,0,156.51
1212,12,324.83,324.9,22,1,155,1,0,0.0667,0,899.55,0,0,1,0,0.0667,0,899.55,0.17368,0.063223,0.17368,0.063223,1,0,0.0667,0,899.55,0,0,1,0,0.0667,0,899.55
1212,12,325.1,325.23,23,1,156,0,0.49987,0,0.066633,0,450.11,0,1,0,0.1333,0,450.11,0.15358,0.059137,0.15575,0.059641,0,1,0,0.1333,0,450.11,0,1,0,0.1333,0,450.11
1212,12,326.63,328.1,23,1,157,0,1,0,1.4667,0,40.908,0,1,0,1.4667,0,40.908,0.11013,0.041901,0.11073,0.042008,0,1,0,1.4667,0,40.908,0,1,0,1.4667,0,40.908
1212,12,332.37,332.6,23,1,158,0,1,0,0.2333,0,257.18,0,1,0,0.2333,0,257.18,0.11752,0.04794,0.11831,0.047291,0,0,0,0,0,0,0,1,0,0.2333,0,257.18
1212,12,350.6,350.63,23,1,159,0,0,0,0,0,0,0,1,0,0.0333,0,1801.8,0.13127,0.048159,0.13127,0.048159,0,1,0,0.0333,0,1801.8,0,1,0,0.0333,0,1801.8
1212,12,351.17,351.23,23,1,160,0,1,0,0.0666,0,900.9,0,1,0,0.0666,0,900.9,0.20271,0.064352,0.20271,0.064352,0,0,0,0,0,0,0,1,0,0.0666,0,900.9
1212,12,383.27,383.47,3,1,161,0,0,0,0,0,0,0,0,0,0,0,0,0.091999,0.045063,0.092324,0.044913,0,0,0,0,0,0,0,1,0,0.1999,0,300.15
1212,12,383.5,384.1,23,1,162,0.5,0,0.3,0,100,0,0,0.33333,0,0.2,0,100,0.15815,0.054774,0.16323,0.055053,0,0,0,0,0,0,0,1,0,0.6,0,100
1212,12,384.1,384.13,9,1,163,0,0,0,0,0,0,0,1,0,0.0333,0,1801.8,0.15691,0.056818,0.15691,0.056818,0,0,0,0,0,0,0,1,0,0.0333,0,1801.8
1212,12,384.13,384.17,23,1,164,0,0,0,0,0,0,0,1,0,0.0333,0,1801.8,0.085495,0.039031,0.085495,0.039031,0,0,0,0,0,0,0,1,0,0.0333,0,1801.8
1212,12,384.5,385.7,23,1,165,0,0.94444,0,1.1333,0,50,0,1,0,1.2,0,50,0.12269,0.036502,0.12938,0.036593,0,0,0,0,0,0,0,1,0,1.2,0,50
1212,12,390.53,390.57,21,1,166,0,1,0,0.0333,0,1801.8,0,1,0,0.0333,0,1801.8,0.15266,0.065106,0.15266,0.065106,0,1,0,0.0333,0,1801.8,0,1,0,0.0333,0,1801.8
1212,12,443.8,444.33,23,2,167,0,0.43753,0,0.23333,0,112.51,0,0,0,0,0,0,0.13491,0.045791,0.13207,0.045037,0,0,0,0,0,0,0,1,0,0.5333,0,112.51
1212,12,447.53,447.67,18,2,168,0,1,0,0.1333,0,450.11,0,1,0,0.1333,0,450.11,0.057614,0.025738,0.057855,0.025636,0,1,0,0.1333,0,450.11,0,1,0,0.1333,0,450.11
1212,12,448.1,448.13,3,2,169,0,0,0,0,0,0,0,1,0,0.0333,0,1801.8,0.088802,0.043495,0.088802,0.043495,0,1,0,0.0333,0,1801.8,0,1,0,0.0333,0,1801.8
1212,12,448.2,449.83,23,2,170,0.040797,0.75512,0.066633,1.2333,36.735,36.735,0,0.91837,0,0.49999,0,110.21,0.14243,0.042063,0.13923,0.043111,0,1.3061,0,1.0667,0,73.471,0,1,0,1.6333,0,36.735
1212,12,452.17,453.8,23,2,171,0.16325,0.48981,0.26663,0.4,36.735,73.471,0.061226,0.36733,0.1,0.19999,36.735,110.21,0.1637,0.052135,0.16479,0.054044,0,2,0,1.6333,0,73.471,0,1.3265,0,0.72221,0,110.21
1212,12,454.03,454.27,23,2,172,0,0,0,0,0,0,0,0,0,0,0,0,0.12954,0.044861,0.13478,0.043497,0,2,0,0.2333,0,514.36,0,2,0,0.2333,0,514.36
1212,12,454.87,455.03,23,2,173,0,0,0,0,0,0,0,1,0,0.1666,0,360.14,0.097712,0.023756,0.098159,0.023574,0,2,0,0.1666,0,720.29,0,1.6,0,0.13328,0,720.29
1212,12,459.53,461.03,23,2,174,0,1,0,1.5,0,40,0,0.86667,0,0.325,0,160,0.16632,0.040196,0.16632,0.040422,0,2,0,1.5,0,80,0,0.99998,0,1.5,0,40
1212,12,468.3,470.17,23,2,175,0,1,0,1.8666,0,32.144,0,1,0,1.8666,0,32.144,0.17637,0.04231,0.18646,0.042161,0,1,0,1.8666,0,32.144,0,1,0,1.8666,0,32.144
1212,12,470.3,471.63,23,2,176,0,1,0,1.3333,0,45.001,0,1,0,1.3333,0,45.001,0.1572,0.04326,0.1602,0.04333,0,1,0,1.3333,0,45.001,0,1,0,1.3333,0,45.001
1212,12,471.73,471.9,23,2,177,0,1,0,0.1667,0,359.93,0,1,0,0.1667,0,359.93,0.12788,0.038662,0.12777,0.038519,0,1,0,0.1667,0,359.93,0,1,0,0.1667,0,359.93
1212,12,472.2,472.8,23,2,178,0,1,0,0.6,0,100,0,1,0,0.6,0,100,0.16175,0.04609,0.16246,0.045871,0,1,0,0.6,0,100,0,1,0,0.6,0,100
1212,12,472.83,473.9,23,2,179,0,1,0,1.0667,0,56.248,0,0.15628,0,0.1667,0,56.248,0.16533,0.039424,0.1644,0.038552,0,1,0,1.0667,0,56.248,0,1,0,1.0667,0,56.248
1212,12,474,474.3,23,2,180,0,1,0,0.3,0,200,0,0,0,0,0,0,0.13649,0.03696,0.1381,0.035181,0,1,0,0.3,0,200,0,1,0,0.3,0,200
1212,12,479.8,480.43,23,2,181,0,0.15785,0,0.099967,0,94.742,0,1,0,0.6333,0,94.742,0.15935,0.047331,0.15899,0.048328,0,0.26312,0,0.16663,0,94.742,0,1,0,0.31665,0,189.48
1212,12,480.47,480.53,23,2,182,0,1,0,0.0666,0,900.9,0,1,0,0.0666,0,900.9,0.164,0.069257,0.164,0.069257,0,1,0,0.0666,0,900.9,0,1,0,0.0666,0,900.9
1212,12,480.57,480.6,23,2,183,0,1,0,0.0333,0,1801.8,0,1,0,0.0333,0,1801.8,0,0,0,0,0,1,0,0.0333,0,1801.8,0,1,0,0.0333,0,1801.8
1212,12,480.8,481.23,23,2,184,0,0.76921,0,0.16665,0,276.94,0,1,0,0.4333,0,138.47,0.16136,0.048586,0.16632,0.052912,0,1,0,0.4333,0,138.47,0,1,0,0.4333,0,138.47
1212,12,482.47,482.57,16,2,185,0,1,0,0.0999,0,600.6,0,1,0,0.0999,0,600.6,0.077985,0.023141,0.077985,0.023141,0,1,0,0.0999,0,600.6,0,1,0,0.0999,0,600.6
1212,12,501.87,502.93,3,2,186,0.68751,0.031221,0.7333,0.0333,56.254,56.254,0,1,0,1.0666,0,56.254,0.30287,0.036113,0.3186,0.035703,1,1,1.0666,1.0666,56.254,56.254,0,1,0,1.0666,0,56.254
1212,12,503.07,503.53,3,2,187,0,0.5,0,0.2333,0,128.59,0,1,0,0.4666,0,128.59,0.09333,0.028435,0.090234,0.028035,1,1,0.4666,0.4666,128.59,128.59,0,1,0,0.4666,0,128.59
1212,12,504.9,507.03,3,2,188,0.15625,0.64062,0.33333,0.68332,28.125,56.251,0,0.046876,0,0.1,0,28.125,0.15478,0.033444,0.15093,0.033052,0.40626,0,0.28889,0,84.376,0,0,1,0,2.1333,0,28.125
1212,12,507.6,508.2,3,2,189,0,1,0,0.6,0,100,0,0,0,0,0,0,0.099905,0.033974,0.098167,0.033707,0,1,0,0.6,0,100,0,1,0,0.6,0,100
1212,12,520.37,520.77,3,2,190,0.7501,0,0.29997,0,150.04,0,0,1,0,0.3999,0,150.04,0.13201,0.033722,0.13171,0.032715,1,1,0.3999,0.3999,150.04,150.04,0,1,0,0.3999,0,150.04
1212,12,537.23,538.33,23,2,191,0,0.66667,0,0.73333,0,54.545,0,1,0,1.1,0,54.545,0.12223,0.030474,0.11849,0.029975,0,1,0,1.1,0,54.545,0,1.7575,0,0.96665,0,109.09
1212,12,539.27,539.87,12,2,192,0,1,0,0.5999,0,100.02,0.33333,0,0.19997,0,100.02,0,0.072089,0.029732,0.072917,0.030052,0,1,0,0.5999,0,100.02,1,1,0.5999,0.5999,100.02,100.02
1212,12,539.9,540.17,12,2,193,0,1,0,0.2666,0,225.06,0,0,0,0,0,0,0.070139,0.031506,0.071235,0.031678,0,1,0,0.2666,0,225.06,1,1,0.2666,0.2666,225.06,225.06
1212,12,540.4,540.53,12,2,194,0,1,0,0.1333,0,450.11,0,0,0,0,0,0,0.084902,0.029179,0.084894,0.028789,0,1,0,0.1333,0,450.11,1,1,0.1333,0.1333,450.11,450.11
1212,12,541.27,541.37,12,2,195,0,1,0,0.0999,0,600.6,0,0,0,0,0,0,0.074899,0.027131,0.074899,0.027131,0,0.333,0,0.033267,0,600.6,1,1,0.0999,0.0999,600.6,600.6
1212,12,541.53,541.6,12,2,196,0,1,0,0.0667,0,899.55,0,0,0,0,0,0,0.079367,0.026669,0.079367,0.026669,0,1,0,0.0667,0,899.55,1,1,0.0667,0.0667,899.55,899.55
1212,12,542.23,542.57,11,2,197,1,0,0.3333,0,180.02,0,1,0,0.3333,0,180.02,0,0.11335,0.034922,0.11621,0.034073,1,0,0.3333,0,180.02,0,0,1.5002,0,0.25,0,360.04
1212,12,547.67,547.73,3,2,198,0,1,0,0.0666,0,900.9,0,1,0,0.0666,0,900.9,0.13234,0.048009,0.13234,0.048009,0,2,0,0.0666,0,1801.8,0,1,0,0.0666,0,900.9
1212,12,549.4,549.53,3,2,199,0,1,0,0.1333,0,450.11,0,1,0,0.1333,0,450.11,0.1039,0.033945,0.1036,0.032616,0,2,0,0.1333,0,900.23,0,1,0,0.1333,0,450.11
1212,12,607.23,607.33,23,2,200,0,1,0,0.1,0,600,0,1,0,0.1,0,600,0.07119,0.022762,0.071081,0.022737,0,1,0,0.1,0,600,0,0.99967,0,0.099967,0,600
1212,12,607.43,607.77,23,2,201,0,1,0,0.3333,0,180.02,0,1,0,0.3333,0,180.02,0.075121,0.025288,0.075465,0.024072,0,1,0,0.3333,0,180.02,0,0.9999,0,0.33327,0,180.02
1212,12,607.8,607.83,23,2,202,0,0,0,0,0,1801.8,0,1,0,0.0333,0,1801.8,0.069372,0.02775,0.069372,0.02775,0,1,0,0.0333,0,1801.8,0,1,0,0.0333,0,1801.8
1212,12,608.3,608.63,3,2,203,0,1,0,0.3333,0,180.02,0,1,0,0.3333,0,180.02,0.13253,0.049963,0.13248,0.051348,0,0,0,0,0,0,0,1.8,0,0.29997,0,360.04
1212,12,612.27,612.63,3,2,204,0,1,0,0.3666,0,163.67,0,1,0,0.3666,0,163.67,0.10546,0.039781,0.10587,0.039978,0,1,0,0.3666,0,163.67,0,1,0,0.3666,0,163.67
1212,12,626.37,627.2,23,2,205,0,0.88,0,0.36665,0,144.01,0,0.63999,0,0.26665,0,144.01,0.17479,0.050132,0.17459,0.049584,0,2,0,0.8333,0,144.01,0,1,0,0.8333,0,72.003
1212,12,627.43,627.6,20,2,206,0,1,0,0.1667,0,359.93,0,0.59988,0,0.1,0,359.93,0.079338,0.032741,0.080156,0.032747,0,2,0,0.1667,0,719.86,0,1,0,0.1667,0,359.93
1212,12,627.87,628,20,2,207,0,1,0,0.1333,0,450.11,0,1,0,0.1333,0,450.11,0.070379,0.030188,0.070225,0.030257,0,2,0,0.1333,0,900.23,0,1,0,0.1333,0,450.11
1212,12,628.2,628.4,20,2,208,0,1,0,0.2,0,300,0,0.66667,0,0.13333,0,300,0.079839,0.030748,0.080495,0.030526,0,2,0,0.2,0,600,0,1,0,0.2,0,300
1212,12,628.57,629,23,2,209,0,1,0,0.4333,0,138.47,0,1,0,0.4333,0,138.47,0.10795,0.035003,0.10962,0.034891,0,2,0,0.4333,0,276.94,0,1,0,0.4333,0,138.47
1212,12,629.43,629.63,20,2,210,0,0.00016667,0,3.3333e-05,0,300,0,1,0,0.2,0,300,0.080091,0.033555,0.07984,0.033229,0,2,0,0.2,0,600,0,1,0,0.2,0,300
1212,12,629.8,629.83,23,2,211,0,0,0,0,0,0,0,1,0,0.0333,0,1801.8,0.099316,0.023792,0.099316,0.023792,0,2,0,0.0333,0,3603.6,0,1,0,0.0333,0,1801.8
1212,12,629.9,629.93,14,2,212,0,0,0,0,0,0,0,1,0,0.0333,0,1801.8,0.050654,0.016146,0.050654,0.016146,0,2,0,0.0333,0,3603.6,0,1,0,0.0333,0,1801.8
1212,12,631,631.4,2,2,213,0,0,0,0,0,0,0,0,0,0,0,0,0.06538,0.016835,0.0604,0.017186,2,0,0.4,0,300,0,0,1,0,0.4,0,150
1212,12,632.1,632.13,3,2,214,0,0,0,0,0,0,0,0,0,0,0,0,0.056706,0.018047,0.056706,0.018047,0,2,0,0.0333,0,3603.6,0,1,0,0.0333,0,1801.8
1212,12,632.13,632.2,23,2,215,0,0,0,0,0,0,0,0,0,0,0,0,0.14965,0.051579,0.14965,0.051579,0,2,0,0.0667,0,1799.1,0,1,0,0.0667,0,899.55
1212,12,632.5,632.57,20,2,216,0,1,0,0.0666,0,900.9,0,0,0,0,0,0,0.085749,0.035634,0.085749,0.035634,0,1.4995,0,0.049933,0,1801.8,0,1,0,0.0666,0,900.9
1212,12,632.93,633.23,20,2,217,0,1,0,0.3,0,200,0,1,0,0.3,0,200,0.077128,0.02674,0.077813,0.026124,0,1.4446,0,0.21668,0,400,0,1,0,0.3,0,200
1212,12,633.93,634.1,23,2,218,0,1,0,0.1667,0,359.93,0,1,0,0.1667,0,359.93,0.12005,0.049986,0.12316,0.050353,0,0.60008,0,0.10003,0,359.93,0,1,0,0.1667,0,359.93
1212,12,634.47,634.5,23,2,219,0,1,0,0.0333,0,1801.8,0,1,0,0.0333,0,1801.8,0,0,0,0,0,0,0,0,0,0,0,1,0,0.0333,0,1801.8
1212,12,634.53,635.2,23,2,220,0,1,0,0.6667,0,89.996,0,0.65002,0,0.43337,0,89.996,0.15953,0.049532,0.15898,0.050679,0,0.24999,0,0.16667,0,89.996,0,1,0,0.6667,0,89.996
1212,12,635.63,635.73,3,2,221,0,1,0,0.1,0,600,0,1,0,0.1,0,600,0.15206,0.056914,0.15563,0.057321,0,0,0,0,0,0,0,1,0,0.1,0,600
1212,12,635.77,635.9,3,2,222,0,1,0,0.1333,0,450.11,0,1,0,0.1333,0,450.11,0.13417,0.0631,0.13343,0.063346,0,0,0,0,0,0,0,1,0,0.1333,0,450.11
1212,12,636.67,636.83,23,2,223,0,1,0,0.1666,0,360.14,0,1,0,0.1666,0,360.14,0.1894,0.070981,0.18896,0.072654,0,0,0,0,0,0,0,1,0,0.1666,0,360.14
1212,12,641.6,641.97,20,2,224,0,1,0,0.3666,0,163.67,0,0.81815,0,0.29993,0,163.67,0.064535,0.02493,0.064665,0.024951,0,2,0,0.2444,0,491,0,1,0,0.3666,0,163.67
1212,12,643.2,643.4,20,2,225,0,1,0,0.2,0,300,0,0,0,0,0,0,0.07915,0.038576,0.079759,0.038863,0,1,0,0.2,0,300,0,1,0,0.2,0,300
1212,12,643.6,644.23,20,2,226,0,1,0,0.6333,0,94.742,0,0.89473,0,0.56663,0,94.742,0.10619,0.052987,0.10796,0.054933,0,1.421,0,0.44997,0,189.48,0,1,0,0.6333,0,94.742
1212,12,644.87,644.9,23,2,227,0,0,0,0,0,0,0,0,0,0,0,0,0,0,0,0,0,0,0,0,0,0,0,1,0,0.0333,0,1801.8
1212,12,644.97,645,23,2,228,0,0,0,0,0,0,0,0,0,0,0,0,0,0,0,0,0,0,0,0,0,0,0,1,0,0.0333,0,1801.8
1212,12,645.5,645.87,23,2,229,0,1,0,0.3666,0,163.67,0,0.090926,0,0.033333,0,163.67,0.1809,0.060179,0.18361,0.058694,0,0,0,0,0,0,0,1,0,0.3666,0,163.67
1212,12,646.13,646.17,2,2,230,0,0,0,0,0,0,0,1,0,0.0333,0,1801.8,0.17651,0.081366,0.17651,0.081366,0.999,0,0.033267,0,1801.8,0,0,1,0,0.0333,0,1801.8
1212,12,646.57,646.6,3,2,231,0,1,0,0.0333,0,1801.8,0,1,0,0.0333,0,1801.8,0,0,0,0,0,1,0,0.0333,0,1801.8,0,1,0,0.0333,0,1801.8
1212,12,646.83,647.07,2,2,232,0,1,0,0.2333,0,257.18,0,0.14302,0,0.033367,0,257.18,0.21805,0.078268,0.22128,0.080493,1,0,0.2333,0,257.18,0,0,1,0,0.2333,0,257.18
1212,12,648.03,648.33,3,2,233,0,0.77789,0,0.23337,0,200,0,0,0,0,0,0,0.1779,0.067216,0.1785,0.067416,0,1,0,0.3,0,200,0,1,0,0.3,0,200
1212,12,648.37,648.8,23,2,234,0,0.84622,0,0.36667,0,138.47,0,0,0,0,0,0,0.18237,0.070139,0.18352,0.071456,0,1,0,0.4333,0,138.47,0,1,0,0.4333,0,138.47
1212,12,649.6,649.8,10,2,235,0,0.5,0,0.1,0,300,0,0,0,0,0,0,0.13069,0.06804,0.13147,0.066732,0,0.33333,0,0.066667,0,300,0,1,0,0.2,0,300
1212,12,650.03,650.13,10,2,236,0,1,0,0.1,0,600,0,0,0,0,0,0,0.14444,0.068617,0.1425,0.068354,0,1,0,0.1,0,600,0,1,0,0.1,0,600
1212,12,650.57,651.03,10,2,237,0,0.78576,0,0.36663,0,128.59,0,0.5,0,0.2333,0,128.59,0.13673,0.065205,0.14094,0.063071,0,0.71432,0,0.3333,0,128.59,0,1,0,0.4666,0,128.59
1212,12,651.17,651.27,15,2,238,0,0.66667,0,0.0666,0,600.6,0,1,0,0.0999,0,600.6,0.12604,0.064733,0.12604,0.064733,0,0,0,0,0,0,0,1,0,0.0999,0,600.6
1212,12,651.53,651.93,15,2,239,0,0.83333,0,0.16667,0,300,0,0.083417,0,0.033367,0,150,0.18922,0.069852,0.19044,0.070636,0,0,0,0,0,0,0,1,0,0.4,0,150
1212,12,652.1,652.7,15,2,240,0,1,0,0.6,0,100,0,0,0,0,0,0,0.19544,0.060674,0.19666,0.056639,0,0,0,0,0,0,0,1,0,0.6,0,100
1212,12,652.73,652.77,15,2,241,0,1,0,0.0333,0,1801.8,0,0,0,0,0,0,0.16585,0.054815,0.16585,0.054815,0,0,0,0,0,0,0,1,0,0.0333,0,1801.8
1212,12,653.37,653.43,21,2,242,1,0,0.0666,0,900.9,0,0,0,0,0,0,0,0.12939,0.070578,0.12939,0.070578,0,0,0,0,0,0,0,1,0,0.0666,0,900.9
1212,12,654.37,654.4,10,2,243,0,1,0,0.0333,0,1801.8,0,0,0,0,0,0,0,0,0,0,0,0,0,0,0,0,0,1,0,0.0333,0,1801.8
1212,12,654.47,654.53,10,2,244,0,1,0,0.0666,0,900.9,0,0,0,0,0,0,0.12177,0.073588,0.12177,0.073588,0,0,0,0,0,0,0,1,0,0.0666,0,900.9
1212,12,654.73,655.3,10,2,245,0,0.88236,0,0.25002,0,211.75,0,0,0,0,0,0,0.13862,0.057457,0.13773,0.05633,0,0,0,0,0,0,0,1,0,0.5667,0,105.88
1212,12,655.43,655.47,10,2,246,0,1,0,0.0333,0,1801.8,0,0,0,0,0,0,0.16417,0.082686,0.16417,0.082686,0,0,0,0,0,0,0,1,0,0.0333,0,1801.8
1212,12,655.53,655.7,18,2,247,0.00019996,0,3.3333e-05,0,359.93,0,0,0,0,0,0,0,0.16535,0.082799,0.17402,0.081975,0,0,0,0,0,0,0,1,0,0.1667,0,359.93
1212,12,655.87,656.03,4,2,248,0,0,0,0,0,0,0,0,0,0,0,0,0.20088,0.11459,0.20306,0.12173,0,0,0,0,0,0,0,1,0,0.1666,0,360.14
1212,12,656.43,656.63,10,2,249,0,0,0,0,0,0,0,0,0,0,0,0,0.22592,0.092225,0.2255,0.096831,0,0,0,0,0,0,0,1,0,0.2,0,300
1212,12,656.87,657,21,2,250,0,0,0,0,0,0,0,0,0,0,0,0,0.21605,0.086852,0.21375,0.087343,0,0,0,0,0,0,0,1,0,0.1333,0,450.11
1212,12,659.2,659.47,5,2,251,0,1,0,0.2666,0,225.06,0,1,0,0.2666,0,225.06,0.1875,0.093205,0.18698,0.093307,0,0,0,0,0,0,0,1,0,0.2666,0,225.06
1212,12,659.5,659.53,5,2,252,0,0,0,0,0,0,0,1,0,0.0333,0,1801.8,0.17024,0.10247,0.17024,0.10247,0,0,0,0,0,0,0,1,0,0.0333,0,1801.8
1212,12,659.63,659.8,5,2,253,0,0,0,0,0,0,0,1,0,0.1667,0,359.93,0.1637,0.093089,0.16385,0.097737,0,0,0,0,0,0,0,1,0,0.1667,0,359.93
1212,12,660.03,661.03,5,2,254,0,0.89997,0,0.89997,0,60,0,0.90003,0,0.90003,0,60,0.2526,0.10265,0.25021,0.10375,0,0.36667,0,0.36667,0,60,0,1.9334,0,0.96668,0,120
1212,12,661.8,662.07,16,2,255,0,0,0,0,0,0,0,0.37484,0,0.099933,0,225.06,0.2457,0.11197,0.25128,0.11114,0,1,0,0.2666,0,225.06,0,1,0,0.2666,0,225.06
1212,12,662.23,662.43,16,2,256,0,0,0,0,0,0,0.1665,0.66683,0.0333,0.13337,300,300,0.16814,0.088272,0.16812,0.086835,0,1,0,0.2,0,300,0,1,0,0.2,0,300
1212,12,662.57,662.93,16,2,257,0,1,0,0.3666,0,163.67,0.18176,0,0.066633,0,163.67,0,0.17113,0.077491,0.17304,0.077265,0,1,0,0.3666,0,163.67,0,1,0,0.3666,0,163.67
1212,12,663.3,663.4,21,2,258,0,1,0,0.1,0,600,0,1,0,0.1,0,600,0.15487,0.079484,0.15555,0.079536,0,1,0,0.1,0,600,0,1,0,0.1,0,600
1212,12,663.57,664,21,2,259,0.38464,0.53843,0.16667,0.2333,138.47,138.47,0,0.69236,0,0.3,0,138.47,0.15099,0.058299,0.14918,0.057383,0,0.076852,0,0.0333,0,138.47,0,1,0,0.4333,0,138.47
1212,12,664.57,664.6,13,2,260,0,1,0,0.0333,0,1801.8,0,1,0,0.0333,0,1801.8,0,0,0,0,0,1,0,0.0333,0,1801.8,0,1,0,0.0333,0,1801.8
1212,12,664.63,664.7,18,2,261,0,1,0,0.0667,0,899.55,0,0.50025,0,0.033367,0,899.55,0.19882,0.082153,0.19882,0.082153,0,1,0,0.0667,0,899.55,0,1,0,0.0667,0,899.55
1212,12,673.93,674.33,21,2,262,1,0,0.4,0,150,0,0,1,0,0.4,0,150,0.22142,0.034745,0.22374,0.035003,2,0,0.4,0,300,0,0,0.99992,0,0.19998,0,300
1212,12,674.67,675.3,21,2,263,1,0,0.6333,0,94.742,0,0.36844,0.47371,0.23333,0.3,94.742,94.742,0.18932,0.039322,0.19303,0.042367,1.5263,0,0.48332,0,189.48,0,0,1,0,0.6333,0,94.742
1212,12,675.37,677.3,21,2,264,0.94827,0,1.8333,0,31.035,0,1,0,1.9333,0,31.035,0,0.16854,0.040391,0.16333,0.040901,2,0,1.9333,0,62.07,0,0,1,0,1.9333,0,31.035
1212,12,680.3,680.33,21,2,265,0,1,0,0.0333,0,1801.8,0,1,0,0.0333,0,1801.8,0.096289,0.035682,0.096289,0.035682,0,1,0,0.0333,0,1801.8,0,1,0,0.0333,0,1801.8
1212,12,681.5,681.67,23,2,266,0,1,0,0.1666,0,360.14,0,1,0,0.1666,0,360.14,0.11965,0.04186,0.12103,0.041889,0,1,0,0.1666,0,360.14,0,1,0,0.1666,0,360.14
1212,12,681.7,681.9,23,2,267,0,1,0,0.2,0,300,0,0.5,0,0.05,0,600,0.11701,0.046411,0.11938,0.046512,0,1,0,0.2,0,300,0,1,0,0.2,0,300
1212,12,682.3,682.4,6,2,268,0,1,0,0.1,0,600,0,1,0,0.1,0,600,0.09094,0.038685,0.090547,0.039248,0,1,0,0.1,0,600,0,1,0,0.1,0,600
1212,12,682.93,682.97,23,2,269,0,1,0,0.0333,0,1801.8,0,1,0,0.0333,0,1801.8,0.10544,0.041916,0.10544,0.041916,0,1,0,0.0333,0,1801.8,0,1,0,0.0333,0,1801.8
1213,12,71,71.033,17,1,1,0,1,0,0.0333,0,1801.8,0,1,0,0.0333,0,1801.8,0.054355,0.017719,0.054355,0.017719,0,2,0,0.0333,0,3603.6,0,1,0,0.0333,0,1801.8
1213,12,71.333,71.833,17,1,2,0,0.80007,0,0.40003,0,120,0,0.20007,0,0.10003,0,120,0.071742,0.018397,0.072256,0.01855,0,2,0,0.5,0,240,0,0.99993,0,0.49997,0,120
1213,12,71.967,73.6,17,1,3,0,0,0,0,0,0,0,0,0,0,0,0,0.073399,0.019982,0.073112,0.019788,0,2,0,1.6333,0,73.471,0,1.0204,0,0.83332,0,73.471
1213,12,74.3,74.5,17,1,4,0,1,0,0.2,0,300,0,0,0,0,0,0,0.068216,0.018918,0.066621,0.018805,0,2,0,0.2,0,600,0,1,0,0.2,0,300
1213,12,74.833,75.633,17,1,5,0,0.95833,0,0.38333,0,150,0,1,0,0.8,0,75,0.080215,0.019473,0.079417,0.019046,0,1,0,0.8,0,75,0,1,0,0.8,0,75
1213,12,75.733,76.5,17,1,6,0,0.99996,0,0.76667,0,78.257,0,4.3476e-05,0,3.3333e-05,0,78.257,0.081499,0.019081,0.081595,0.01889,0,1,0,0.7667,0,78.257,0,1,0,0.7667,0,78.257
1213,12,88.033,89.033,18,1,7,0,1,0,1,0,60,0,0.46663,0,0.46663,0,60,0.13172,0.04278,0.12893,0.040713,0,2,0,1,0,120,0,0.99997,0,0.99997,0,60
1213,12,89.167,89.367,17,1,8,0,1,0,0.1999,0,300.15,0,1,0,0.1999,0,300.15,0.087168,0.02752,0.090241,0.028506,0,2,0,0.1999,0,600.3,0,1,0,0.1999,0,300.15
1213,12,89.467,89.5,17,1,9,0,0,0,0,0,0,0,0,0,0,0,0,0,0,0,0,0,2,0,0.0333,0,3603.6,0,1,0,0.0333,0,1801.8
1213,12,90.933,91.867,15,1,10,0,0.99996,0,0.93327,0,64.288,0,0.82142,0,0.38332,0,128.58,0.18475,0.044597,0.20296,0.043931,0,1.6071,0,0.49998,0,192.86,0,1,0,0.9333,0,64.288
1213,12,91.933,92.3,16,1,11,1,0,0.3667,0,163.62,0,1,0,0.3667,0,163.62,0,0.24483,0.045558,0.24477,0.045592,1,1,0.3667,0.3667,163.62,163.62,0,1,0,0.3667,0,163.62
1213,12,100.23,100.73,10,1,12,0,0,0,0,0,0,0,0,0,0,0,0,0.21801,0.034488,0.22544,0.035693,1.5999,0,0.39998,0,240,0,0,1,0,0.5,0,120
1213,12,101.43,102.17,17,1,13,0,1,0,0.7333,0,81.822,0,0,0,0,0,0,0.063329,0.017087,0.063372,0.017058,0,2,0,0.7333,0,163.64,0,1,0,0.7333,0,81.822
1213,12,114.63,115.3,18,1,14,1,0,0.6667,0,89.996,0,0,0.44998,0,0.3,0,89.996,0.11933,0.03452,0.11679,0.034438,1,1,0.6667,0.6667,89.996,89.996,0,0.99995,0,0.66667,0,89.996
1213,12,118.63,119.37,17,1,15,0,0.54543,0,0.19998,0,163.64,0,0.90909,0,0.33332,0,163.64,0.094582,0.024108,0.093691,0.022378,0,2,0,0.7333,0,163.64,0,1.5908,0,0.58328,0,163.64
1213,12,121.57,121.6,3,1,16,0,1,0,0.0333,0,1801.8,0,1,0,0.0333,0,1801.8,0,0,0,0,0,1,0,0.0333,0,1801.8,0,2,0,0.0333,0,3603.6
1213,12,122.47,122.57,17,1,17,0,1,0,0.0999,0,600.6,0,1,0,0.0999,0,600.6,0.077785,0.0205,0.077785,0.0205,0,2,0,0.0999,0,1201.2,0,2,0,0.0999,0,1201.2
1213,12,123.87,124,12,1,18,0,0.24981,0,0.0333,0,450.11,0,1,0,0.1333,0,450.11,0.092538,0.022381,0.09321,0.022433,0,2,0,0.1333,0,900.23,0,1,0,0.1333,0,450.11
1213,12,124.7,124.77,3,1,19,0,1,0,0.0666,0,900.9,0,1,0,0.0666,0,900.9,0.064526,0.018709,0.064526,0.018709,0,2,0,0.0666,0,1801.8,0,2,0,0.0666,0,1801.8
1213,12,125.03,125.17,3,1,20,0,1,0,0.1333,0,450.11,0,1,0,0.1333,0,450.11,0.081463,0.018507,0.081501,0.018476,0,2,0,0.1333,0,900.23,0,2,0,0.1333,0,900.23
1213,12,142,142.03,23,1,21,0,0,0,0,0,0,0,1,0,0.0333,0,1801.8,0.056875,0.023966,0.056875,0.023966,0,1,0,0.0333,0,1801.8,0,1,0,0.0333,0,1801.8
1213,12,158.1,158.9,10,1,22,0.29167,0.625,0.23333,0.5,75,75,0,0,0,0,0,0,0.18207,0.047624,0.199,0.046941,1.8333,0,0.73333,0,150,0,0,1,0,0.8,0,75
1213,12,159.27,159.3,15,1,23,0,1,0,0.0333,0,1801.8,0,1,0,0.0333,0,1801.8,0,0,0,0,0,1,0,0.0333,0,1801.8,0,1,0,0.0333,0,1801.8
1213,12,159.57,159.6,15,1,24,0,1,0,0.0333,0,1801.8,0,0,0,0,0,1801.8,0,0,0,0,0,1,0,0.0333,0,1801.8,0,1,0,0.0333,0,1801.8
1213,12,171.3,171.37,3,1,25,0,1,0,0.0666,0,900.9,0,0,0,0,0,0,0.0534,0.017365,0.0534,0.017365,0,2,0,0.0666,0,1801.8,0,1,0,0.0666,0,900.9
1213,12,171.4,171.43,3,1,26,0,1,0,0.0333,0,1801.8,0,0,0,0,0,0,0.055521,0.016805,0.055521,0.016805,0,1,0,0.0333,0,1801.8,0,2,0,0.0333,0,3603.6
1213,12,172.57,172.6,17,1,27,0,0,0,0,0,0,0,1,0,0.0333,0,1801.8,0,0,0,0,0,2,0,0.0333,0,3603.6,0,1,0,0.0333,0,1801.8
1213,12,173.13,173.3,15,1,28,0,0,0,0,0,0,0,0,0,0,0,0,0.088733,0.025463,0.089701,0.025133,0,2,0,0.1667,0,719.86,0,1,0,0.1667,0,359.93
1213,12,174.3,175.17,23,1,29,0,0,0,0,0,0,0,0,0,0,0,0,0.075323,0.024162,0.076144,0.02592,0,1,0,0.8666,0,69.236,0,1.6154,0,0.69993,0,138.47
1213,12,179.47,181.3,18,1,30,0.65456,0,1.2,0,32.728,0,0.27271,0,0.24998,0,65.456,0,0.182,0.030904,0.18625,0.029899,0.10909,1,0.2,1.8333,32.728,32.728,1,1,1.8333,1.8333,32.728,32.728
1213,12,181.47,182.1,18,1,31,1,0,0.6333,0,94.742,0,0,0,0,0,0,0,0.14268,0.028025,0.14489,0.028231,1,1,0.6333,0.6333,94.742,94.742,0.10522,1,0.066633,0.6333,94.742,94.742
1213,12,182.47,182.5,3,1,32,0,1,0,0.0333,0,1801.8,0,1,0,0.0333,0,1801.8,0,0,0,0,0,2,0,0.0333,0,3603.6,0,1,0,0.0333,0,1801.8
1213,12,182.77,182.8,10,1,33,0,1,0,0.0333,0,1801.8,0,1,0,0.0333,0,1801.8,0,0,0,0,1,1,0.0333,0.0333,1801.8,1801.8,0,1,0,0.0333,0,1801.8
1213,12,183.5,183.57,3,1,34,0,1,0,0.0666,0,900.9,0,1,0,0.0666,0,900.9,0.11441,0.038873,0.11441,0.038873,0,2,0,0.0666,0,1801.8,0,1,0,0.0666,0,900.9
1213,12,184.13,184.17,12,1,35,0,1,0,0.0333,0,1801.8,0,1,0,0.0333,0,1801.8,0.11881,0.046711,0.11881,0.046711,0,2,0,0.0333,0,3603.6,0,1,0,0.0333,0,1801.8
1213,12,184.3,184.6,18,1,36,1,0,0.3,0,200,0,0,0.44444,0,0.066667,0,400,0.16923,0.04744,0.16875,0.048075,1,1,0.3,0.3,200,200,0,2,0,0.3,0,400
1213,12,202.07,202.37,10,1,37,0,1,0,0.2999,0,200.07,0,0,0,0,0,0,0.15687,0.029736,0.15571,0.029341,1,0.88907,0.2999,0.26663,200.07,200.07,0,1,0,0.2999,0,200.07
1213,12,202.43,204.2,10,1,38,0,1,0,1.7667,0,33.962,0.32075,0.45282,0.56667,0.8,33.962,33.962,0.16479,0.029892,0.1582,0.029791,1,0,1.7667,0,33.962,0,0,1,0,1.7667,0,33.962
1213,12,204.9,205.03,3,1,39,0,0,0,0,0,0,0,0,0,0,0,0,0.071768,0.019871,0.072725,0.019741,0,2,0,0.1333,0,900.23,0,1,0,0.1333,0,450.11
1213,12,205.23,205.37,10,1,40,0,0,0,0,0,0,1,0,0.1333,0,450.11,0,0.1281,0.035386,0.13098,0.035299,2,0,0.1333,0,900.23,0,0,1,0,0.1333,0,450.11
1213,12,205.5,205.63,10,1,41,0,0,0,0,0,0,0,0.49987,0,0.066633,0,450.11,0.16833,0.046625,0.16968,0.046648,2,0,0.1333,0,900.23,0,0,1,0,0.1333,0,450.11
1213,12,205.87,206.1,10,1,42,0,0,0,0,0,0,0,1,0,0.2333,0,257.18,0.17028,0.04424,0.1699,0.044438,2,0,0.2333,0,514.36,0,0,1,0,0.2333,0,257.18
1213,12,206.27,207,18,1,43,0,0,0,0,0,0,0,0.090868,0,0.066633,0,81.822,0.1786,0.051246,0.19368,0.051963,0.090913,1.4545,0.066667,0.5333,81.822,163.64,0,1,0,0.7333,0,81.822
1213,12,207.07,207.13,18,1,44,0,0,0,0,0,0,0,0,0,0,0,0,0.12946,0.045553,0.12946,0.045553,1,1,0.0666,0.0666,900.9,900.9,0,1,0,0.0666,0,900.9
1213,12,207.37,207.77,18,1,45,0,0.33325,0,0.13327,0,150.04,0.16654,0.66675,0.0666,0.26663,150.04,150.04,0.1304,0.036991,0.13143,0.0346,1,1,0.3999,0.3999,150.04,150.04,0,1,0,0.3999,0,150.04
1213,12,208,208.13,18,1,46,0,1,0,0.1333,0,450.11,1,0,0.1333,0,450.11,0,0.11506,0.040191,0.11391,0.040786,1,1,0.1333,0.1333,450.11,450.11,0,1,0,0.1333,0,450.11
1213,12,209.73,211.37,15,1,47,0,0.38776,0,0.63333,0,36.735,0,0.97963,0,1.6,0,36.735,0.11629,0.025074,0.11469,0.025974,0,2,0,1.6333,0,73.471,0,0.99998,0,1.6333,0,36.735
1213,12,211.7,211.97,23,1,48,0,0,0,0,0,0,0,0,0,0,0,0,0.07587,0.026823,0.076134,0.026697,0,2,0,0.2666,0,450.11,0,1,0,0.2666,0,225.06
1213,12,212.17,213.07,15,1,49,0,0,0,0,0,0,0,0.036967,0,0.033267,0,66.674,0.1143,0.035643,0.11944,0.036709,0,2,0,0.8999,0,133.35,0,1,0,0.8999,0,66.674
1213,12,214,214.13,15,1,50,0,0,0,0,0,0,0,0,0,0,0,0,0.12307,0.023998,0.12368,0.02404,0,2,0,0.1333,0,900.23,0,1,0,0.1333,0,450.11
1213,12,214.27,214.37,15,1,51,0,0,0,0,0,0,0,0,0,0,0,0,0.11532,0.020556,0.11532,0.020556,0,2,0,0.0999,0,1201.2,0,1,0,0.0999,0,600.6
1213,12,214.5,214.57,15,1,52,0,0,0,0,0,0,0,0,0,0,0,0,0.10766,0.018888,0.10766,0.018888,0,2,0,0.0666,0,1801.8,0,1,0,0.0666,0,900.9
1213,12,214.73,214.83,15,1,53,0,0,0,0,0,0,0,0,0,0,0,0,0.1107,0.019794,0.1107,0.019865,0,2,0,0.1,0,1200,0,0.99967,0,0.099967,0,600
1213,12,214.97,215.13,15,1,54,0,0,0,0,0,0,0,0,0,0,0,0,0.089255,0.01773,0.089264,0.017981,0,2,0,0.1666,0,720.29,0,1,0,0.1666,0,360.14
1213,12,215.73,216.3,15,1,55,0,0.05882,0,0.033333,0,105.88,0,0.41174,0,0.23333,0,105.88,0.10963,0.023191,0.11602,0.023299,0,2,0,0.5667,0,211.75,0,1,0,0.5667,0,105.88
1213,12,216.4,216.8,15,1,56,0,1,0,0.4,0,150,0,1,0,0.4,0,150,0.10671,0.025652,0.10477,0.02552,0,2,0,0.4,0,300,0,1,0,0.4,0,150
1213,12,216.9,217,15,1,57,0,1,0,0.1,0,600,0,1,0,0.1,0,600,0.094017,0.02583,0.093854,0.025799,0,2,0,0.1,0,1200,0,1,0,0.1,0,600
1213,12,217.23,217.33,15,1,58,0,1,0,0.1,0,600,0,1,0,0.1,0,600,0.095867,0.02648,0.096068,0.026065,0,2,0,0.1,0,1200,0,2,0,0.1,0,1200
1213,12,220.3,220.33,3,1,59,0,1,0,0.0333,0,1801.8,0,1,0,0.0333,0,1801.8,0.07417,0.019885,0.07417,0.019885,0,2,0,0.0333,0,3603.6,0,1,0,0.0333,0,1801.8
1213,12,220.4,220.47,3,1,60,0,1,0,0.0666,0,900.9,0,1,0,0.0666,0,900.9,0.07665,0.020918,0.07665,0.020918,0,2,0,0.0666,0,1801.8,0,1,0,0.0666,0,900.9
1213,12,226.3,228.07,15,1,61,0,0.73584,0,0.43331,0,101.89,0,0.6981,0,0.61663,0,67.927,0.12142,0.026802,0.11373,0.025552,0.13204,1,0.23327,1.7666,33.964,33.964,0,1.566,0,0.92218,0,101.89
1213,12,229.2,229.57,1,1,62,0,1,0,0.3666,0,163.67,0,1,0,0.3666,0,163.67,0.14242,0.057001,0.14287,0.053719,0,1,0,0.3666,0,163.67,0,1,0,0.3666,0,163.67
1213,12,232.9,233.37,11,1,63,1,0,0.4666,0,128.59,0,0,0,0,0,0,0,0.11101,0.028405,0.11441,0.027734,1,1,0.4666,0.4666,128.59,128.59,0,1,0,0.4666,0,128.59
1213,12,236.37,236.7,11,1,64,0,0,0,0,0,0,0.80008,0,0.26667,0,180.02,0,0.16364,0.029039,0.14954,0.029097,1,1,0.3333,0.3333,180.02,180.02,0,1,0,0.3333,0,180.02
1213,12,236.73,236.77,15,1,65,0,0,0,0,0,0,0,1,0,0.0333,0,1801.8,0.084297,0.025899,0.084297,0.025899,0,2,0,0.0333,0,3603.6,0,1,0,0.0333,0,1801.8
1213,12,237.03,237.33,15,1,66,0,0.88878,0,0.26663,0,200,0,0.33322,0,0.099967,0,200,0.087574,0.025685,0.088047,0.025548,0,2,0,0.3,0,400,0,1,0,0.3,0,200
1213,12,237.93,238.27,11,1,67,1,0,0.3333,0,180.02,0,0,0.90019,0,0.30003,0,180.02,0.23544,0.033639,0.23615,0.033351,1,1,0.3333,0.3333,180.02,180.02,0,0.9999,0,0.33327,0,180.02
1213,12,238.63,238.8,15,1,68,0,1,0,0.1667,0,359.93,0,1,0,0.1667,0,359.93,0.094461,0.023981,0.095104,0.024023,0,2,0,0.1667,0,719.86,0,2,0,0.1667,0,719.86
1213,12,238.8,238.9,9,1,69,0,1,0,0.1,0,600,0,1,0,0.1,0,600,0.15973,0.028497,0.155,0.028481,0,2,0,0.1,0,1200,0,2,0,0.1,0,1200
1213,12,240.27,242.73,11,1,70,1,0,2.4666,0,24.325,0,0.63513,0,0.7833,0,48.65,0,0.12217,0.02238,0.11534,0.021574,0.54054,1,1.3333,2.4666,24.325,24.325,0.94596,1,2.3333,2.4666,24.325,24.325
1213,12,243.4,243.47,11,1,71,0,1,0,0.0666,0,900.9,1,0,0.0666,0,900.9,0,0.105,0.040102,0.105,0.040102,1,1,0.0666,0.0666,900.9,900.9,0,1,0,0.0666,0,900.9
1213,12,243.57,244.7,10,1,72,1,0,1.1333,0,52.943,0,0,0.26471,0,0.3,0,52.943,0.19411,0.043606,0.19889,0.043371,1,0.17645,1.1333,0.19997,52.943,52.943,0,1.1177,0,0.42221,0,158.83
1213,12,245.77,246.2,11,1,73,0,0,0,0,0,0,0,1,0,0.4333,0,138.47,0.10093,0.053567,0.10823,0.056526,0,1,0,0.4333,0,138.47,0,2,0,0.4333,0,276.94
1213,12,248.13,248.3,11,1,74,0,0,0,0,0,0,0,1,0,0.1667,0,359.93,0.085781,0.039847,0.086484,0.040078,0,1,0,0.1667,0,359.93,0,2,0,0.1667,0,719.86
1213,12,248.33,248.43,10,1,75,0,0,0,0,0,0,0,1,0,0.1,0,600,0.11875,0.041069,0.12174,0.036285,1,0,0.1,0,600,0,0,2,0,0.1,0,1200
1213,12,250.77,250.8,12,1,76,1,0,0.0333,0,1801.8,0,0,0,0,0,0,0,0,0,0,0,0,1,0,0.0333,0,1801.8,1,1,0.0333,0.0333,1801.8,1801.8
1213,12,250.97,251.27,12,1,77,1,0,0.2999,0,200.07,0,0,0,0,0,0,0,0.097373,0.027423,0.097248,0.027343,0,1,0,0.2999,0,200.07,1,1,0.2999,0.2999,200.07,200.07
1213,12,251.67,252.23,10,1,78,0.58825,0,0.3333,0,105.89,0,0,0,0,0,0,0,0.13317,0.050346,0.13156,0.050675,1,0,0.5666,0,105.89,0,0,1,0,0.5666,0,105.89
1213,12,252.43,255.63,11,1,79,0.51041,0,1.6333,0,18.75,0,0,0.17708,0,0.56667,0,18.75,0.11717,0.041136,0.11792,0.042039,0,1,0,3.2,0,18.75,0,1,0,3.2,0,18.75
1213,12,255.8,255.87,11,1,80,0,1,0,0.0666,0,900.9,0,0,0,0,0,0,0.11209,0.0672,0.11209,0.0672,0,1,0,0.0666,0,900.9,0,1,0,0.0666,0,900.9
1213,12,256.07,256.1,11,1,81,0,1,0,0.0333,0,1801.8,0,0,0,0,0,0,0,0,0,0,0,1,0,0.0333,0,1801.8,0,1,0,0.0333,0,1801.8
1213,12,256.37,256.4,11,1,82,0,1,0,0.0333,0,1801.8,0,0,0,0,0,0,0,0,0,0,0,1,0,0.0333,0,1801.8,0,1,0,0.0333,0,1801.8
1213,12,256.43,256.47,11,1,83,0,1,0,0.0333,0,1801.8,0,0,0,0,0,0,0.12191,0.061085,0.12191,0.061085,0,1,0,0.0333,0,1801.8,0,1,0,0.0333,0,1801.8
1213,12,257.13,257.37,11,1,84,0,1,0,0.2333,0,257.18,0,0.71453,0,0.1667,0,257.18,0.12398,0.071468,0.12419,0.070634,0,1,0,0.2333,0,257.18,0,1,0,0.2333,0,257.18
1213,12,257.4,257.8,11,1,85,0,1,0,0.4,0,150,0,0,0,0,0,0,0.12437,0.070923,0.12412,0.070793,0,1.1667,0,0.23333,0,300,0,1,0,0.4,0,150
1213,12,258.87,259.37,10,1,86,1,0,0.4999,0,120.02,0,0,1,0,0.4999,0,120.02,0.12021,0.045082,0.1233,0.043374,2,0,0.4999,0,240.05,0,0,1,0,0.4999,0,120.02
1213,12,264.07,264.27,10,1,87,1,0,0.1999,0,300.15,0,1,0,0.1999,0,300.15,0,0.14466,0.061649,0.14435,0.061781,2,0,0.1999,0,600.3,0,0,1,0,0.1999,0,300.15
1213,12,265.23,265.67,11,1,88,0,1,0,0.4333,0,138.47,0,0.15393,0,0.0667,0,138.47,0.097141,0.047064,0.099609,0.046604,0,2,0,0.4333,0,276.94,0,1,0,0.4333,0,138.47
1213,12,281.6,282,15,1,89,0,0,0,0,0,0,0,0.83333,0,0.16667,0,300,0.080151,0.027766,0.077676,0.028802,0,1,0,0.4,0,150,0,1,0,0.4,0,150
1213,12,282.7,282.93,22,1,90,1,0,0.2333,0,257.18,0,1,0,0.2333,0,257.18,0,0.15986,0.022372,0.1644,0.022307,0,1,0,0.2333,0,257.18,1,1,0.2333,0.2333,257.18,257.18
1213,12,307.83,307.87,21,1,91,0,0,0,0,0,0,0,1,0,0.0333,0,1801.8,0.079219,0.023312,0.079219,0.023312,0,2,0,0.0333,0,3603.6,0,1,0,0.0333,0,1801.8
1213,12,309.37,309.57,20,1,92,0,1,0,0.1999,0,300.15,0,1,0,0.1999,0,300.15,0.062424,0.023142,0.063262,0.022793,0,1.1664,0,0.11658,0,600.3,0,1,0,0.1999,0,300.15
1213,12,312.93,313.27,12,1,93,0,1,0,0.3333,0,180.02,0,1,0,0.3333,0,180.02,0.11717,0.036857,0.11807,0.036466,0,2,0,0.3333,0,360.04,0,1,0,0.3333,0,180.02
1213,12,313.3,313.87,12,1,94,0,1,0,0.5666,0,105.89,0,1,0,0.5666,0,105.89,0.11507,0.04308,0.11249,0.042573,0,1.5883,0,0.44997,0,211.79,0,1,0,0.5666,0,105.89
1213,12,319.7,320.63,22,1,95,0,0.28572,0,0.26667,0,64.288,0,0,0,0,0,0,0.085105,0.024843,0.085768,0.024857,0,1,0,0.9333,0,64.288,0,1,0,0.9333,0,64.288
1213,12,321.63,321.67,22,1,96,0,1,0,0.0333,0,1801.8,0,1,0,0.0333,0,1801.8,0.06263,0.022852,0.06263,0.022852,0,1,0,0.0333,0,1801.8,0,1,0,0.0333,0,1801.8
1213,12,327.43,327.57,22,1,97,0,1,0,0.1333,0,450.11,0,1,0,0.1333,0,450.11,0.068192,0.024308,0.067959,0.02428,0,1,0,0.1333,0,450.11,0,1,0,0.1333,0,450.11
1213,12,329.5,329.57,22,1,98,0,1,0,0.0666,0,900.9,0,1,0,0.0666,0,900.9,0.065894,0.025147,0.065894,0.025147,0,2,0,0.0666,0,1801.8,0,1,0,0.0666,0,900.9
1213,12,335.07,335.6,12,1,99,0,1,0,0.5333,0,112.51,0,1,0,0.5333,0,112.51,0.092635,0.030346,0.097526,0.029943,0,1.1875,0,0.31665,0,225.01,0,1,0,0.5333,0,112.51
1213,12,335.63,335.73,12,1,100,0,1,0,0.1,0,600,0,1,0,0.1,0,600,0.089079,0.032927,0.088486,0.032948,0,1,0,0.1,0,600,0,1,0,0.1,0,600
1213,12,336.07,336.27,23,1,101,0,0.33333,0,0.066633,0,300.15,0,0,0,0,0,0,0.12991,0.080015,0.12964,0.079839,0,1,0,0.1999,0,300.15,0,1,0,0.1999,0,300.15
1213,12,336.9,336.97,11,1,102,0,0,0,0,0,0,0,0,0,0,0,0,0.14242,0.1055,0.14242,0.1055,0,1,0,0.0666,0,900.9,0,1,0,0.0666,0,900.9
1213,12,337.2,337.33,23,1,103,0,1,0,0.1333,0,450.11,0,0.74994,0,0.099967,0,450.11,0.12891,0.087279,0.12874,0.087297,0,1,0,0.1333,0,450.11,0,1,0,0.1333,0,450.11
1213,12,337.47,337.63,23,1,104,0,1,0,0.1666,0,360.14,0,0.19988,0,0.0333,0,360.14,0.15431,0.069886,0.15397,0.070443,0,1.1999,0,0.09995,0,720.29,0,1,0,0.1666,0,360.14
1213,12,337.7,338.07,23,1,105,0,1,0,0.3666,0,163.67,0,0,0,0,0,0,0.17735,0.056222,0.17499,0.054308,0,2,0,0.3666,0,327.33,0,1,0,0.3666,0,163.67
1213,12,338.13,338.9,11,1,106,1,0,0.7667,0,78.257,0,0,0,0,0,0,0,0.12854,0.020829,0.12246,0.017262,1,1,0.7667,0.7667,78.257,78.257,0,1,0,0.7667,0,78.257
1213,12,339.13,339.4,11,1,107,1,0,0.2667,0,224.97,0,0.99988,0,0.26667,0,224.97,0,0.061241,0.018853,0.061126,0.018817,1,1,0.2667,0.2667,224.97,224.97,0,1,0,0.2667,0,224.97
1213,12,340.23,341,15,1,108,0,0.47828,0,0.18335,0,156.51,0,0.56519,0,0.43333,0,78.257,0.10129,0.02654,0.10348,0.026657,0,2,0,0.7667,0,156.51,0,1,0,0.7667,0,78.257
1213,12,341.47,342,15,1,109,0,1,0,0.5333,0,112.51,0,0.37502,0,0.2,0,112.51,0.11287,0.03053,0.11545,0.032233,0,1,0,0.5333,0,112.51,0,2,0,0.5333,0,225.01
1213,12,342.07,344.13,1,1,110,0.90324,0,1.8666,0,29.033,0,0.48387,0,0.49998,0,58.066,0,0.14896,0.021991,0.14287,0.024528,0.72581,1,1.5,2.0666,29.033,29.033,0,1.4032,0,0.96663,0,87.1
1213,12,345.9,346.03,17,1,111,0,1,0,0.1333,0,450.11,0,1,0,0.1333,0,450.11,0.065715,0.023878,0.065994,0.024101,0,1.4999,0,0.099967,0,900.23,0,1,0,0.1333,0,450.11
1213,12,346.77,346.93,23,1,112,0,0,0,0,0,0,0,1,0,0.1666,0,360.14,0.10627,0.034208,0.10771,0.03407,0,2,0,0.1666,0,720.29,0,2,0,0.1666,0,720.29
1213,12,346.97,347.17,15,1,113,0,0,0,0,0,0,1,0,0.1999,0,300.15,0,0.18392,0.03176,0.18374,0.031772,0,2,0,0.1999,0,600.3,1,1,0.1999,0.1999,300.15,300.15
1213,12,347.2,348.6,15,1,114,0.57143,0,0.8,0,42.857,0,1,0,1.4,0,42.857,0,0.20402,0.024295,0.19635,0.023078,0,2,0,1.4,0,85.714,1,1,1.4,1.4,42.857,42.857
1213,12,348.6,349.3,1,1,115,0.33333,0.57143,0.23333,0.4,85.714,85.714,0,1,0,0.7,0,85.714,0.077108,0.023124,0.075179,0.023118,0,2,0,0.7,0,171.43,1,1,0.7,0.7,85.714,85.714
1213,12,349.4,357,1,1,116,0.74561,0.25439,5.6667,1.9333,7.8947,7.8947,0,0.70175,0,1.7778,0,23.684,0.10039,0.021719,0.097135,0.021446,0.070175,1.2368,0.26667,4.7,15.789,15.789,1,1,7.6,7.6,7.8947,7.8947
1213,12,357.17,357.33,1,1,117,0,1,0,0.1666,0,360.14,0,0,0,0,0,0,0.1242,0.020699,0.12149,0.020525,1,1,0.1666,0.1666,360.14,360.14,0.80012,1,0.1333,0.1666,360.14,360.14
1213,12,360.8,360.9,15,1,118,1,0,0.1,0,600,0,1,0,0.1,0,600,0,0.11812,0.032707,0.11743,0.032553,0,1,0,0.1,0,600,0,1,0,0.1,0,600
1213,12,361.13,361.2,15,1,119,1,0,0.0667,0,899.55,0,1,0,0.0667,0,899.55,0,0.13401,0.032344,0.13401,0.032344,0,1,0,0.0667,0,899.55,0,0.9995,0,0.066667,0,899.55
1213,12,361.3,361.4,15,1,120,1,0,0.1,0,600,0,1,0,0.1,0,600,0,0.14044,0.031905,0.14067,0.031908,0,1,0,0.1,0,600,0,1,0,0.1,0,600
1213,12,361.5,361.67,15,1,121,1,0,0.1666,0,360.14,0,1,0,0.1666,0,360.14,0,0.13152,0.035148,0.13148,0.035295,0,1,0,0.1666,0,360.14,0,1,0,0.1666,0,360.14
1213,12,361.83,361.93,15,1,122,1,0,0.1,0,600,0,1,0,0.1,0,600,0,0.098759,0.035576,0.098437,0.036478,0,1,0,0.1,0,600,0.66633,0.99967,0.066633,0.099967,600,600
1213,12,361.97,362.3,15,1,123,1,0,0.3333,0,180.02,0,1,0,0.3333,0,180.02,0,0.15592,0.039447,0.15674,0.039124,0,1,0,0.3333,0,180.02,1,1,0.3333,0.3333,180.02,180.02
1213,12,362.3,362.6,1,1,124,0,1,0,0.3,0,200,0,1,0,0.3,0,200,0.090187,0.033718,0.088542,0.033716,0,1,0,0.3,0,200,1,1,0.3,0.3,200,200
1213,12,362.83,363.07,1,1,125,0,1,0,0.2333,0,257.18,0,1,0,0.2333,0,257.18,0.087922,0.029251,0.088978,0.028446,0,1,0,0.2333,0,257.18,1,1,0.2333,0.2333,257.18,257.18
1213,12,363.2,365.2,15,1,126,0.76667,0.18333,1.5333,0.36667,30,30,0.53333,0,0.53333,0,60,0,0.16702,0.027973,0.16794,0.027959,0,1,0,2,0,30,1,1,2,2,30,30
1213,12,365.63,365.8,1,1,127,1,0,0.1667,0,359.93,0,0,1,0,0.1667,0,359.93,0.069796,0.02447,0.071328,0.02418,0,1,0,0.1667,0,359.93,1,1,0.1667,0.1667,359.93,359.93
1213,12,366.1,366.27,1,1,128,1,0,0.1666,0,360.14,0,0,1,0,0.1666,0,360.14,0.068923,0.021626,0.069388,0.021563,0,1,0,0.1666,0,360.14,1,1,0.1666,0.1666,360.14,360.14
1213,12,366.67,367.03,1,1,129,1,0,0.3666,0,163.67,0,0,1,0,0.3666,0,163.67,0.070416,0.024898,0.070376,0.025002,0,1,0,0.3666,0,163.67,1,1,0.3666,0.3666,163.67,163.67
1213,12,367.23,367.37,1,1,130,0.00025006,0,3.3333e-05,0,450.11,0,0,1,0,0.1333,0,450.11,0.070014,0.024824,0.071541,0.024729,0,1,0,0.1333,0,450.11,1,1,0.1333,0.1333,450.11,450.11
1213,12,367.73,368.8,10,1,131,0,0,0,0,0,0,0,0.75001,0,0.80003,0,56.248,0.13903,0.021592,0.12716,0.022786,1,0,1.0667,0,56.248,0,0,2,0,1.0667,0,112.5
1213,12,369.23,369.27,7,1,132,0,0,0,0,0,0,0,0,0,0,0,0,0.052513,0.015563,0.052513,0.015563,0,1,0,0.0333,0,1801.8,0,2,0,0.0333,0,3603.6
1213,12,369.4,370.2,7,1,133,0.66667,0,0.53333,0,75,0,0,0,0,0,0,0,0.070222,0.014816,0.070107,0.014086,0,1,0,0.8,0,75,0,2,0,0.8,0,150
1213,12,370.23,370.33,7,1,134,0,0,0,0,0,0,0,0,0,0,0,0,0.055732,0.016725,0.055778,0.016655,0,1,0,0.1,0,600,0,2,0,0.1,0,1200
1213,12,370.37,371.57,7,1,135,0,0.97222,0,0.58328,0,100.01,0,0.36114,0,0.43333,0,50.004,0.079995,0.029624,0.069635,0.027384,0,1,0,1.1999,0,50.004,0,2,0,1.1999,0,100.01
1213,12,371.7,371.9,6,1,136,0,0,0,0,0,0,0,1,0,0.2,0,300,0.093709,0.055306,0.092928,0.055141,0,1,0,0.2,0,300,0,2,0,0.2,0,600
1213,12,371.97,374.3,6,1,137,1,0,2.3333,0,25.715,0,0,0,0,0,0,0,0.21155,0.027098,0.21641,0.016406,0.85716,1,2,2.3333,25.715,25.715,0,1.6429,0,1.2778,0,77.144
1213,12,374.33,375.1,6,1,138,1,0,0.7667,0,78.257,0,0.21738,0,0.16667,0,78.257,0,0.14139,0.02335,0.12829,0.011787,0.91305,1,0.70003,0.7667,78.257,78.257,0,1.6087,0,0.41113,0,234.77
1213,12,375.13,375.37,6,1,139,1,0,0.2333,0,257.18,0,1,0,0.2333,0,257.18,0,0.13027,0,0.12988,0,0,1,0,0.2333,0,257.18,0,1.8574,0,0.21667,0,514.36
1213,12,376.03,376.17,7,1,140,0,0,0,0,0,0,0,0,0,0,0,0,0.069401,0.026592,0.069191,0.02536,0,1,0,0.1333,0,450.11,0,0.99975,0,0.13327,0,450.11
1213,12,376.33,376.8,7,1,141,0,0,0,0,0,0,0,0,0,0,0,0,0.095444,0.02484,0.096673,0.024596,0,1,0,0.4667,0,128.56,0,1,0,0.4667,0,128.56
1213,12,376.83,377.2,7,1,142,0,0.99991,0,0.36667,0,163.62,0,0,0,0,0,0,0.08719,0.032284,0.087887,0.03203,0,1,0,0.3667,0,163.62,0,1,0,0.3667,0,163.62
1213,12,381.67,382.23,10,1,143,0,0,0,0,0,0,0,0.94123,0,0.5333,0,105.89,0.2348,0.012087,0.25025,0.012087,1,0,0.5666,0,105.89,0,0,1,0,0.5666,0,105.89
1213,12,385.33,385.6,23,1,144,0,1,0,0.2667,0,224.97,0,0,0,0,0,0,0.083623,0.026447,0.082383,0.026197,0,1,0,0.2667,0,224.97,0,1,0,0.2667,0,224.97
1213,12,386.4,386.8,6,1,145,0.083333,0,0.033333,0,150,0,0,0.83333,0,0.16667,0,300,0.14881,0.026264,0.14694,0.025946,0,1.1667,0,0.23333,0,300,1,1,0.4,0.4,150,150
1213,12,387.03,387.8,6,1,146,0.56519,0,0.43333,0,78.257,0,0,0.34781,0,0.26667,0,78.257,0.11725,0.026768,0.11993,0.026489,0,2,0,0.7667,0,156.51,1,0.99996,0.7667,0.76667,78.257,78.257
1213,12,388,388.07,6,1,147,1,0,0.0666,0,900.9,0,0,0,0,0,0,0,0.085594,0.025863,0.085594,0.025863,0,2,0,0.0666,0,1801.8,1,1,0.0666,0.0666,900.9,900.9
1213,12,388.1,388.43,15,1,148,0,1,0,0.3333,0,180.02,0,0.79998,0,0.26663,0,180.02,0.18961,0.023363,0.19399,0.023241,0,2,0,0.3333,0,360.04,0,2,0,0.3333,0,360.04
1213,12,388.47,388.87,6,1,149,1,0,0.3999,0,150.04,0,1,0,0.3999,0,150.04,0,0.14913,0.024465,0.15682,0.024725,0,2,0,0.3999,0,300.08,1,1,0.3999,0.3999,150.04,150.04
1213,12,388.9,389.1,6,1,150,1,0,0.2,0,300,0,1,0,0.2,0,300,0,0.13894,0.031858,0.14177,0.031573,0,2,0,0.2,0,600,1,1,0.2,0.2,300,300
1213,12,389.17,389.3,1,1,151,0,1,0,0.1333,0,450.11,0,1,0,0.1333,0,450.11,0.12627,0.03222,0.12633,0.032079,0,2,0,0.1333,0,900.23,1,1,0.1333,0.1333,450.11,450.11
1213,12,389.5,389.67,20,1,152,0,1,0,0.1666,0,360.14,0,1,0,0.1666,0,360.14,0.15989,0.036807,0.16133,0.036721,0,2,0,0.1666,0,720.29,0,2,0,0.1666,0,720.29
1213,12,390.2,390.23,1,1,153,0,1,0,0.0333,0,1801.8,0,0,0,0,0,0,0.092344,0.027173,0.092344,0.027173,0,2,0,0.0333,0,3603.6,1,1,0.0333,0.0333,1801.8,1801.8
1213,12,390.23,390.47,20,1,154,0,1,0,0.2333,0,257.18,0,0,0,0,0,0,0.12778,0.034212,0.12928,0.033652,0,2,0,0.2333,0,514.36,0,1.7145,0,0.2,0,514.36
1213,12,391.83,391.9,6,1,155,0,1,0,0.0667,0,899.55,0,0,0,0,0,0,0.10366,0.023149,0.10366,0.023149,0,2,0,0.0667,0,1799.1,1,0.9995,0.0667,0.066667,899.55,899.55
1213,12,392.67,393.7,6,1,156,0,1,0,0.51665,0,116.13,0.25807,0,0.26667,0,58.066,0,0.099361,0.025021,0.10107,0.026174,0,2,0,1.0333,0,116.13,1,1,1.0333,1.0333,58.066,58.066
1213,12,393.93,394.7,6,1,157,1,0,0.7667,0,78.257,0,1,0,0.7667,0,78.257,0,0.11147,0.027048,0.10623,0.026985,0,2,0,0.7667,0,156.51,1,1,0.7667,0.7667,78.257,78.257
1213,12,394.8,395.23,6,1,158,0.61543,0,0.26667,0,138.47,0,1,0,0.4333,0,138.47,0,0.11124,0.028278,0.11497,0.027332,0,1,0,0.4333,0,138.47,1,1,0.4333,0.4333,138.47,138.47
1213,12,395.27,395.3,6,1,159,0,0,0,0,0,0,1,0,0.0333,0,1801.8,0,0,0,0,0,0,1,0,0.0333,0,1801.8,1,1,0.0333,0.0333,1801.8,1801.8
1213,12,395.3,395.37,1,1,160,0,0,0,0,0,0,0,1,0,0.0666,0,900.9,0.081307,0.029246,0.081307,0.029246,0,1,0,0.0666,0,900.9,1,1,0.0666,0.0666,900.9,900.9
1213,12,395.57,395.73,18,1,161,1,0,0.1666,0,360.14,0,0,1,0,0.1666,0,360.14,0.079684,0.036139,0.079027,0.032172,0,1,0,0.1666,0,360.14,0,2,0,0.1666,0,720.29
1213,12,397.67,397.8,23,1,162,0,0,0,0,0,0,0,0,0,0,0,0,0.074155,0.035312,0.074121,0.035313,0,2,0,0.1333,0,900.23,0,1,0,0.06665,0,900.23
1213,12,398.2,398.43,23,1,163,0,0,0,0,0,0,0,1,0,0.2333,0,257.18,0.086057,0.035266,0.085684,0.034837,0,2,0,0.2333,0,514.36,0,2,0,0.2333,0,514.36
1213,12,398.5,399.6,18,1,164,0,0,0,0,0,0,0.33333,0,0.36667,0,54.545,0,0.1645,0.023439,0.1567,0.02388,1,1,1.1,1.1,54.545,54.545,0,1.7879,0,0.98333,0,109.09
1213,12,402.87,403.33,10,1,165,1,0,0.4666,0,128.59,0,0,1,0,0.4666,0,128.59,0.15326,0.030922,0.15369,0.032585,1.0714,0.14281,0.24995,0.066633,257.18,128.59,0,1,0,0.4666,0,128.59
1213,12,404.17,404.6,23,1,166,0,0,0,0,0,0,1,0,0.4333,0,138.47,0,0.10347,0.030888,0.098649,0.030314,0,2,0,0.4333,0,276.94,1,1,0.4333,0.4333,138.47,138.47
1213,12,405.53,407.4,23,1,167,0.19644,0.76784,0.3667,1.4333,32.142,32.142,0,0.42856,0,0.8,0,32.142,0.15647,0.028428,0.16038,0.026976,0,2,0,1.8667,0,64.285,0,1.6607,0,1.55,0,64.285
1213,12,409.13,409.33,23,1,168,0,0,0,0,0,0,0,0,0,0,0,0,0.11464,0.035508,0.11678,0.035742,0,2,0,0.2,0,600,0,1,0,0.2,0,300
1213,12,409.4,409.47,23,1,169,0,0,0,0,0,0,0,0,0,0,0,0,0.05894,0.020595,0.05894,0.020595,0,2,0,0.0666,0,1801.8,0,1,0,0.0666,0,900.9
1213,12,409.5,409.67,23,1,170,0,0.79992,0,0.13327,0,360.14,0,0.39976,0,0.0666,0,360.14,0.060229,0.034185,0.060127,0.033203,0,2,0,0.1666,0,720.29,0,1,0,0.1666,0,360.14
1213,12,409.87,409.93,23,1,171,0,1,0,0.0666,0,900.9,0,1,0,0.0666,0,900.9,0.076517,0.050937,0.076517,0.050937,0,2,0,0.0666,0,1801.8,0,1,0,0.0666,0,900.9
1213,12,413.83,414.07,15,1,172,1,0,0.2333,0,257.18,0,1,0,0.2333,0,257.18,0,0.22784,0.059164,0.23719,0.058812,0,1,0,0.2333,0,257.18,0,2,0,0.2333,0,514.36
1213,12,414.23,414.33,15,1,173,1,0,0.1,0,600,0,1,0,0.1,0,600,0,0.18443,0.11991,0.1925,0.11897,0.66633,1,0.066633,0.1,600,600,0,2,0,0.1,0,1200
1213,12,414.37,414.4,23,1,174,0,1,0,0.0333,0,1801.8,0,1,0,0.0333,0,1801.8,0,0,0,0,0,2,0,0.0333,0,3603.6,0,2,0,0.0333,0,3603.6
1213,12,414.4,414.47,15,1,175,1,0,0.0666,0,900.9,0,0.5005,0,0.033333,0,900.9,0,0.22835,0.13955,0.22835,0.13955,1,1,0.0666,0.0666,900.9,900.9,0,2,0,0.0666,0,1801.8
1213,12,414.47,414.5,23,1,176,0,1,0,0.0333,0,1801.8,0,0,0,0,0,0,0,0,0,0,0,2,0,0.0333,0,3603.6,0,2,0,0.0333,0,3603.6
1213,12,414.5,414.57,15,1,177,1,0,0.0666,0,900.9,0,0,0,0,0,0,0,0.21865,0.1134,0.21865,0.1134,1,1,0.0666,0.0666,900.9,900.9,0,2,0,0.0666,0,1801.8
1213,12,414.67,415.6,23,1,178,0,1,0,0.9333,0,64.288,0,0.28572,0,0.26667,0,64.288,0.1466,0.049351,0.14248,0.048848,0,2,0,0.9333,0,128.58,0,2,0,0.9333,0,128.58
1213,12,415.8,417,15,1,179,1,0,1.2,0,50,0,0.055556,0,0.066667,0,50,0,0.17447,0.037539,0.17349,0.036237,1,1,1.2,1.2,50,50,0,2,0,1.2,0,100
1213,12,417.03,418.6,15,1,180,1,0,1.5667,0,38.297,0,0.51065,0,0.80003,0,38.297,0,0.17913,0.047157,0.19069,0.043988,0.95745,1,1.5,1.5667,38.297,38.297,0,2,0,1.5667,0,76.594
1213,12,419.1,419.37,23,1,181,0,1,0,0.2666,0,225.06,0,0,0,0,0,0,0.15724,0.039697,0.15808,0.040179,0,1,0,0.2666,0,225.06,0,2,0,0.2666,0,450.11
1213,12,420.13,420.17,23,1,182,0,0,0,0,0,0,0,0,0,0,0,0,0.14625,0.031122,0.14625,0.031122,0,1,0,0.0333,0,1801.8,0,2,0,0.0333,0,3603.6
1213,12,427.03,427.07,23,1,183,0,1,0,0.0333,0,1801.8,0,0,0,0,0,0,0.13016,0.045504,0.13016,0.045504,0,2,0,0.0333,0,3603.6,0,1,0,0.0333,0,1801.8
1213,12,428.3,428.9,23,1,184,0,1,0,0.6,0,100,0,0,0,0,0,0,0.12493,0.031019,0.12368,0.03106,0,2,0,0.6,0,200,0,1,0,0.6,0,100
1213,12,429.5,429.57,15,1,185,0,1,0,0.0666,0,900.9,0,1,0,0.0666,0,900.9,0.091852,0.03235,0.091852,0.03235,0,2,0,0.0666,0,1801.8,0,1,0,0.0666,0,900.9
1213,12,469.73,469.83,15,1,186,0,0,0,0,0,0,0,0,0,0,0,0,0.13507,0,0.071517,0,0,1,0,0.1,0,600,0,1,0,0.1,0,600
1213,12,483.5,485.63,16,1,187,0,0,0,0,0,0,0,0,0,0,0,0,0.1406,0.019412,0.14139,0.016509,0.93751,1,2,2.1333,28.125,28.125,0,2,0,2.1333,0,56.251
1213,12,487.13,487.37,10,1,188,0,0,0,0,0,0,0,0,0,0,0,0,0.10955,0.045628,0.11113,0.044137,1,0,0.2333,0,257.18,0,0,2,0,0.2333,0,514.36
1213,12,487.77,487.97,16,1,189,0,0,0,0,0,0,0,0,0,0,0,0,0.096466,0.029604,0.10327,0.029253,0,2,0,0.1999,0,600.3,0,2,0,0.1999,0,600.3
1213,12,489.37,489.4,23,1,190,0,0,0,0,0,0,0,0,0,0,0,0,0,0,0,0,0,2,0,0.0333,0,3603.6,0,2,0,0.0333,0,3603.6
1213,12,754.4,754.6,22,2,191,1,0,0.2,0,300,0,1,0,0.2,0,300,0,0.12789,0.055098,0.13016,0.055247,1,1,0.2,0.2,300,300,0,1,0,0.2,0,300
1213,12,755.4,755.97,15,2,192,0,1,0,0.5666,0,105.89,0,1,0,0.5666,0,105.89,0.12071,0.071172,0.11809,0.077344,0,2,0,0.5666,0,211.79,0,1,0,0.5666,0,105.89
1213,12,757.1,757.17,15,2,193,0,1,0,0.0666,0,900.9,0,1,0,0.0666,0,900.9,0.11077,0.052925,0.11077,0.052925,0,2,0,0.0666,0,1801.8,0,1,0,0.0666,0,900.9
1213,12,757.33,757.37,15,2,194,0,1,0,0.0333,0,1801.8,0,1,0,0.0333,0,1801.8,0.12377,0.074937,0.12377,0.074937,0,2,0,0.0333,0,3603.6,0,1,0,0.0333,0,1801.8
1213,12,757.9,758.1,15,2,195,0,1,0,0.2,0,300,0,1,0,0.2,0,300,0.11534,0.036493,0.11622,0.035706,0,1,0,0.2,0,300,0,1,0,0.2,0,300
1213,12,758.37,758.57,15,2,196,0,1,0,0.1999,0,300.15,0,1,0,0.1999,0,300.15,0.098728,0.039471,0.1,0.039014,0,2,0,0.1999,0,600.3,0,1,0,0.1999,0,300.15
1213,12,766.3,766.5,23,2,197,0,0,0,0,0,0,0,0,0,0,0,0,0.097918,0.034088,0.097298,0.03462,0,1,0,0.2,0,300,0,1,0,0.2,0,300
1213,12,766.67,766.9,23,2,198,0,0,0,0,0,0,0,1,0,0.2333,0,257.18,0.10664,0.037419,0.10637,0.037405,0,1,0,0.2333,0,257.18,0,1.4286,0,0.16665,0,514.36
1213,12,767.2,767.67,2,2,199,1,0,0.4666,0,128.59,0,0,0,0,0,0,0,0.1467,0.035124,0.14705,0.03559,0,1,0,0.4666,0,128.59,1,1,0.4666,0.4666,128.59,128.59
1213,12,771.3,771.7,2,2,200,0,1,0,0.4,0,150,0,1,0,0.4,0,150,0.11368,0.033102,0.11573,0.03267,0,1,0,0.4,0,150,0,1,0,0.2,0,300
1213,12,771.73,771.8,2,2,201,0,1,0,0.0667,0,899.55,0,1,0,0.0667,0,899.55,0.092655,0.032583,0.092655,0.032583,0,1,0,0.0667,0,899.55,0,1,0,0.0667,0,899.55
1213,12,774.23,774.27,23,2,202,0,1,0,0.0333,0,1801.8,0,1,0,0.0333,0,1801.8,0.13479,0.052565,0.13479,0.052565,0,1,0,0.0333,0,1801.8,0,1,0,0.0333,0,1801.8
1213,12,776.37,777.1,2,2,203,0.50002,0,0.36667,0,81.822,0,0,0.22724,0,0.083317,0,163.64,0.10285,0.033606,0.098346,0.034486,0,1,0,0.7333,0,81.822,0,1.6818,0,0.4111,0,245.47
1213,12,777.17,777.43,2,2,204,1,0,0.2666,0,225.06,0,0,0.75006,0,0.19997,0,225.06,0.11261,0.043649,0.11441,0.043837,0,1,0,0.2666,0,225.06,0,1.7501,0,0.23328,0,450.11
1213,12,777.93,777.97,2,2,205,1,0,0.0333,0,1801.8,0,0,0.999,0,0.033267,0,1801.8,0.10781,0.056457,0.10781,0.056457,0,1,0,0.0333,0,1801.8,0,2,0,0.0333,0,3603.6
1213,12,778.03,778.1,2,2,206,1,0,0.0667,0,899.55,0,0,1,0,0.0667,0,899.55,0.10396,0.042647,0.10396,0.042647,0,1,0,0.0667,0,899.55,0,2,0,0.0667,0,1799.1
1213,12,778.93,778.97,2,2,207,0,1,0,0.0333,0,1801.8,0,1,0,0.0333,0,1801.8,0.10421,0.044121,0.10421,0.044121,0,1,0,0.0333,0,1801.8,0,2,0,0.0333,0,3603.6
1213,12,779.1,779.2,23,2,208,0,1,0,0.1,0,600,0,1,0,0.1,0,600,0.092374,0.033662,0.091846,0.033618,0,2,0,0.1,0,1200,0,1.6667,0,0.083333,0,1200
1213,12,779.27,779.33,23,2,209,0,1,0,0.0666,0,900.9,0,1,0,0.0666,0,900.9,0.11038,0.037199,0.11038,0.037199,0,1.5,0,0.04995,0,1801.8,0,1.5,0,0.04995,0,1801.8
1213,12,780.63,780.67,2,2,210,0,1,0,0.0333,0,1801.8,0,0,0,0,0,0,0.086725,0.060059,0.086725,0.060059,0,1,0,0.0333,0,1801.8,0,2,0,0.0333,0,3603.6
1213,12,781.57,781.73,22,2,211,0,1,0,0.1666,0,360.14,0,1,0,0.1666,0,360.14,0.11076,0.053377,0.11133,0.053204,0,1,0,0.1666,0,360.14,0,2,0,0.1666,0,720.29
1213,12,782.1,782.23,23,2,212,0,1,0,0.1333,0,450.11,0,1,0,0.1333,0,450.11,0.091886,0.04681,0.091895,0.047021,0,1,0,0.1333,0,450.11,0,2,0,0.1333,0,900.23
1213,12,782.6,782.77,2,2,213,0,1,0,0.1666,0,360.14,0,1,0,0.1666,0,360.14,0.09437,0.041168,0.095156,0.037005,0,1,0,0.1666,0,360.14,0,2,0,0.1666,0,720.29
1213,12,782.9,783,23,2,214,0,1,0,0.1,0,600,0,1,0,0.1,0,600,0.082628,0.03532,0.082786,0.035403,0,1,0,0.1,0,600,0,2,0,0.1,0,1200
1213,12,783.5,783.57,2,2,215,0,1,0,0.0666,0,900.9,0,1,0,0.0666,0,900.9,0.060226,0.03377,0.060226,0.03377,0,1,0,0.0666,0,900.9,0,2,0,0.0666,0,1801.8
1213,12,786.4,786.47,8,2,216,0.4995,0,0.033267,0,900.9,0,0,1,0,0.0666,0,900.9,0.083695,0.04129,0.083695,0.04129,0,1,0,0.0666,0,900.9,0,1,0,0.0666,0,900.9
1213,12,793.33,793.6,15,2,217,0,1,0,0.2667,0,224.97,0.99988,0,0.26667,0,224.97,0,0.14406,0.041953,0.14038,0.042154,0,1,0,0.2667,0,224.97,0,1,0,0.2667,0,224.97
1213,12,805,805.23,10,2,218,0,0,0,0,0,0,0,0.85712,0,0.19997,0,257.18,0.13867,0.04742,0.14279,0.047034,2,0,0.2333,0,514.36,0,0,1,0,0.2333,0,257.18
1213,12,811.43,811.5,10,2,219,0,1,0,0.0667,0,899.55,0,1,0,0.0667,0,899.55,0.096331,0.035836,0.096331,0.035836,1,0,0.0667,0,899.55,0,0,1,0,0.0667,0,899.55
1213,12,811.83,812.1,10,2,220,0,0.25009,0,0.03335,0,449.94,0.87489,0,0.23333,0,224.97,0,0.16425,0.045801,0.16959,0.045533,1,0,0.2667,0,224.97,0,0,0.99988,0,0.26667,0,224.97
1213,12,812.53,812.83,10,2,221,0,1,0,0.3,0,200,0,0,0,0,0,0,0.17421,0.048911,0.18013,0.048778,1,0,0.3,0,200,0,0,1,0,0.3,0,200
1213,12,812.93,813.53,2,2,222,0.22228,0,0.13337,0,100,0,0,0,0,0,0,0,0.11896,0.033761,0.11946,0.033482,0,1,0,0.6,0,100,0,1,0,0.6,0,100
1213,12,813.93,814.17,23,2,223,0,0.57122,0,0.13327,0,257.18,0,0,0,0,0,0,0.069369,0.021215,0.068678,0.021157,0,1,0,0.2333,0,257.18,0,1,0,0.2333,0,257.18
1213,12,814.57,814.7,10,2,224,0,0,0,0,0,0,0,0,0,0,0,0,0.28697,0.078035,0.29595,0.075573,1.7499,0,0.11663,0,900.23,0,0,1.7502,0,0.11665,0,900.23
1213,12,814.7,814.73,2,2,225,0,0,0,0,0,0,0,0,0,0,0,0,0.090202,0.030156,0.090202,0.030156,0,1,0,0.0333,0,1801.8,0,2,0,0.0333,0,3603.6
1213,12,814.73,815,10,2,226,0,0,0,0,0,0,0,0,0,0,0,0,0.28057,0.035832,0.27358,0.036677,1,0,0.2667,0,224.97,0,0,2,0,0.2667,0,449.94
1213,12,815.03,816.1,10,2,227,0,0,0,0,0,0,0,0.65623,0,0.7,0,56.248,0.26979,0.015944,0.28489,0.013428,1,0,1.0667,0,56.248,0,0,2,0,1.0667,0,112.5
1213,12,816.2,816.33,10,2,228,0,0,0,0,0,0,0,0,0,0,0,0,0.074355,0.015391,0.071164,0.013405,1,0,0.1333,0,450.11,0,0,2,0,0.1333,0,900.23
1213,12,816.43,816.57,10,2,229,0,0,0,0,0,0,0,1,0,0.1333,0,450.11,0.1007,0.038546,0.10281,0.037309,1,0,0.1333,0,450.11,0,0,1.5004,0,0.1,0,900.23
1213,12,817.13,817.43,10,2,230,1,0,0.3,0,200,0,0,1,0,0.3,0,200,0.10844,0.046622,0.10737,0.046724,1,0,0.3,0,200,0,0,1,0,0.3,0,200
1213,12,857.17,857.6,15,2,231,0,1,0,0.4333,0,138.47,0,1,0,0.4333,0,138.47,0.099217,0.038245,0.099201,0.036944,0,2,0,0.4333,0,276.94,0,1,0,0.4333,0,138.47
1213,12,873.1,873.17,10,2,232,0,0,0,0,0,0,0,0,0,0,0,0,0.066361,0,0.066361,0,1,1,0.0666,0.0666,900.9,900.9,0,1,0,0.0666,0,900.9
1213,12,873.6,873.67,10,2,233,1,0,0.0666,0,900.9,0,0,0,0,0,0,0,0.081493,0,0.081493,0,1,1,0.0666,0.0666,900.9,900.9,0,1,0,0.0666,0,900.9
1213,12,874.1,874.47,10,2,234,0.090926,0,0.033333,0,163.67,0,0,0,0,0,0,0,0.095105,0,0.089212,0,1,1,0.3666,0.3666,163.67,163.67,0,1,0,0.3666,0,163.67
1213,12,875.1,875.17,17,2,235,0,0,0,0,0,0,0,1,0,0.0666,0,900.9,0.17263,0.0423,0.17263,0.0423,1,1,0.0666,0.0666,900.9,900.9,0,1,0,0.0666,0,900.9
1213,12,877.8,878.07,10,2,236,0,1,0,0.2666,0,225.06,0,0.75019,0,0.2,0,225.06,0.17942,0.044149,0.18089,0.043464,1,0,0.2666,0,225.06,0,0,1,0,0.2666,0,225.06
1213,12,878.43,878.47,17,2,237,1,0,0.0333,0,1801.8,0,0,1,0,0.0333,0,1801.8,0.10044,0.034211,0.10044,0.034211,0,1,0,0.0333,0,1801.8,0,1,0,0.0333,0,1801.8
1213,12,878.97,879,17,2,238,0,1,0,0.0333,0,1801.8,0,1,0,0.0333,0,1801.8,0,0,0,0,0,1,0,0.0333,0,1801.8,0,1,0,0.0333,0,1801.8
1213,12,886.97,887.33,23,2,239,0,0,0,0,0,0,0,0,0,0,0,0,0.080183,0.023276,0.08168,0.02327,0,2,0,0.3666,0,327.33,0,1,0,0.3666,0,163.67
1213,12,887.53,887.63,23,2,240,0,0,0,0,0,0,0,0,0,0,0,0,0.08137,0.022767,0.081712,0.022752,0,2,0,0.1,0,1200,0,1,0,0.1,0,600
1213,12,894.03,894.07,23,2,241,0,0,0,0,0,0,0,1,0,0.0333,0,1801.8,0.064906,0.016886,0.064906,0.016886,0,1,0,0.0333,0,1801.8,0,1,0,0.0333,0,1801.8
1213,12,895.2,895.77,23,2,242,0,0,0,0,0,0,0,0.52936,0,0.14997,0,211.79,0.098053,0.01946,0.097969,0.019395,0,1,0,0.5666,0,105.89,0,1.4117,0,0.26662,0,317.68
1213,12,901.17,902.1,24,2,243,1,0,0.9333,0,64.288,0,0,0.42859,0,0.4,0,64.288,0.18303,0.042538,0.17288,0.042419,0,1,0,0.9333,0,64.288,0,1,0,0.9333,0,64.288
1213,12,902.57,902.7,24,2,244,1,0,0.1333,0,450.11,0,0,0,0,0,0,0,0.16834,0.039369,0.16896,0.041101,0,1,0,0.1333,0,450.11,0,1,0,0.1333,0,450.11
1213,12,903.17,903.6,8,2,245,0,0,0,0,0,0,0,1,0,0.4333,0,138.47,0.14093,0.033535,0.14037,0.033493,0,1,0,0.4333,0,138.47,0,1.3846,0,0.29998,0,276.94
1213,12,904.03,904.67,24,2,246,0,0.1578,0,0.099933,0,94.742,0,5.2634e-05,0,3.3333e-05,0,94.742,0.15429,0.04173,0.15638,0.042339,0,1,0,0.6333,0,94.742,0,1,0,0.6333,0,94.742
1213,12,905,905.13,10,2,247,0,1,0,0.1333,0,450.11,0,0.25006,0,0.033333,0,450.11,0.16052,0.053614,0.15866,0.052979,1,0,0.1333,0,450.11,0,0,1,0,0.1333,0,450.11
1213,12,905.2,905.37,10,2,248,0,1,0,0.1666,0,360.14,0,0.59984,0,0.099933,0,360.14,0.16066,0.056109,0.16317,0.056208,1,0,0.1666,0,360.14,0,0,1,0,0.1666,0,360.14
1213,12,905.63,905.8,10,2,249,0,0,0,0,0,0,0,0.79984,0,0.13333,0,359.93,0.17299,0.056944,0.17748,0.056324,1,0,0.1667,0,359.93,0,0,2,0,0.1667,0,719.86
1213,12,906.13,906.5,8,2,250,0,0,0,0,0,0,0,1,0,0.3667,0,163.62,0.16516,0.04065,0.18345,0.038207,0,1,0,0.3667,0,163.62,0,1.5454,0,0.28335,0,327.24
1213,12,917.3,917.33,2,2,251,0,0,0,0,0,0,0,0,0,0,0,0,0.1019,0.028289,0.1019,0.028289,0,2,0,0.0333,0,3603.6,0,1,0,0.0333,0,1801.8
1213,12,920.33,920.7,22,2,252,0.6364,0,0.23337,0,163.62,0,0.90901,0,0.33333,0,163.62,0,0.1352,0.040967,0.1368,0.040376,0,1,0,0.3667,0,163.62,0,0.99991,0,0.36667,0,163.62
1213,12,920.77,920.83,21,2,253,0,0.5,0,0.0333,0,900.9,0,1,0,0.0666,0,900.9,0.13535,0.045365,0.13535,0.045365,0,1,0,0.0666,0,900.9,0,1,0,0.0666,0,900.9
1213,12,923,923.2,8,2,254,0,1,0,0.2,0,300,0,0,0,0,0,0,0.12207,0.047474,0.1221,0.047624,0,1,0,0.2,0,300,0,1,0,0.2,0,300
1213,12,923.47,923.87,8,2,255,0,0,0,0,0,0,0,1,0,0.3999,0,150.04,0.15722,0.046355,0.1626,0.046662,0,1,0,0.3999,0,150.04,0,1,0,0.3999,0,150.04
1213,12,924.97,925.5,24,2,256,1,0,0.5333,0,112.51,0,0,0.062441,0,0.0333,0,112.51,0.14699,0.038734,0.14705,0.038938,0,1,0,0.5333,0,112.51,0,1.0625,0,0.28332,0,225.01
1213,12,926.03,926.5,8,2,257,0,0.85715,0,0.20002,0,257.12,0,0.92851,0,0.43333,0,128.56,0.125,0.042719,0.12726,0.042518,0,1,0,0.4667,0,128.56,0,1.4286,0,0.33337,0,257.12
1213,12,926.83,926.87,8,2,258,0,1,0,0.0333,0,1801.8,0,1,0,0.0333,0,1801.8,0.10494,0.043743,0.10494,0.043743,0,1,0,0.0333,0,1801.8,0,1,0,0.0333,0,1801.8
1213,12,929.3,929.53,22,2,259,0,1,0,0.2333,0,257.18,0,1,0,0.2333,0,257.18,0.11518,0.059364,0.11602,0.05927,0,1,0,0.2333,0,257.18,0,1,0,0.2333,0,257.18
1213,12,932.7,933,23,2,260,0,0,0,0,0,0,0,0.77778,0,0.11667,0,400,0.10117,0.030266,0.1016,0.029491,0,1,0,0.3,0,200,0,1,0,0.3,0,200
1213,12,933.13,933.23,23,2,261,0,0,0,0,0,0,0,0.667,0,0.0667,0,600,0.097208,0.034974,0.097917,0.035226,0,1,0,0.1,0,600,0,1,0,0.1,0,600
1213,12,936.97,937.07,23,2,262,0,1,0,0.0999,0,600.6,0,0,0,0,0,0,0.09582,0.02619,0.09582,0.02619,0,1,0,0.0999,0,600.6,0,1,0,0.0999,0,600.6
1213,12,937.93,938.13,23,2,263,0,0,0,0,0,0,0,0,0,0,0,0,0.071677,0.02385,0.071382,0.023836,0,1,0,0.2,0,300,0,1,0,0.2,0,300
1213,12,938.9,939,2,2,264,0,0,0,0,0,0,0,0,0,0,0,0,0.10898,0.03515,0.11018,0.035329,0,1,0,0.1,0,600,0,1,0,0.1,0,600
1213,12,939.23,939.67,10,2,265,0,0.5385,0,0.23333,0,138.47,0,0.69221,0,0.29993,0,138.47,0.22943,0.063266,0.22861,0.062508,1,0,0.4333,0,138.47,0,0,0.99992,0,0.43327,0,138.47
1213,12,939.67,940.17,7,2,266,0,0,0,0,0,0,0,0.53324,0,0.13328,0,240.05,0.14075,0,0.14689,0,0,1,0,0.4999,0,120.02,0,1.1999,0,0.29992,0,240.05
1213,12,940.27,940.33,7,2,267,0,0,0,0,0,0,0,1,0,0.0666,0,900.9,0.12435,0.096956,0.12435,0.096956,0,1,0,0.0666,0,900.9,0,2,0,0.0666,0,1801.8
1213,12,940.37,940.8,7,2,268,0,0,0,0,0,0,0,0.61536,0,0.13332,0,276.94,0.16921,0.082679,0.17098,0.081418,0,1,0,0.4333,0,138.47,0,1.6154,0,0.34997,0,276.94
1213,12,940.87,943.17,10,2,269,0,0.98552,0,2.2666,0,26.088,0,0.92753,0,1.0666,0,52.176,0.20708,0.054302,0.20738,0.052244,1,0.84059,2.2999,1.9333,26.088,26.088,0,1.7681,0,1.3555,0,78.264
1213,12,943.27,945.2,7,2,270,1,0,1.9333,0,31.035,0,0,1,0,1.9333,0,31.035,0.25976,0.043098,0.26035,0.041624,1,1,1.9333,1.9333,31.035,31.035,0,1.8793,0,1.8166,0,62.07
1213,12,945.33,945.4,10,2,271,0,1,0,0.0667,0,899.55,0,1,0,0.0667,0,899.55,0.097158,0.038343,0.097158,0.038343,1,1,0.0667,0.0667,899.55,899.55,0,1,0,0.0667,0,899.55
1213,12,952.13,952.27,7,2,272,1,0,0.1333,0,450.11,0,0,1,0,0.1333,0,450.11,0.13402,0.05821,0.13586,0.057851,1,1,0.1333,0.1333,450.11,450.11,0,1,0,0.1333,0,450.11
1213,12,952.37,952.5,1,2,273,0,1,0,0.1333,0,450.11,0,1,0,0.1333,0,450.11,0.12479,0.044247,0.12598,0.043795,0,2,0,0.1333,0,900.23,0,1,0,0.1333,0,450.11
1213,12,962.73,962.77,23,2,274,0,0,0,0,0,0,0,1,0,0.0333,0,1801.8,0.12204,0.03221,0.12204,0.03221,0,1,0,0.0333,0,1801.8,0,1,0,0.0333,0,1801.8
1213,12,964.87,965.03,3,2,275,0,0.39996,0,0.066633,0,360.14,0,1,0,0.1666,0,360.14,0.12382,0.038561,0.12382,0.03846,0,1,0,0.1666,0,360.14,0,1,0,0.1666,0,360.14
1213,12,966.37,966.4,3,2,276,0,1,0,0.0333,0,1801.8,0,0,0,0,0,0,0,0,0,0,0,1,0,0.0333,0,1801.8,0,1,0,0.0333,0,1801.8
1213,12,969.83,970.07,3,2,277,0,1,0,0.2333,0,257.18,0,0.2859,0,0.0667,0,257.18,0.1258,0.038694,0.12503,0.03842,0,2,0,0.2333,0,514.36,0,1.5717,0,0.18333,0,514.36
1213,12,970.7,970.73,10,2,278,0,1,0,0.0333,0,1801.8,0,1,0,0.0333,0,1801.8,0.12738,0.042963,0.12738,0.042963,1,1,0.0333,0.0333,1801.8,1801.8,0,1,0,0.0333,0,1801.8
1213,12,971.57,971.63,7,2,279,0,1,0,0.0666,0,900.9,0,1,0,0.0666,0,900.9,0.14768,0.058025,0.14768,0.058025,1,1,0.0666,0.0666,900.9,900.9,0,1,0,0.0666,0,900.9
1214,12,30.033,30.633,20,1,1,0.66661,0,0.39997,0,100,0,0,0.72217,0,0.4333,0,100,0.22299,0.069439,0.23185,0.071311,1,0,0.6,0,100,0,0,1,0,0.6,0,100
1214,12,30.8,30.933,20,1,2,1,0,0.1333,0,450.11,0,0,1,0,0.1333,0,450.11,0.23558,0.072964,0.23584,0.072552,1,0,0.1333,0,450.11,0,0,1,0,0.1333,0,450.11
1214,12,31.367,31.933,20,1,3,0.29409,0.52942,0.16663,0.29997,105.89,105.89,0,1,0,0.5666,0,105.89,0.17707,0.055872,0.17193,0.055315,1,0,0.5666,0,105.89,0,0,1,0,0.5666,0,105.89
1214,12,33.133,33.3,23,1,4,0,1,0,0.1667,0,359.93,0,1,0,0.1667,0,359.93,0.11458,0.035247,0.11402,0.035083,0,1,0,0.1667,0,359.93,0,1,0,0.1667,0,359.93
1214,12,34.6,34.667,20,1,5,0,1,0,0.0666,0,900.9,1,0,0.0666,0,900.9,0,0.18059,0.050298,0.18059,0.050298,1,0,0.0666,0,900.9,0,0,1,0,0.0666,0,900.9
1214,12,35.733,38,20,1,6,0.64705,0.16176,0.73333,0.36667,52.94,26.47,0.60295,0.19117,1.3667,0.43333,26.47,26.47,0.17163,0.051759,0.18092,0.05012,1,0,2.2667,0,26.47,0,0,1,0,2.2667,0,26.47
1214,12,38.1,38.233,20,1,7,1,0,0.1333,0,450.11,0,0.49987,0,0.066633,0,450.11,0,0.1775,0.096155,0.17886,0.093923,1,0,0.1333,0,450.11,0,0,1,0,0.1333,0,450.11
1214,12,38.3,38.667,20,1,8,0.45463,0,0.16667,0,163.67,0,1,0,0.3666,0,163.67,0,0.2092,0.09757,0.20439,0.099525,1,0,0.3666,0,163.67,0,0,2,0,0.3666,0,327.33
1214,12,38.733,38.8,11,1,9,0.49975,0,0.033333,0,899.55,0,0,0.50025,0,0.033367,0,899.55,0.20523,0.094029,0.20523,0.094029,0,1,0,0.0667,0,899.55,0,1.0005,0,0.033367,0,1799.1
1214,12,38.9,39.233,20,1,10,0,1,0,0.3333,0,180.02,0,0.50005,0,0.16667,0,180.02,0.15669,0.073617,0.16027,0.070533,1,0,0.3333,0,180.02,0,0,1,0,0.3333,0,180.02
1214,12,39.3,39.5,20,1,11,0,1,0,0.2,0,300,0,0,0,0,0,0,0.10261,0.048107,0.10458,0.050095,1,0,0.2,0,300,0,0,1,0,0.2,0,300
1214,12,43.533,44.333,20,1,12,0.41667,0,0.33333,0,75,0,0,1,0,0.8,0,75,0.20759,0.031337,0.2011,0.031347,1,0.37496,0.8,0.29997,75,75,0,1,0,0.8,0,75
1214,12,46.233,46.3,18,1,13,0,0,0,0,0,0,0,0,0,0,0,0,0.13999,0.060223,0.13999,0.060223,0,1.0005,0,0.033367,0,1799.1,0,2,0,0.0667,0,1799.1
1214,12,46.333,46.467,18,1,14,0,0,0,0,0,0,0,0,0,0,0,0,0.20103,0.082325,0.20065,0.079424,0,0.74994,0,0.049983,0,900.23,0,1.5004,0,0.1,0,900.23
1214,12,46.5,46.633,6,1,15,0,0,0,0,0,0,0,0,0,0,0,0,0.26987,0.11146,0.27591,0.10817,0,1,0,0.1333,0,450.11,0,1,0,0.1333,0,450.11
1214,12,46.833,47.133,7,1,16,0,1,0,0.3,0,200,0,0,0,0,0,0,0.23634,0.12429,0.23453,0.12621,0,1.4443,0,0.21665,0,400,0,1,0,0.3,0,200
1214,12,47.233,47.667,6,1,17,0,0.8463,0,0.3667,0,138.47,0,0,0,0,0,0,0.23596,0.12683,0.23844,0.12728,0,2,0,0.4333,0,276.94,0,1,0,0.4333,0,138.47
1214,12,47.733,47.833,18,1,18,0,1,0,0.1,0,600,0,0,0,0,0,0,0.2214,0.12229,0.22167,0.12229,0,2,0,0.1,0,1200,0,1,0,0.1,0,600
1214,12,47.9,48.133,19,1,19,0,1,0,0.2333,0,257.18,0.85727,0,0.2,0,257.18,0,0.20848,0.058927,0.20674,0.056541,1,0.14288,0.2333,0.033333,257.18,257.18,0,1,0,0.2333,0,257.18
1214,12,48.8,48.967,20,1,20,0,0.20008,0,0.033333,0,360.14,0,1,0,0.1666,0,360.14,0.080275,0.031099,0.080996,0.031785,0,2,0,0.1666,0,720.29,0,2,0,0.1666,0,720.29
1214,12,49.033,49.1,19,1,21,0,0,0,0,0,0,1,0,0.0667,0,899.55,0,0.12422,0.030738,0.12422,0.030738,2,0,0.0667,0,1799.1,0,0,2,0,0.0667,0,1799.1
1214,12,49.1,49.167,20,1,22,0,0,0,0,0,0,0,1,0,0.0666,0,900.9,0.080205,0.027764,0.080205,0.027764,0,2,0,0.0666,0,1801.8,0,2,0,0.0666,0,1801.8
1214,12,49.333,49.9,20,1,23,0.82348,0,0.46667,0,105.88,0,0,1,0,0.5667,0,105.88,0.097535,0.030812,0.098379,0.030863,0,2,0,0.5667,0,211.75,0,1.4118,0,0.40003,0,211.75
1214,12,50,50.167,20,1,24,1,0,0.1666,0,360.14,0,0,1,0,0.1666,0,360.14,0.10151,0.03281,0.10266,0.032851,0,1.2001,0,0.099967,0,720.29,0,1,0,0.1666,0,360.14
1214,12,50.6,50.667,22,1,25,0,0,0,0,0,0,0,0,0,0,0,0,0.10675,0.037461,0.10675,0.037461,0,1,0,0.0666,0,900.9,0,1,0,0.0666,0,900.9
1214,12,51.367,51.433,19,1,26,0,1,0,0.0666,0,900.9,0,1,0,0.0666,0,900.9,0.090771,0.044286,0.090771,0.044286,1,0,0.0666,0,900.9,0,0,1,0,0.0666,0,900.9
1214,12,51.7,51.8,20,1,27,1,0,0.1,0,600,0,0,0,0,0,0,0,0.091118,0.02886,0.090527,0.02906,0,1.3333,0,0.066667,0,1200,0,1,0,0.1,0,600
1214,12,52.8,53,20,1,28,0.66667,0,0.13333,0,300,0,0,0,0,0,0,0,0.098462,0.031042,0.098594,0.030894,0,2,0,0.2,0,600,0,1,0,0.2,0,300
1214,12,53.167,53.633,20,1,29,1,0,0.4666,0,128.59,0,0.92863,0,0.4333,0,128.59,0,0.10561,0.033422,0.10327,0.033197,0,1.2142,0,0.28328,0,257.18,0,1,0,0.4666,0,128.59
1214,12,53.7,53.867,20,1,30,1,0,0.1666,0,360.14,0,1,0,0.1666,0,360.14,0,0.10577,0.034065,0.10741,0.033987,1,1,0.1666,0.1666,360.14,360.14,0,1,0,0.1666,0,360.14
1214,12,54.033,54.3,20,1,31,1,0,0.2667,0,224.97,0,1,0,0.2667,0,224.97,0,0.11199,0.033691,0.11287,0.033265,0,1,0,0.2667,0,224.97,0,1.8749,0,0.25002,0,449.94
1214,12,54.7,54.867,20,1,32,1,0,0.1666,0,360.14,0,1,0,0.1666,0,360.14,0,0.11796,0.03296,0.11958,0.032929,1,1,0.1666,0.1666,360.14,360.14,1,1,0.1666,0.1666,360.14,360.14
1214,12,55.4,55.933,20,1,33,1,0,0.5333,0,112.51,0,1,0,0.5333,0,112.51,0,0.099935,0.034596,0.099785,0.0339,0.50003,1,0.26667,0.5333,112.51,112.51,0,1.4375,0,0.3833,0,225.01
1214,12,56.033,56.133,20,1,34,0,0.99967,0,0.099967,0,600,1,0,0.1,0,600,0,0.10537,0.038151,0.10543,0.039624,0.33333,1,0.033333,0.1,600,600,0,2,0,0.1,0,1200
1214,12,56.467,56.867,3,1,35,1,0,0.3999,0,150.04,0,1,0,0.3999,0,150.04,0,0.1257,0.041595,0.12689,0.041478,0.75002,1,0.29993,0.3999,150.04,150.04,0,2,0,0.3999,0,300.08
1214,12,57.3,57.533,3,1,36,0,0.57151,0,0.13333,0,257.18,0.42863,0,0.1,0,257.18,0,0.092793,0.032629,0.094062,0.032442,0,1,0,0.2333,0,257.18,0.42863,1,0.1,0.2333,257.18,257.18
1214,12,57.867,57.933,3,1,37,0,1,0,0.0666,0,900.9,0,1,0,0.0666,0,900.9,0.075625,0.026807,0.075625,0.026807,0,2,0,0.0666,0,1801.8,0,1,0,0.0666,0,900.9
1214,12,58.567,59.3,19,1,38,0.86368,0,0.63333,0,81.822,0,0,0,0,0,0,0,0.13724,0.0433,0.1368,0.043744,2,0,0.7333,0,163.64,0,0.27269,1.0455,0.19997,0.38332,81.822,163.64
1214,12,63.3,64,20,1,39,0,1,0,0.7,0,85.714,0,0.80952,0,0.56667,0,85.714,0.12614,0.040819,0.12561,0.040431,0,1.1429,0,0.4,0,171.43,0,1.1429,0,0.4,0,171.43
1214,12,64.733,64.867,20,1,40,0,0.74969,0,0.099933,0,450.11,0,0,0,0,0,0,0.15114,0.051958,0.15098,0.052016,0,0,0,0,0,0,0,2,0,0.1333,0,900.23
1214,12,65.367,65.567,20,1,41,0,0.83342,0,0.1666,0,300.15,0,0,0,0,0,0,0.14845,0.04464,0.14965,0.042937,0,0,0,0,0,0,0,1,0,0.1999,0,300.15
1214,12,65.667,65.7,20,1,42,0,1,0,0.0333,0,1801.8,0,0,0,0,0,0,0,0,0,0,0,0,0,0,0,0,0,1,0,0.0333,0,1801.8
1214,12,67.867,68,20,1,43,0,1,0,0.1333,0,450.11,0,0,0,0,0,0,0.1121,0.032132,0.11322,0.031612,0,0,0,0,0,0,0,2,0,0.1333,0,900.23
1214,12,69.6,69.633,20,1,44,0,1,0,0.0333,0,1801.8,0,0,0,0,0,0,0.12503,0.042636,0.12503,0.042636,0,0,0,0,0,0,0,2,0,0.0333,0,3603.6
1214,12,69.867,70.2,20,1,45,1,0,0.3333,0,180.02,0,0,0,0,0,0,0,0.11348,0.038622,0.11264,0.037615,0,0,0,0,0,0,0,2,0,0.3333,0,360.04
1214,12,70.3,70.333,20,1,46,1,0,0.0333,0,1801.8,0,0,0,0,0,0,0,0.10788,0.033176,0.10788,0.033176,0,0,0,0,0,0,0,2,0,0.0333,0,3603.6
1214,12,70.4,71.933,20,1,47,1,0,1.5333,0,39.131,0,0,0.54347,0,0.27777,0,117.39,0.11854,0.034568,0.1174,0.035,0.76086,0,0.58332,0,78.263,0,0,2,0,1.5333,0,78.263
1214,12,72.1,72.2,20,1,48,1,0,0.1,0,600,0,0,1,0,0.1,0,600,0.11669,0.039359,0.11724,0.038975,0,0,0,0,0,0,0,2,0,0.1,0,1200
1214,12,73.433,73.567,20,1,49,1,0,0.1333,0,450.11,0,0,0,0,0,0,0,0.085222,0.035805,0.085042,0.035728,1,0,0.1333,0,450.11,0,0,2,0,0.1333,0,900.23
1214,12,73.767,73.867,20,1,50,1,0,0.0999,0,600.6,0,1,0,0.0999,0,600.6,0,0.088203,0.036666,0.088203,0.036666,1,0,0.0999,0,600.6,0,0,2,0,0.0999,0,1201.2
1214,12,74,74.167,20,1,51,0.20008,0,0.033333,0,360.14,0,1,0,0.1666,0,360.14,0,0.10162,0.033156,0.10144,0.033057,1,0,0.1666,0,360.14,0,0,2,0,0.1666,0,720.29
1214,12,74.567,74.633,23,1,52,0,1,0,0.0666,0,900.9,0,1,0,0.0666,0,900.9,0.12797,0.035635,0.12797,0.035635,0,0,0,0,0,0,0,1,0,0.0666,0,900.9
1214,12,74.633,74.7,3,1,53,1,0,0.0667,0,899.55,0,0,1,0,0.0667,0,899.55,0.11068,0.032862,0.11068,0.032862,0,0.49975,0,0.033333,0,899.55,0,1,0,0.0667,0,899.55
1214,12,74.8,75.1,3,1,54,1,0,0.3,0,200,0,0,1,0,0.3,0,200,0.14399,0.049292,0.14495,0.048664,0,1,0,0.3,0,200,0,1,0,0.3,0,200
1214,12,75.733,75.9,3,1,55,1,0,0.1667,0,359.93,0,0,0.40012,0,0.0667,0,359.93,0.1428,0.0509,0.14307,0.05095,1,1,0.1667,0.1667,359.93,359.93,0,1,0,0.1667,0,359.93
1214,12,76.033,76.4,23,1,56,0,1,0,0.3667,0,163.62,0,0.8182,0,0.30003,0,163.62,0.13068,0.042122,0.12874,0.041422,0,2,0,0.3667,0,327.24,0,1,0,0.3667,0,163.62
1214,12,76.6,76.867,18,1,57,0,1,0,0.2666,0,225.06,0,0,0,0,0,0,0.12516,0.046892,0.12615,0.047543,0,2,0,0.2666,0,450.11,0,1,0,0.2666,0,225.06
1214,12,77.1,77.2,23,1,58,0,1,0,0.1,0,600,1,0,0.1,0,600,0,0.13638,0.052332,0.13704,0.0523,0,2,0,0.1,0,1200,0,1,0,0.1,0,600
1214,12,77.233,77.267,23,1,59,0,1,0,0.0333,0,1801.8,1,0,0.0333,0,1801.8,0,0.13341,0.050939,0.13341,0.050939,0,2,0,0.0333,0,3603.6,0,1,0,0.0333,0,1801.8
1214,12,77.333,77.367,20,1,60,0,1,0,0.0333,0,1801.8,0,0.001001,0,3.3333e-05,0,1801.8,0.1141,0.046426,0.1141,0.046426,1,1,0.0333,0.0333,1801.8,1801.8,0,1,0,0.0333,0,1801.8
1214,12,77.367,77.467,23,1,61,0,1,0,0.0999,0,600.6,0,0,0,0,0,0,0.13329,0.051261,0.13329,0.051261,0,2,0,0.0999,0,1201.2,0,1.333,0,0.066583,0,1201.2
1214,12,77.533,78.5,20,1,62,0,1,0,0.9667,0,62.067,0.931,0,0.9,0,62.067,0,0.18767,0.066183,0.18265,0.065927,1,1,0.9667,0.9667,62.067,62.067,0,1.2069,0,0.58337,0,124.13
1214,12,80.033,80.367,20,1,63,0,1,0,0.3333,0,180.02,0,0.19992,0,0.033317,0,360.04,0.19306,0.070154,0.19314,0.06991,1,1,0.3333,0.3333,180.02,180.02,0,0.9999,0,0.33327,0,180.02
1214,12,81,81.567,20,1,64,0,1,0,0.5666,0,105.89,0,0.70597,0,0.4,0,105.89,0.17273,0.06251,0.1762,0.063185,1,1,0.5666,0.5666,105.89,105.89,0,1,0,0.5666,0,105.89
1214,12,81.667,81.833,23,1,65,0,0,0,0,0,0,0,1,0,0.1666,0,360.14,0.13782,0.046496,0.13993,0.046691,0,2,0,0.1666,0,720.29,0,1,0,0.1666,0,360.14
1214,12,82.467,83.167,20,1,66,0,1,0,0.6999,0,85.727,0,1,0,0.6999,0,85.727,0.14503,0.026772,0.14089,0.027002,1,1,0.6999,0.6999,85.727,85.727,0,2,0,0.6999,0,171.45
1214,12,83.267,84.633,20,1,67,0.048758,0.75611,0.066633,0.34443,43.905,131.71,0,0.58535,0,0.39997,0,87.809,0.11566,0.030348,0.10691,0.029032,1,1,1.3666,1.3666,43.905,43.905,0,1,0,1.3666,0,43.905
1214,12,84.667,85.6,20,1,68,1,0,0.9333,0,64.288,0,0,0.67856,0,0.31665,0,128.58,0.14329,0.04024,0.13229,0.040226,1,0.60713,0.9333,0.56663,64.288,64.288,0,1,0,0.9333,0,64.288
1214,12,85.7,85.767,23,1,69,0,1,0,0.0666,0,900.9,0,1,0,0.0666,0,900.9,0.15361,0.045167,0.15361,0.045167,0,1,0,0.0666,0,900.9,0,1,0,0.0666,0,900.9
1214,12,86.5,87.3,23,1,70,0,1,0,0.4,0,150,0,1,0,0.8,0,75,0.17753,0.047209,0.17793,0.046708,0,2,0,0.8,0,150,0,1,0,0.8,0,75
1214,12,87.933,88,23,1,71,0,1,0,0.0667,0,899.55,0,1,0,0.0667,0,899.55,0.18219,0.050435,0.18219,0.050435,0,1,0,0.0667,0,899.55,0,1,0,0.0667,0,899.55
1214,12,88.033,88.1,23,1,72,0,1,0,0.0667,0,899.55,0,1,0,0.0667,0,899.55,0.17266,0.05751,0.17266,0.05751,0,1,0,0.03335,0,1799.1,0,1,0,0.0667,0,899.55
1214,12,88.133,88.333,20,1,73,0,1,0,0.2,0,300,0,1,0,0.2,0,300,0.17434,0.054337,0.17686,0.056012,1,1,0.2,0.2,300,300,0,1,0,0.2,0,300
1214,12,88.467,89.967,23,1,74,0,1,0,1.4999,0,40.003,0,0.91111,0,0.45552,0,120.01,0.15435,0.039004,0.15656,0.039566,0,1.9111,0,1.4333,0,80.005,0,1,0,1.4999,0,40.003
1214,12,90.467,91.167,23,1,75,0,0.76187,0,0.26662,0,171.45,0,0,0,0,0,0,0.11039,0.027825,0.10902,0.02733,0,1.4762,0,0.5166,0,171.45,0,1.6667,0,0.58325,0,171.45
1214,12,91.333,91.733,23,1,76,0,1,0,0.4,0,150,0,0,0,0,0,0,0.11491,0.027499,0.11933,0.026683,0,1.9166,0,0.38332,0,300,0,2,0,0.4,0,300
1214,12,93.733,93.833,23,1,77,0,1,0,0.1,0,600,0,1,0,0.1,0,600,0.079999,0.029796,0.079788,0.029932,0,2,0,0.1,0,1200,0,1,0,0.1,0,600
1214,12,93.967,94.833,23,1,78,0,1,0,0.8666,0,69.236,0,0.92311,0,0.79997,0,69.236,0.1416,0.032253,0.14456,0.033973,0,1.9231,0,0.55551,0,207.71,0,1.6154,0,0.69997,0,138.47
1214,12,94.933,95.2,23,1,79,0,0.75003,0,0.10002,0,449.94,0,1,0,0.2667,0,224.97,0.12576,0.03779,0.12649,0.037877,0,1.5001,0,0.13336,0,674.92,0,1,0,0.2667,0,224.97
1214,12,95.267,95.9,20,1,80,1,0,0.6333,0,94.742,0,0,1,0,0.6333,0,94.742,0.18204,0.057405,0.17861,0.057362,1.1579,0,0.36663,0,189.48,0,0,1,0,0.6333,0,94.742
1214,12,96,96.033,23,1,81,0,1,0,0.0333,0,1801.8,0,1,0,0.0333,0,1801.8,0.17906,0.056957,0.17906,0.056957,0,1,0,0.0333,0,1801.8,0,1,0,0.0333,0,1801.8
1214,12,96.6,97,20,1,82,1,0,0.4,0,150,0,0,1,0,0.4,0,150,0.18792,0.092416,0.18422,0.093891,1,0,0.4,0,150,0,0,1,0,0.4,0,150
1214,12,97.267,97.4,9,1,83,0,1,0,0.1333,0,450.11,0,1,0,0.1333,0,450.11,0.19225,0.12484,0.19354,0.12521,0,1,0,0.1333,0,450.11,0,1,0,0.1333,0,450.11
1214,12,97.5,97.633,20,1,84,1,0,0.1333,0,450.11,0,0,1,0,0.1333,0,450.11,0.18577,0.13486,0.18652,0.13455,1,0,0.1333,0,450.11,0,0,1,0,0.1333,0,450.11
1214,12,97.7,98.567,20,1,85,1,0,0.8666,0,69.236,0,0,1,0,0.8666,0,69.236,0.18862,0.054555,0.19591,0.047755,1,0,0.8666,0,69.236,0,0,1,0,0.8666,0,69.236
1214,12,99.033,99.133,15,1,86,0,0,0,0,0,0,0,0.00033333,0,3.3333e-05,0,600,0.47923,0.16521,0.47619,0.16521,0,1,0,0.1,0,600,0,1,0,0.1,0,600
1214,12,99.133,99.2,22,1,87,0,0,0,0,0,0,0,0,0,0,0,0,0.3901,0.30683,0.3901,0.30683,0,1,0,0.0667,0,899.55,0,1,0,0.0667,0,899.55
1214,12,101.37,101.57,23,1,88,1,0,0.1999,0,300.15,0,0,1,0,0.1999,0,300.15,0.098288,0.031157,0.098639,0.031223,0,0.16642,0,0.033267,0,300.15,0,1,0,0.1999,0,300.15
1214,12,103.87,105.37,16,1,89,0.55555,0,0.83327,0,40.003,0,0,1,0,1.4999,0,40.003,0.12841,0.042906,0.12751,0.041773,0,1,0,1.4999,0,40.003,0,1.4444,0,1.0832,0,80.005
1214,12,105.5,105.57,16,1,90,1,0,0.0666,0,900.9,0,1,0,0.0666,0,900.9,0,0.1108,0.046401,0.1108,0.046401,0,1,0,0.0666,0,900.9,0,2,0,0.0666,0,1801.8
1214,12,105.73,105.93,16,1,91,0.8335,0,0.1667,0,300,0,1,0,0.2,0,300,0,0.11833,0.047816,0.11822,0.048338,0,0.16683,0,0.033367,0,300,0,2,0,0.2,0,600
1214,12,106.77,106.8,3,1,92,0,1,0,0.0333,0,1801.8,0,1,0,0.0333,0,1801.8,0,0,0,0,0,1,0,0.0333,0,1801.8,0,2,0,0.0333,0,3603.6
1214,12,108.73,109.03,23,1,93,0,1,0,0.3,0,200,0,0.44456,0,0.13337,0,200,0.10149,0.029189,0.10159,0.029124,0,0.66667,0,0.2,0,200,0,1,0,0.3,0,200
1214,12,109.07,109.33,23,1,94,0,1,0,0.2666,0,225.06,0,0,0,0,0,0,0.10918,0.029299,0.11057,0.029054,0,0,0,0,0,0,0,1,0,0.2666,0,225.06
1214,12,112.17,112.23,1,1,95,0,1,0,0.0666,0,900.9,0,0,0,0,0,0,0.082487,0.026204,0.082487,0.026204,0,2,0,0.0666,0,1801.8,0,1,0,0.0666,0,900.9
1214,12,112.47,112.63,23,1,96,0,1,0,0.1666,0,360.14,0,0,0,0,0,0,0.095967,0.02804,0.098643,0.027986,0,2,0,0.1666,0,720.29,0,1,0,0.1666,0,360.14
1214,12,112.8,113.07,23,1,97,0,1,0,0.2666,0,225.06,0,0,0,0,0,0,0.1392,0.027116,0.15039,0.027451,0,2,0,0.2666,0,450.11,0,1,0,0.2666,0,225.06
1214,12,130.7,130.87,3,1,98,0,0.19968,0,0.033267,0,360.14,0,1,0,0.1666,0,360.14,0.11015,0.035095,0.11021,0.035053,0,2,0,0.1666,0,720.29,0,1,0,0.1666,0,360.14
1214,12,131.4,132,3,1,99,0,0.55556,0,0.33333,0,100,0,0.44444,0,0.26667,0,100,0.12022,0.029619,0.12754,0.029277,0,2,0,0.6,0,200,0,1,0,0.6,0,100
1214,12,132.93,132.97,3,1,100,0,1,0,0.0333,0,1801.8,0,1,0,0.0333,0,1801.8,0.14838,0.045688,0.14838,0.045688,0,1,0,0.0333,0,1801.8,0,1,0,0.0333,0,1801.8
1214,12,133,133.03,3,1,101,0,1,0,0.0333,0,1801.8,0,1,0,0.0333,0,1801.8,0.16338,0.048877,0.16338,0.048877,0,1,0,0.0333,0,1801.8,0,1,0,0.0333,0,1801.8
1214,12,133.07,133.2,3,1,102,0,1,0,0.1333,0,450.11,0,1,0,0.1333,0,450.11,0.2062,0.066724,0.20539,0.064058,0,1,0,0.06665,0,900.23,0,1,0,0.06665,0,900.23
1214,12,139,139.27,10,1,103,0,0.87497,0,0.23327,0,225.06,0,1,0,0.2666,0,225.06,0.13776,0.040586,0.13847,0.040484,1.7499,0,0.23327,0,450.11,0,0,1,0,0.2666,0,225.06
1214,12,141.47,141.5,23,1,104,0,1,0,0.0333,0,1801.8,0,1,0,0.0333,0,1801.8,0,0,0,0,0,1,0,0.0333,0,1801.8,0,1,0,0.0333,0,1801.8
1214,12,141.63,141.8,1,1,105,0,1,0,0.1667,0,359.93,0,1,0,0.1667,0,359.93,0.13461,0.049355,0.13453,0.052066,0,2,0,0.1667,0,719.86,0,1,0,0.1667,0,359.93
1214,12,142.2,142.6,23,1,106,0,0.83333,0,0.16667,0,300,0,1,0,0.4,0,150,0.14368,0.051917,0.14365,0.050526,0,1.6667,0,0.16667,0,600,0,1,0,0.4,150,150
1214,12,144.6,144.63,23,1,107,0,1,0,0.0333,0,1801.8,0,0,0,0,0,0,0.10232,0.043638,0.10232,0.043638,0,1,0,0.0333,0,1801.8,0,1,0,0.0333,0,1801.8
1214,12,145.07,145.13,10,1,108,0,1,0,0.0666,0,900.9,0,1,0,0.0666,0,900.9,0.16146,0.059087,0.16146,0.059087,0,2,0,0.0666,0,1801.8,0,1,0,0.0666,0,900.9
1214,12,145.37,145.47,10,1,109,0,1,0,0.0999,0,600.6,0,1,0,0.0999,0,600.6,0.15275,0.056915,0.15275,0.056915,0,2,0,0.0999,0,1201.2,0,1,0,0.0999,0,600.6
1214,12,145.6,145.7,18,1,110,0,1,0,0.1,0,600,0,1,0,0.1,0,600,0.16092,0.060501,0.16058,0.060607,0,2,0,0.1,0,1200,0,1,0,0.1,0,600
1214,12,151.9,152.23,7,1,111,1,0,0.3333,0,180.02,0,0.79998,0,0.26663,0,180.02,0,0.31641,0.052567,0.31639,0.049935,1,1,0.3333,0.3333,180.02,180.02,0,1,0,0.3333,0,180.02
1214,12,152.87,153.03,7,1,112,0,1,0,0.1666,0,360.14,0,0.60004,0,0.099967,0,360.14,0.19476,0.045648,0.1913,0.045418,1,1,0.1666,0.1666,360.14,360.14,0,1,0,0.1666,0,360.14
1214,12,153.27,153.43,7,1,113,0,1,0,0.1666,0,360.14,1,0,0.1666,0,360.14,0,0.16585,0.05572,0.16862,0.055403,1,1,0.1666,0.1666,360.14,360.14,0,1,0,0.1666,0,360.14
1214,12,154.03,154.2,10,1,114,0,1,0,0.1667,0,359.93,0,1,0,0.1667,0,359.93,0.15357,0.041409,0.15383,0.04136,0,2,0,0.1667,0,719.86,0,1,0,0.1667,0,359.93
1214,12,154.83,154.93,7,1,115,0,0.33367,0,0.033367,0,600,1,0,0.1,0,600,0,0.12469,0.046491,0.12619,0.045665,1,0.667,0.1,0.0667,600,600,0,0.99967,0,0.099967,0,600
1214,12,155.13,155.3,23,1,116,0,1,0,0.1667,0,359.93,0,1,0,0.1667,0,359.93,0.13428,0.044327,0.13449,0.045033,0,1.6001,0,0.13337,0,719.86,0,1,0,0.1667,0,359.93
1214,12,164.97,165,3,1,117,1,0,0.0333,0,1801.8,0,1,0,0.0333,0,1801.8,0,0,0,0,0,1,1,0.0333,0.0333,1801.8,1801.8,0,1,0,0.0333,0,1801.8
1214,12,165,165.03,20,1,118,0,1,0,0.0333,0,1801.8,0,1,0,0.0333,0,1801.8,0.39762,0.076267,0.39762,0.076267,1,1,0.0333,0.0333,1801.8,1801.8,0,1,0,0.0333,0,1801.8
1214,12,165.03,166.83,3,1,119,0.9815,0,1.7667,0,33.333,0,0.7037,0.2037,0.63333,0.36667,66.667,33.333,0.33991,0.024835,0.35575,0.024709,1.3518,0.38891,1.2167,0.70003,66.667,33.333,0,1,0,1.8,0,33.333
1214,12,172.5,172.63,15,1,120,0,0,0,0,0,0,0,1,0,0.1333,0,450.11,0.073143,0.021872,0.074027,0.021562,0,2,0,0.1333,0,900.23,0,1,0,0.1333,0,450.11
1214,12,173.17,173.37,10,1,121,0,0.66667,0,0.13327,0,300.15,0,0.16658,0,0.0333,0,300.15,0.11782,0.043803,0.11875,0.043301,0,0.66683,0,0.1333,0,300.15,0,1,0,0.1999,0,300.15
1214,12,173.8,173.83,10,1,122,0,0,0,0,0,0,0,1,0,0.0333,0,1801.8,0.11689,0.041903,0.11689,0.041903,0,0,0,0,0,0,0,2,0,0.0333,0,3603.6
1214,12,173.93,174.13,23,1,123,0,0.49983,0,0.099967,0,300,0,0.66667,0,0.066667,0,600,0.12835,0.039852,0.12915,0.039513,0,0,0,0,0,0,0,2,0,0.2,0,600
1214,12,174.53,174.63,23,1,124,0,1,0,0.1,0,600,0,0,0,0,0,0,0.12482,0.04788,0.12458,0.049132,0,1,0,0.1,0,600,0,1,0,0.1,0,600
1214,12,175.53,175.6,20,1,125,1,0,0.0667,0,899.55,0,1,0,0.0667,0,899.55,0,0.12255,0.042077,0.12255,0.042077,1,1,0.0667,0.0667,899.55,899.55,0,0.9995,0,0.066667,0,899.55
1214,12,175.77,175.83,20,1,126,1,0,0.0666,0,900.9,0,1,0,0.0666,0,900.9,0,0.091146,0.03273,0.091146,0.03273,1,1,0.0666,0.0666,900.9,900.9,0,1,0,0.0666,0,900.9
1214,12,177.07,177.17,23,1,127,0,1,0,0.0999,0,600.6,0,1,0,0.0999,0,600.6,0.14982,0.050758,0.14982,0.050758,0,1,0,0.0999,0,600.6,0,2,0,0.0999,0,1201.2
1214,12,179.27,179.37,23,1,128,0,0.66633,0,0.033283,0,1201.2,0,1,0,0.0999,0,600.6,0.14294,0.05187,0.14294,0.05187,0,1,0,0.0999,0,600.6,0,1,0,0.0999,0,600.6
1214,12,179.5,179.67,23,1,129,0,1,0,0.1666,0,360.14,0,1,0,0.1666,0,360.14,0.14426,0.056956,0.14462,0.056926,0,1,0,0.1666,0,360.14,0,1,0,0.1666,0,360.14
1214,12,179.77,179.8,23,1,130,0,1,0,0.0333,0,1801.8,0,1,0,0.0333,0,1801.8,0,0,0,0,0,1,0,0.0333,0,1801.8,0,1,0,0.0333,0,1801.8
1214,12,179.83,179.97,23,1,131,0,1,0,0.1333,0,450.11,0,1,0,0.1333,0,450.11,0.16209,0.053212,0.16268,0.052856,0,1,0,0.1333,0,450.11,0,1,0,0.1333,0,450.11
1214,12,180.13,180.33,23,1,132,0,1,0,0.2,0,300,0,1,0,0.2,0,300,0.15848,0.056144,0.15936,0.054898,0,1,0,0.2,0,300,0,1,0,0.2,0,300
1214,12,181.67,181.73,20,1,133,0,1,0,0.0666,0,900.9,0,1,0,0.0666,0,900.9,0.17833,0.055319,0.17833,0.055319,1,0,0.0666,0,900.9,0,0,1,0,0.0666,0,900.9
1214,12,182.63,182.73,16,1,134,0,0.333,0,0.0333,0,600,0,1,0,0.1,0,600,0.21232,0.043202,0.17367,0.042033,0,1.333,0,0.06665,0,1200,0,1,0,0.1,0,600
1214,12,182.73,185.03,20,1,135,0.11596,0.26087,0.2667,0.6,26.087,26.087,0.14493,0.5942,0.16667,1.3667,52.174,26.087,0.3905,0.043052,0.35018,0.041816,1.3189,0,1.5167,0,52.174,0,0,1.3188,0,1.0111,0,78.261
1214,12,185.07,185.23,10,1,136,0,0,0,0,0,0,0,0.60004,0,0.099967,0,360.14,0.13665,0.034705,0.13674,0.034697,0,1,0,0.1666,0,360.14,0,1,0,0.1666,0,360.14
1214,12,185.57,185.6,16,1,137,0,1,0,0.0333,0,1801.8,0,1,0,0.0333,0,1801.8,0,0,0,0,0,1,0,0.0333,0,1801.8,0,1,0,0.0333,0,1801.8
1214,12,187.73,188.23,16,1,138,0,0.8666,0,0.21665,0,240,0,1,0,0.5,0,120,0.12566,0.053519,0.12783,0.052939,1,1,0.5,0.5,120,120,0,1,0,0.5,0,120
1214,12,188.6,188.67,18,1,139,0,1,0,0.0666,0,900.9,0,0,0,0,0,0,0.12929,0.048796,0.12929,0.048796,0,2,0,0.0666,0,1801.8,0,1,0,0.0666,0,900.9
1214,12,188.7,188.73,18,1,140,0,1,0,0.0333,0,1801.8,0,0,0,0,0,0,0.1325,0.039985,0.1325,0.039985,0,2,0,0.0333,0,3603.6,0,1,0,0.0333,0,1801.8
1214,12,188.8,189.47,10,1,141,1,0,0.6666,0,90.009,0,0,0.09991,0,0.0666,0,90.009,0.16926,0.040913,0.16998,0.043219,1,1,0.6666,0.6666,90.009,90.009,0,1,0,0.6666,0,90.009
1214,12,189.63,189.7,18,1,142,0,1,0,0.0667,0,899.55,0,1,0,0.0667,0,899.55,0.097461,0.029111,0.097461,0.029111,0,1,0,0.0667,0,899.55,0,1,0,0.0667,0,899.55
1214,12,191.47,191.53,10,1,143,0,0.5,0,0.0333,0,900.9,0,0,0,0,0,0,0.13057,0.042205,0.13057,0.042205,0,1,0,0.0666,0,900.9,0,1,0,0.0666,0,900.9
1214,12,191.57,192.07,16,1,144,0.39995,0,0.19993,0,120.02,0,0.066547,0,0.033267,0,120.02,0,0.3213,0.054738,0.3302,0.054677,1.6667,0,0.41658,0,240.05,0,0,1,0,0.4999,0,120.02
1214,12,192.07,192.3,10,1,145,0,0.85712,0,0.19997,0,257.18,0,1,0,0.2333,0,257.18,0.1052,0.034868,0.1054,0.035075,0,2,0,0.2333,0,514.36,0,1,0,0.2333,0,257.18
1214,12,202.2,202.37,23,1,146,0,0,0,0,0,0,0,0,0,0,0,0,0.1305,0.03594,0.13212,0.036668,0,0,0,0,0,0,0,1,0,0.1666,0,360.14
1214,12,202.5,202.6,23,1,147,0,0,0,0,0,0,0,0,0,0,0,0,0.098001,0.030629,0.09748,0.030545,0,0,0,0,0,0,0,1,0,0.1,0,600
1214,12,202.97,203.37,15,1,148,0,0,0,0,0,0,0,0,0,0,0,0,0.060528,0.020053,0.060833,0.020413,0,0,0,0,0,0,0,1,0,0.3999,0,150.04
1214,12,203.4,203.47,15,1,149,0,0,0,0,0,0,0,0,0,0,0,0,0.052826,0.017561,0.052826,0.017561,0,0,0,0,0,0,0,1,0,0.0666,0,900.9
1214,12,203.73,203.93,15,1,150,0,0,0,0,0,0,0,0,0,0,0,0,0.062312,0.022082,0.060778,0.022111,0,0,0,0,0,0,0,1,0,0.2,0,300
1214,12,206.13,206.87,23,1,151,0,0,0,0,0,0,0,0,0,0,0,0,0.10123,0.030426,0.10167,0.030046,0,1,0,0.7333,0,81.822,0,1,0,0.7333,0,81.822
1214,12,207,207.17,23,1,152,0,0,0,0,0,0,0,0,0,0,0,0,0.1025,0.031975,0.10213,0.031995,0,1,0,0.1666,0,360.14,0,1,0,0.1666,0,360.14
1214,12,207.23,207.57,23,1,153,0,0,0,0,0,0,0,0,0,0,0,0,0.11361,0.027129,0.11465,0.026862,0,1,0,0.3333,0,180.02,0,1,0,0.3333,0,180.02
1214,12,207.77,207.8,23,1,154,0,0,0,0,0,0,0,0,0,0,0,0,0,0,0,0,0,1,0,0.0333,0,1801.8,0,1,0,0.0333,0,1801.8
1214,12,208,208.03,1,1,155,0,0,0,0,0,0,0,0,0,0,0,0,0.07417,0.026511,0.07417,0.026511,0,1,0,0.0333,0,1801.8,0,1,0,0.0333,0,1801.8
1214,12,217.23,217.27,1,1,156,1,0,0.0333,0,1801.8,0,0,0,0,0,0,0,0.18876,0.047524,0.18876,0.047524,2,0,0.0333,0,3603.6,0,0,0.999,0,0.033267,0,1801.8
1214,12,230.43,230.53,18,1,157,0,0,0,0,0,0,0,1,0,0.1,0,600,0.10067,0.033254,0.099805,0.033334,0,1.3337,0,0.066683,0,1200,0,1,0,0.1,0,600
1214,12,233.83,233.9,23,1,158,0,1,0,0.0667,0,899.55,0,1,0,0.0667,0,899.55,0.10636,0.030951,0.10636,0.030951,0,1,0,0.0667,0,899.55,0,1.5002,0,0.050033,0,1799.1
1214,12,234.27,234.5,23,1,159,0,1,0,0.2333,0,257.18,0,0,0,0,0,0,0.10868,0.030201,0.1087,0.030597,0,1,0,0.2333,0,257.18,0,2,0,0.2333,0,514.36
1214,12,238.9,238.97,23,1,160,0,0.5005,0,0.033333,0,900.9,0,0,0,0,0,0,0.10501,0.02618,0.10501,0.02618,0,1,0,0.0666,0,900.9,0,1,0,0.0666,0,900.9
1214,12,246.03,246.07,23,1,161,0,0,0,0,0,0,0,0,0,0,0,0,0.090202,0.018402,0.090202,0.018402,0,0,0,0,0,0,0,0.999,0,0.033267,0,1801.8
1214,12,254.9,255.03,23,1,162,0,1,0,0.1333,0,450.11,0,1,0,0.1333,0,450.11,0.16801,0.04894,0.16814,0.047874,0,1,0,0.1333,0,450.11,0,1,0,0.1333,0,450.11
1214,12,255.17,255.43,23,1,163,0,1,0,0.2666,0,225.06,0,1,0,0.2666,0,225.06,0.15972,0.037901,0.16027,0.038215,0,1,0,0.2666,0,225.06,0,1,0,0.2666,0,225.06
1214,12,255.5,255.9,23,1,164,0,1,0,0.4,0,150,0,1,0,0.4,0,150,0.14574,0.035916,0.1428,0.036164,0,0.66667,0,0.26667,0,150,0,1,0,0.4,0,150
1214,12,265.23,265.43,18,1,165,0,0.66667,0,0.066667,0,600,0,1,0,0.2,0,300,0.11381,0.043515,0.11509,0.043884,0,0.99983,0,0.19997,0,300,0,0.99983,0,0.19997,0,300
1214,12,265.5,265.63,18,1,166,0,1,0,0.1333,0,450.11,0,1,0,0.1333,0,450.11,0.10312,0.043016,0.10312,0.042928,0,1,0,0.1333,0,450.11,0,1,0,0.1333,0,450.11
1214,12,266.63,266.77,18,1,167,0,1,0,0.1333,0,450.11,0,1,0,0.1333,0,450.11,0.12086,0.041816,0.12073,0.041044,0,1,0,0.1333,0,450.11,0,1.7497,0,0.11662,0,900.23
1214,12,267,267.2,18,1,168,0,1,0,0.2,0,300,0,1,0,0.2,0,300,0.12277,0.043544,0.12287,0.042062,0,1,0,0.2,0,300,0,2,0,0.2,0,600
1214,12,267.37,267.47,18,1,169,0,0,0,0,0,0,0,1,0,0.0999,0,600.6,0.11293,0.04359,0.11293,0.04359,0,1,0,0.0999,0,600.6,0,2,0,0.0999,0,1201.2
1214,12,267.8,268.27,23,1,170,0,0.28561,0,0.13327,0,128.59,0,0.9287,0,0.43333,0,128.59,0.12792,0.047344,0.12221,0.047467,0,1,0,0.4666,0,128.59,0,1.0714,0,0.24997,0,257.18
1214,12,268.43,268.7,23,1,171,0,1,0,0.2667,0,224.97,0,0,0,0,0,0,0.14335,0.039009,0.14467,0.038635,0,1,0,0.2667,0,224.97,0,1,0,0.2667,0,224.97
1214,12,268.97,269.77,23,1,172,0,0.87507,0,0.69997,0,75.009,0,0,0,0,0,0,0.12147,0.032837,0.12059,0.032617,0,1,0,0.7999,0,75.009,0,1,0,0.7999,0,75.009
1214,12,271.3,271.57,23,1,173,0,0,0,0,0,0,0,0,0,0,0,0,0.11548,0.034914,0.11712,0.033594,0,1.3748,0,0.18327,0,450.11,0,1,0,0.2666,0,225.06
1214,12,271.63,272.93,21,1,174,0.51279,0.38462,0.66663,0.5,46.154,46.154,0,0,0,0,0,0,0.28498,0.050165,0.29199,0.05058,2,0,1.3,0,92.308,0,0,1,0,1.3,0,46.154
1214,12,273.3,273.43,21,1,175,1,0,0.1333,0,450.11,0,0,0,0,0,0,0,0.38498,0.052368,0.36081,0.052079,1.5001,0,0.099983,0,900.23,0,0,1,0,0.1333,0,450.11
1214,12,273.5,273.77,23,1,176,0,1,0,0.2666,0,225.06,0,0,0,0,0,0,0.1605,0.045941,0.16107,0.046117,0,1,0,0.2666,0,225.06,0,1,0,0.2666,0,225.06
1214,12,273.83,274.97,23,1,177,0,1,0,1.1333,0,52.943,0,0,0,0,0,0,0.15375,0.041263,0.15094,0.04119,0,1,0,1.1333,0,52.943,0,1,0,1.1333,0,52.943
1214,12,275.37,275.43,21,1,178,0.5,0,0.0333,0,900.9,0,0,0,0,0,0,0,0.2185,0.042437,0.2185,0.042437,1,0,0.0666,0,900.9,0,0,1,0,0.0666,0,900.9
1214,12,275.7,275.83,23,1,179,0,0,0,0,0,0,0,0,0,0,0,0,0.12911,0.036837,0.13041,0.036517,0,1,0,0.1333,0,450.11,0,1,0,0.1333,0,450.11
1214,12,275.87,275.93,21,1,180,0,0,0,0,0,0,0.5,0,0.0333,0,900.9,0,0.23898,0.039289,0.23898,0.039289,1,0,0.0666,0,900.9,0,0,1,0,0.0666,0,900.9
1214,12,276.23,276.47,23,1,181,0,0,0,0,0,0,0,0,0,0,0,0,0.12654,0.035743,0.12748,0.035076,0,1,0,0.2333,0,257.18,0,1,0,0.2333,0,257.18
1214,12,276.5,276.6,23,1,182,0,0,0,0,0,0,0,0,0,0,0,0,0.13199,0.038136,0.12927,0.036745,0,1,0,0.1,0,600,0,1,0,0.1,0,600
1214,12,276.63,277.03,23,1,183,0,0,0,0,0,0,0,0,0,0,0,0,0.14342,0.037667,0.14419,0.03725,0,1,0,0.4,0,150,0,1,0,0.4,0,150
1214,12,277.13,277.57,21,1,184,0,0.076775,0,0.033267,0,138.47,0.30756,0,0.13327,0,138.47,0,0.19532,0.04192,0.18201,0.039798,1,0.46142,0.4333,0.19993,138.47,138.47,0,1,0,0.4333,0,138.47
1214,12,277.7,277.73,23,1,185,0,1,0,0.0333,0,1801.8,0,1,0,0.0333,0,1801.8,0.16192,0.054189,0.16192,0.054189,0,2,0,0.0333,0,3603.6,0,1,0,0.0333,0,1801.8
1214,12,277.87,278.17,21,1,186,0,1,0,0.2999,0,200.07,1,0,0.2999,0,200.07,0,0.13914,0.03529,0.13254,0.033837,1,1,0.2999,0.2999,200.07,200.07,0,1,0,0.2999,0,200.07
1214,12,278.5,278.57,21,1,187,0,1,0,0.0666,0,900.9,0,0,0,0,0,0,0.12139,0.040499,0.12139,0.040499,1,1,0.0666,0.0666,900.9,900.9,0,1,0,0.0666,0,900.9
1214,12,278.8,278.93,21,1,188,0,1,0,0.1333,0,450.11,0,0,0,0,0,0,0.15308,0.040049,0.15296,0.040021,1,1,0.1333,0.1333,450.11,450.11,0,1,0,0.1333,0,450.11
1214,12,279.6,279.7,23,1,189,0,1,0,0.1,0,600,0,0,0,0,0,0,0.10652,0.031879,0.10673,0.032122,0,2,0,0.1,0,1200,0,2,0,0.1,0,1200
1214,12,280.33,280.37,23,1,190,0,1,0,0.0333,0,1801.8,0,0,0,0,0,0,0.097721,0.027684,0.097721,0.027684,0,2,0,0.0333,0,3603.6,0,2,0,0.0333,0,3603.6
1214,12,282.03,282.53,21,1,191,0,1,0,0.5,0,120,0,0,0,0,0,0,0.12772,0.031575,0.12687,0.031512,1,1,0.5,0.5,120,120,0,2,0,0.5,0,240
1214,12,284.23,286.23,23,1,192,0,0.14998,0,0.29997,0,30,0,0,0,0,0,0,0.13126,0.029293,0.13388,0.028145,0,2,0,1.3333,0,90,0,2,0,2,0,60
1214,12,286.5,287.23,23,1,193,0,0.72731,0,0.53333,0,81.822,0,0,0,0,0,0,0.11286,0.03,0.11283,0.030292,0,1,0,0.7333,0,81.822,0,2,0,0.7333,0,163.64
1214,12,287.33,287.43,23,1,194,0,0,0,0,0,0,0,0,0,0,0,0,0.10994,0.034618,0.11077,0.035223,0,1.333,0,0.06665,0,1200,0,2,0,0.1,0,1200
1214,12,287.47,287.57,21,1,195,0,0,0,0,0,0,0,0,0,0,0,0,0.11802,0.042315,0.11802,0.042315,1,1,0.0999,0.0999,600.6,600.6,0,2,0,0.0999,0,1201.2
1214,12,288.07,288.1,21,1,196,1,0,0.0333,0,1801.8,0,0,0,0,0,0,0,0,0,0,0,1,1,0.0333,0.0333,1801.8,1801.8,0,2,0,0.0333,0,3603.6
1214,12,289.33,289.4,15,1,197,0,0,0,0,0,0,0,1,0,0.0667,0,899.55,0.06748,0.022515,0.06748,0.022515,0,2,0,0.0667,0,1799.1,0,1,0,0.0667,0,899.55
1214,12,289.6,289.9,23,1,198,0,1,0,0.3,0,200,0,0.44444,0,0.13333,0,200,0.1495,0.044729,0.15117,0.045647,0,2,0,0.3,0,400,0,1,0,0.3,0,200
1214,12,290.13,290.53,23,1,199,0,0.083417,0,0.033367,0,150,0,0.74992,0,0.29997,0,150,0.13738,0.035393,0.13797,0.035016,0,2,0,0.4,0,300,0,1.7499,0,0.34998,0,300
1214,12,290.6,290.83,21,1,200,0,0,0,0,0,0,0,1,0,0.2333,0,257.18,0.26312,0.040427,0.2732,0.039763,1,1,0.2333,0.2333,257.18,257.18,0,2,0,0.2333,0,514.36
1214,12,291.07,291.27,23,1,201,0,1,0,0.1999,0,300.15,0,1,0,0.1999,0,300.15,0.16333,0.052589,0.16464,0.052527,0,1.5001,0,0.14993,0,600.3,0,1.8336,0,0.18327,0,600.3
1214,12,302.23,303.43,21,1,202,1,0,1.2,0,50,0,0,1,0,1.2,0,50,0.17492,0.047491,0.17606,0.046337,1.1667,0.61114,0.7,0.73337,100,50,0,0.99997,0,1.2,0,50
1214,12,303.57,303.87,21,1,203,1,0,0.2999,0,200.07,0,0,1,0,0.2999,0,200.07,0.21358,0.064801,0.21289,0.064914,2,0,0.2999,0,400.13,0,0,1,0,0.2999,0,200.07
1214,12,309.4,309.93,23,1,204,0,1,0,0.5333,0,112.51,0,1,0,0.5333,0,112.51,0.14394,0.038379,0.14373,0.037874,0,1,0,0.5333,0,112.51,0,1,0,0.5333,0,112.51
1214,12,310.1,310.4,23,1,205,0,1,0,0.3,0,200,0,0,0,0,0,0,0.14056,0.040182,0.14014,0.040204,0,0.11111,0,0.033333,0,200,0,1,0,0.3,0,200
1214,12,310.53,310.67,23,1,206,0,1,0,0.1333,0,450.11,0,0,0,0,0,0,0.12986,0.035814,0.13008,0.03548,0,0,0,0,0,0,0,1.9997,0,0.13328,0,900.23
1214,12,316.03,316.1,18,1,207,0,1,0,0.0667,0,899.55,0,1,0,0.0667,0,899.55,0.15426,0.09478,0.15426,0.09478,0,1,0,0.0667,0,899.55,0,0.9995,0,0.066667,0,899.55
1214,12,316.27,316.3,18,1,208,0,1,0,0.0333,0,1801.8,0,1,0,0.0333,0,1801.8,0,0,0,0,0,1,0,0.0333,0,1801.8,0,1,0,0.0333,0,1801.8
1214,12,316.37,316.47,17,1,209,0,1,0,0.0999,0,600.6,0,1,0,0.0999,0,600.6,0.13083,0.069578,0.13083,0.069578,1,1,0.0999,0.0999,600.6,600.6,0,1,0,0.0999,0,600.6
1214,12,316.77,316.87,17,1,210,0,1,0,0.0999,0,600.6,0,0.333,0,0.033267,0,600.6,0.12902,0.064132,0.12902,0.064132,1,1,0.0999,0.0999,600.6,600.6,0,1,0,0.0999,0,600.6
1214,12,316.9,316.93,14,1,211,0,1,0,0.0333,0,1801.8,1,0,0.0333,0,1801.8,0,0.18789,0.093813,0.18789,0.093813,1,1,0.0333,0.0333,1801.8,1801.8,0,1,0,0.0333,0,1801.8
1214,12,317.1,317.27,23,1,212,0,0,0,0,0,0,0,1,0,0.1666,0,360.14,0.20787,0.076559,0.21203,0.07508,0,1,0,0.1666,0,360.14,0,1,0,0.1666,0,360.14
1214,12,317.33,317.47,23,1,213,0,0.49962,0,0.0666,0,450.11,0,1,0,0.1333,0,450.11,0.24628,0.075057,0.24801,0.07357,0,1,0,0.1333,0,450.11,0,1,0,0.1333,0,450.11
1214,12,317.8,317.83,14,1,214,1,0,0.0333,0,1801.8,0,1,0,0.0333,0,1801.8,0,0.21424,0.086556,0.21424,0.086556,1,0,0.0333,0,1801.8,0,0,1,0,0.0333,0,1801.8
1214,12,317.97,318.13,23,1,215,0,1,0,0.1666,0,360.14,0,1,0,0.1666,0,360.14,0.25279,0.074878,0.25273,0.07471,0,1.4,0,0.11662,0,720.29,0,1,0,0.1666,0,360.14
1214,12,318.23,318.43,14,1,216,1,0,0.2,0,300,0,1,0,0.2,0,300,0,0.26535,0.074211,0.26507,0.073719,1,1,0.2,0.2,300,300,0,1,0,0.2,0,300
1214,12,318.57,319.33,14,1,217,1,0,0.7666,0,78.268,0,1,0,0.7666,0,78.268,0,0.31945,0.075132,0.32451,0.073801,1,1,0.7666,0.7666,78.268,78.268,0,1,0,0.7666,0,78.268
1214,12,343.8,343.87,23,1,218,0,1,0,0.0666,0,900.9,0,1,0,0.0666,0,900.9,0.15705,0.064339,0.15705,0.064339,0,2,0,0.0666,0,1801.8,0,1,0,0.0666,0,900.9
1214,12,344.67,344.73,23,1,219,0,1,0,0.0666,0,900.9,0,1,0,0.0666,0,900.9,0.20315,0.085651,0.20315,0.085651,0,1,0,0.0666,0,900.9,0,1,0,0.0666,0,900.9
1214,12,344.77,344.8,15,1,220,0,1,0,0.0333,0,1801.8,0,1,0,0.0333,0,1801.8,0,0,0,0,0,1,0,0.0333,0,1801.8,0,1,0,0.0333,0,1801.8
1214,12,345,345.03,23,1,221,0,1,0,0.0333,0,1801.8,0,1,0,0.0333,0,1801.8,0.16224,0.071913,0.16224,0.071913,0,1,0,0.0333,0,1801.8,0,1,0,0.0333,0,1801.8
1214,12,345.6,345.83,23,1,222,0,1,0,0.2333,0,257.18,0,1,0,0.2333,0,257.18,0.13535,0.050372,0.13567,0.050441,0,1,0,0.2333,0,257.18,0,1,0,0.2333,0,257.18
1214,12,352.33,352.43,23,1,223,0,1,0,0.1,0,600,0,1,0,0.1,0,600,0.12976,0.037111,0.13027,0.037142,0,2,0,0.1,0,1200,0,1,0,0.1,0,600
1214,12,352.7,353.3,23,1,224,0,1,0,0.6,0,100,0,1,0,0.6,0,100,0.14519,0.037842,0.13948,0.0375,0,2,0,0.6,0,200,0,1,0,0.6,0,100
1214,12,361,363.77,23,1,225,0,0.85542,0,2.3666,0,21.687,0,1,0,2.7666,0,21.687,0.1579,0.038364,0.14285,0.039951,0,1,0,2.7666,0,21.687,0,1.7229,0,1.1916,0,86.749
1214,12,363.93,365.5,23,1,226,0,0.85107,0,0.66668,0,76.594,0,1,0,1.5667,0,38.297,0.13657,0.041495,0.13687,0.041359,0,1,0,1.5667,0,38.297,0,1.3191,0,0.6889,0,114.89
1214,12,365.67,366.27,23,1,227,0,1,0,0.5999,0,100.02,0,0.88887,0,0.26662,0,200.03,0.14367,0.046511,0.14414,0.046772,0,1,0,0.5999,0,100.02,0,1,0,0.5999,0,100.02
1214,12,367.33,367.83,15,1,228,1,0,0.5,0,120,0,0,1,0,0.5,0,120,0.3632,0.10122,0.38266,0.095438,0.53327,1,0.26663,0.5,120,120,0,1.4665,0,0.36663,0,240
1214,12,367.9,371.23,23,1,229,0,0.75,0,0.49999,0,90.001,0,0.69,0,0.76666,0,54.001,0.25424,0.065329,0.18539,0.045431,0,1.3,0,0.86665,0,90.001,0,1.85,0,1.0278,0,108
1214,12,371.27,371.43,23,1,230,0,1,0,0.1666,0,360.14,0,1,0,0.1666,0,360.14,0.47156,0.15632,0.4701,0.15544,0,2,0,0.1666,0,720.29,0,2,0,0.1666,0,720.29
1214,12,371.43,371.47,15,1,231,0,1,0,0.0333,0,1801.8,0,1,0,0.0333,0,1801.8,0.40113,0.08587,0.40113,0.08587,0,2,0,0.0333,0,3603.6,0,2,0,0.0333,0,3603.6
1214,12,371.47,371.5,23,1,232,0,1,0,0.0333,0,1801.8,0,1,0,0.0333,0,1801.8,0,0,0,0,0,2,0,0.0333,0,3603.6,0,2,0,0.0333,0,3603.6
1214,12,371.8,371.87,15,1,233,0,1,0,0.0666,0,900.9,0,1,0,0.0666,0,900.9,0.45424,0.11761,0.45424,0.11761,0,1,0,0.0666,0,900.9,0,2,0,0.0666,0,1801.8
1214,12,371.93,372.1,23,1,234,0,0.19996,0,0.033333,0,359.93,0,1,0,0.1667,0,359.93,0.47447,0.16059,0.47797,0.15302,0,1,0,0.1667,0,359.93,0,2,0,0.1667,0,719.86
1214,12,372.17,372.7,15,1,235,0,0.81249,0,0.21665,0,225.01,0,1,0,0.5333,0,112.51,0.42545,0.19785,0.45397,0.21172,0,1.4375,0,0.38332,0,225.01,0,2,0,0.5333,0,225.01
1214,12,372.73,372.77,15,1,236,0,1,0,0.0333,0,1801.8,0,1,0,0.0333,0,1801.8,0.27308,0.21396,0.27308,0.21396,0,2,0,0.0333,0,3603.6,0,2,0,0.0333,0,3603.6
1214,12,372.83,373.83,15,1,237,0,0.96667,0,0.48333,0,120,0,1,0,1,0,60,0.33125,0.14357,0.31887,0.12223,0,2,0,1,0,120,0,2,0,1,0,120
1214,12,373.87,374.07,2,1,238,1,0,0.1999,0,300.15,0,1,0,0.1999,0,300.15,0,0.36919,0.10647,0.36505,0.10944,1,1,0.1999,0.1999,300.15,300.15,0,2,0,0.1999,0,600.3
1214,12,374.13,374.3,2,1,239,1,0,0.1667,0,359.93,0,0.40012,0,0.0667,0,359.93,0,0.23977,0.13949,0.23671,0.13477,1,0.00019996,0.1667,3.3333e-05,359.93,359.93,0,2,0,0.1667,0,719.86
1214,12,374.37,374.77,17,1,240,0,0.083271,0,0.0333,0,150.04,1,0,0.3999,0,150.04,0,0.21014,0.099271,0.20995,0.10427,0,1.75,0,0.34992,0,300.08,0,2,0,0.3999,0,300.08
1214,12,374.8,374.83,17,1,241,0,0,0,0,0,0,1,0,0.0333,0,1801.8,0,0.12896,0.05787,0.12896,0.05787,0,2,0,0.0333,0,3603.6,0,2,0,0.0333,0,3603.6
1214,12,374.87,374.93,16,1,242,1,0,0.0666,0,900.9,0,0,1,0,0.0666,0,900.9,0.13249,0.07328,0.13249,0.07328,0,2,0,0.0666,0,1801.8,0,2,0,0.0666,0,1801.8
1214,12,375.17,375.33,18,1,243,0,0.60004,0,0.099967,0,360.14,0,1,0,0.1666,0,360.14,0.137,0.048405,0.13779,0.046464,0,2,0,0.1666,0,720.29,0,2,0,0.1666,0,720.29
1214,12,375.37,375.53,18,1,244,0,0,0,0,0,0,0,0.19988,0,0.0333,0,360.14,0.1366,0.058573,0.13613,0.059291,0,1.1999,0,0.09995,0,720.29,0,2,0,0.1666,0,720.29
1214,12,375.57,375.6,18,1,245,0,0,0,0,0,0,0,0,0,0,0,0,0,0,0,0,0,1,0,0.0333,0,1801.8,0,2,0,0.0333,0,3603.6
1214,12,376.17,376.53,14,1,246,0,0.81815,0,0.14997,0,327.33,0,1,0,0.3666,0,163.67,0.21428,0.092853,0.21772,0.088608,0,2,0,0.2444,0,491,0,1.3636,0,0.24995,0,327.33
1214,12,376.77,378.17,20,1,247,0.54763,0.28573,0.76663,0.4,42.86,42.86,0.83335,0,1.1666,0,42.86,0,0.14023,0.071738,0.14072,0.071615,0.16668,0.57137,0.23333,0.26662,42.86,128.58,0,2,0,1.3999,0,85.72
1214,12,378.27,378.37,18,1,248,0,0,0,0,0,0,0,1,0,0.0999,0,600.6,0.15556,0.059928,0.15556,0.059928,0,1,0,0.0999,0,600.6,0,2,0,0.0999,0,1201.2
1214,12,378.53,378.63,18,1,249,0,1,0,0.1,0,600,0,1,0,0.1,0,600,0.14316,0.051892,0.14445,0.051491,0,1,0,0.1,0,600,0,2,0,0.1,0,1200
1214,12,379.03,379.07,14,1,250,0,1,0,0.0333,0,1801.8,0,0,0,0,0,0,0.15583,0.060185,0.15583,0.060185,0,1,0,0.0333,0,1801.8,0,2,0,0.0333,0,3603.6
1214,12,379.7,379.73,2,1,251,0,1,0,0.0333,0,1801.8,1,0,0.0333,0,1801.8,0,0.19012,0.068283,0.19012,0.068283,1,0,0.0333,0,1801.8,0,1,1,0.0333,0.0333,1801.8,1801.8
1214,12,379.77,380.37,2,1,252,0.38895,0.055509,0.23333,0.0333,100.02,100.02,0.77785,0,0.46663,0,100.02,0,0.34959,0.054533,0.3271,0.053383,1.3888,0,0.41658,0,200.03,0,0.72229,1,0.4333,0.5999,100.02,100.02
1214,12,380.4,380.97,23,1,253,0.64713,0.17637,0.36667,0.099933,105.89,105.89,0,0,0,0,0,0,0.17353,0.054354,0.17195,0.053787,0,1.706,0,0.4833,0,211.79,0,1.2352,0,0.34993,0,211.79
1214,12,381.1,382.13,23,1,254,0,0.5484,0,0.28333,0,116.13,0,0.77422,0,0.4,0,116.13,0.15882,0.046485,0.15469,0.046533,0,1.7097,0,0.88332,0,116.13,0,2,0,1.0333,0,116.13
1214,12,383.1,384.27,23,1,255,0,0.22858,0,0.26667,0,51.432,0,0.34282,0,0.39993,0,51.432,0.15333,0.031995,0.15586,0.030974,0,1.4572,0,0.84997,0,102.86,0,1.5714,0,0.9166,0,102.86
1214,12,384.37,384.73,18,1,256,0,0.63639,0,0.2333,0,163.67,0,0.72731,0,0.26663,0,163.67,0.13364,0.040893,0.13533,0.040783,0,1,0,0.3666,0,163.67,0,1.9091,0,0.23329,0,491
1214,12,384.9,385.77,18,1,257,0,0.42311,0,0.36667,0,69.236,0,0.11532,0,0.099933,0,69.236,0.12643,0.039903,0.12702,0.040411,0,1,0,0.8666,0,69.236,0,1.1923,0,0.51663,0,138.47
1214,12,386.67,386.7,18,1,258,0,0,0,0,0,0,0,0,0,0,0,0,0,0,0,0,0,2,0,0.0333,0,3603.6,0,1,0,0.0333,0,1801.8
1214,12,387.03,387.8,20,1,259,0,0.65215,0,0.25,0,156.51,0,0.86953,0,0.66667,0,78.257,0.12685,0.06547,0.125,0.066212,0,2,0,0.7667,0,156.51,0,1,0,0.7667,0,78.257
1214,12,387.93,388.37,20,1,260,0,1,0,0.4333,0,138.47,0,0.23086,0,0.10003,0,138.47,0.12502,0.07153,0.12633,0.070634,0,1.0001,0,0.21667,0,276.94,0,1,0,0.4333,0,138.47
1214,12,388.4,388.7,20,1,261,0,1,0,0.3,0,200,0,0.77778,0,0.23333,0,200,0.12621,0.071121,0.12812,0.070553,0,2,0,0.3,0,400,0,1,0,0.3,0,200
1214,12,389.1,389.17,18,1,262,0,1,0,0.0666,0,900.9,0,1,0,0.0666,0,900.9,0.13395,0.057135,0.13395,0.057135,0,1,0,0.0666,0,900.9,0,1,0,0.0666,0,900.9
1214,12,389.3,389.33,14,1,263,1,0,0.0333,0,1801.8,0,1,0,0.0333,0,1801.8,0,0.16229,0.063569,0.16229,0.063569,0,1,0,0.0333,0,1801.8,0,1,0,0.0333,0,1801.8
1214,12,389.47,389.5,18,1,264,0,1,0,0.0333,0,1801.8,0,1,0,0.0333,0,1801.8,0,0,0,0,0,2,0,0.0333,0,3603.6,0,1,0,0.0333,0,1801.8
1214,12,389.63,390.73,18,1,265,0,1,0,1.1,0,54.545,0,1,0,1.1,0,54.545,0.16705,0.054954,0.16468,0.053486,0,1.9394,0,1.0667,0,109.09,0,1.7575,0,0.96665,0,109.09
1214,12,390.77,390.8,15,1,266,0,1,0,0.0333,0,1801.8,0,1,0,0.0333,0,1801.8,0,0,0,0,0,1,0,0.0333,0,1801.8,0,2,0,0.0333,0,3603.6
1214,12,390.8,390.93,14,1,267,1,0,0.1333,0,450.11,0,1,0,0.1333,0,450.11,0,0.17543,0.056546,0.17515,0.056705,1,0,0.1333,0,450.11,0,0,2,0,0.1333,0,900.23
1214,12,391.03,391.1,18,1,268,0,1,0,0.0667,0,899.55,0,1,0,0.0667,0,899.55,0.13536,0.050407,0.13536,0.050407,0,2,0,0.0667,0,1799.1,0,2,0,0.0667,0,1799.1
1214,12,391.43,391.47,2,1,269,0,1,0,0.0333,0,1801.8,0,1,0,0.0333,0,1801.8,0.18218,0.061175,0.18218,0.061175,1,1,0.0333,0.0333,1801.8,1801.8,0,2,0,0.0333,0,3603.6
1214,12,391.63,391.83,14,1,270,1,0,0.2,0,300,0,1,0,0.2,0,300,0,0.23299,0.052481,0.23367,0.050826,1,1,0.2,0.2,300,300,0,2,0,0.2,0,600
1214,12,391.87,391.9,14,1,271,1,0,0.0333,0,1801.8,0,1,0,0.0333,0,1801.8,0,0,0,0,0,1,1,0.0333,0.0333,1801.8,1801.8,0,2,0,0.0333,0,3603.6
1214,12,391.97,392.6,14,1,272,1,0,0.6333,0,94.742,0,1,0,0.6333,0,94.742,0,0.25945,0.054813,0.26104,0.055735,1,1,0.6333,0.6333,94.742,94.742,0,2,0,0.6333,0,189.48
1214,12,392.63,393.07,2,1,273,0,1,0,0.4333,0,138.47,0,1,0,0.4333,0,138.47,0.27142,0.055087,0.28711,0.055719,1,1,0.4333,0.4333,138.47,138.47,0,2,0,0.4333,0,276.94
1214,12,393.1,394.03,14,1,274,1,0,0.9333,0,64.288,0,1,0,0.9333,0,64.288,0,0.34757,0.060826,0.33943,0.060282,1,1,0.9333,0.9333,64.288,64.288,0,2,0,0.9333,0,128.58
1214,12,394.1,395.67,2,1,275,0,1,0,1.5666,0,38.3,0,1,0,1.5666,0,38.3,0.37244,0.06913,0.3723,0.067089,1,1,1.5666,1.5666,38.3,38.3,0,2,0,1.5666,0,76.599
1214,12,395.73,396.17,14,1,276,1,0,0.4333,0,138.47,0,1,0,0.4333,0,138.47,0,0.30244,0.074183,0.30575,0.072723,1,1,0.4333,0.4333,138.47,138.47,0,2,0,0.4333,0,276.94
1214,12,396.23,396.27,2,1,277,0,1,0,0.0333,0,1801.8,0,1,0,0.0333,0,1801.8,0.31078,0.071305,0.31078,0.071305,1,1,0.0333,0.0333,1801.8,1801.8,0,2,0,0.0333,0,3603.6
1214,12,396.3,396.33,14,1,278,1,0,0.0333,0,1801.8,0,1,0,0.0333,0,1801.8,0,0.25979,0.070217,0.25979,0.070217,1,1,0.0333,0.0333,1801.8,1801.8,0,2,0,0.0333,0,3603.6
1214,12,396.37,396.4,14,1,279,1,0,0.0333,0,1801.8,0,1,0,0.0333,0,1801.8,0,0,0,0,0,1,1,0.0333,0.0333,1801.8,1801.8,0,2,0,0.0333,0,3603.6
1214,12,396.47,396.63,2,1,280,0,1,0,0.1666,0,360.14,0,1,0,0.1666,0,360.14,0.37558,0.064538,0.38001,0.064209,1,1,0.1666,0.1666,360.14,360.14,0,2,0,0.1666,0,720.29
1214,12,396.73,397.03,14,1,281,1,0,0.3,0,200,0,1,0,0.3,0,200,0,0.36448,0.070935,0.36523,0.070285,1,1,0.3,0.3,200,200,0,2,0,0.3,0,400
1214,12,397.07,397.1,2,1,282,0,1,0,0.0333,0,1801.8,0,1,0,0.0333,0,1801.8,0,0,0,0,1,1,0.0333,0.0333,1801.8,1801.8,0,2,0,0.0333,0,3603.6
1214,12,397.23,397.33,2,1,283,0,1,0,0.1,0,600,0,1,0,0.1,0,600,0.35833,0.068097,0.36122,0.06866,1,1,0.1,0.1,600,600,0,2,0,0.1,0,1200
1214,12,397.4,397.47,14,1,284,1,0,0.0666,0,900.9,0,0,0.4995,0,0.033267,0,900.9,0.27253,0.073929,0.27253,0.073929,1,1,0.0666,0.0666,900.9,900.9,0,1.5005,0,0.049967,0,1801.8
1214,12,397.47,397.5,2,1,285,0,1,0,0.0333,0,1801.8,0,1,0,0.0333,0,1801.8,0,0,0,0,1,1,0.0333,0.0333,1801.8,1801.8,0,1,0,0.0333,0,1801.8
1214,12,397.5,398.2,14,1,286,1,0,0.7,0,85.714,0,0.42857,0.33333,0.3,0.23333,85.714,85.714,0.30518,0.063842,0.3014,0.063367,1,1,0.7,0.7,85.714,85.714,0,1.1429,0,0.4,0,171.43
1214,12,398.3,398.47,2,1,287,0,1,0,0.1666,0,360.14,0,1,0,0.1666,0,360.14,0.3796,0.064153,0.37512,0.062691,1,1,0.1666,0.1666,360.14,360.14,0,2,0,0.1666,0,720.29
1214,12,398.5,398.7,14,1,288,1,0,0.2,0,300,0,1,0,0.2,0,300,0,0.39042,0.058712,0.39264,0.058992,1,1,0.2,0.2,300,300,0,2,0,0.2,0,600
1214,12,398.77,399.63,14,1,289,0.26921,0.5,0.2333,0.4333,69.236,69.236,1,0,0.8666,0,69.236,0,0.33178,0.057152,0.33302,0.056072,0.92311,1,0.79997,0.8666,69.236,69.236,0,2,0,0.8666,0,138.47
1214,12,399.67,401.23,18,1,290,0.34042,0.21278,0.5333,0.33333,38.3,38.3,0.74469,0.085089,1.1666,0.1333,38.3,38.3,0.22148,0.06966,0.2124,0.060753,0.78725,1.0638,1.2333,0.8333,38.3,76.599,0,2,0,1.5666,0,76.599
1214,12,401.23,401.27,14,1,291,0,0,0,0,0,0,0,1,0,0.0333,0,1801.8,0.41637,0.079499,0.41637,0.079499,0,2,0,0.0333,0,3603.6,0,2,0,0.0333,0,3603.6
1214,12,401.27,403.67,18,1,292,0.97223,0,2.3333,0,25.001,0,1,0,2.3999,0,25.001,0,0.47389,0.050709,0.47537,0.049461,1,1,2.3999,2.3999,25.001,25.001,0,1.4305,0,1.1444,0,75.003
1214,12,403.73,403.77,10,1,293,0,1,0,0.0333,0,1801.8,0,1,0,0.0333,0,1801.8,0.33961,0.090055,0.33961,0.090055,0,2,0,0.0333,0,3603.6,0,2,0,0.0333,0,3603.6
1214,12,403.77,406.8,18,1,294,0.79121,0.043957,2.4,0.13333,19.78,19.78,0.24175,0.4066,0.7333,0.41111,19.78,59.341,0.3992,0.062515,0.41156,0.061587,1,1,3.0333,3.0333,19.78,19.78,0,2,0,3.0333,0,39.561
1214,12,406.87,407,20,1,295,0.74994,0,0.099967,0,450.11,0,0,0,0,0,0,0,0.14807,0.084323,0.14621,0.084559,0,2,0,0.1333,0,900.23,0,2,0,0.1333,0,900.23
1214,12,407.33,407.47,20,1,296,0,0,0,0,0,0,0,1,0,0.1333,0,450.11,0.14838,0.082876,0.1482,0.08279,0,1.9997,0,0.13328,0,900.23,0,2,0,0.1333,0,900.23
1214,12,407.8,408,20,1,297,0,1,0,0.2,0,300,0,0.5,0,0.05,0,600,0.14961,0.079,0.15112,0.078315,0,2,0,0.2,0,600,0,2,0,0.2,0,600
1214,12,408.33,409.4,23,1,298,0,0.71873,0,0.38333,0,112.5,0,0.15628,0,0.08335,0,112.5,0.15642,0.044895,0.15605,0.045276,0,2,0,1.0667,0,112.5,0,2,0,1.0667,0,112.5
1214,12,409.63,411.27,23,1,299,0,0.97959,0,0.79998,0,73.471,0,0.79596,0,0.43334,0,110.21,0.15746,0.045973,0.16176,0.046166,0,2,0,1.6333,0,73.471,0,2,0,1.6333,0,73.471
1214,12,411.43,412.13,23,1,300,0,0.7619,0,0.26667,0,171.43,0,0,0,0,0,0,0.17033,0.044354,0.1737,0.044591,0,2,0,0.7,0,171.43,0,2,0,0.7,0,171.43
1214,12,412.17,412.47,23,1,301,0,1,0,0.2999,0,200.07,0,0,0,0,0,0,0.14119,0.043756,0.14153,0.043362,0,2,0,0.2999,0,400.13,0,2,0,0.2999,0,400.13
1214,12,412.93,413.4,23,1,302,0,0.85715,0,0.20002,0,257.12,0,0.35719,0,0.1667,0,128.56,0.1514,0.040845,0.1525,0.040706,0,1.7143,0,0.40003,0,257.12,0,2,0,0.4667,0,257.12
1214,12,413.53,414.8,23,1,303,0,1,0,1.2667,0,47.367,0,0.18421,0,0.23333,0,47.367,0.16208,0.039202,0.16167,0.040159,0,1.7895,0,0.75557,0,142.1,0,1.7895,0,1.1334,0,94.734
1214,12,415.03,415.7,23,1,304,0,1,0,0.6667,0,89.996,0,0.44998,0,0.3,0,89.996,0.14984,0.041236,0.14959,0.041209,0,1,0,0.33337,0,179.99,0,1,0,0.6667,0,89.996
1214,12,415.8,417.53,23,1,305,0,0.92309,0,1.6,0,34.616,0,0.5577,0,0.96667,0,34.616,0.12923,0.040289,0.13266,0.04126,0,1.9038,0,1.65,0,69.232,0,1.3269,0,0.45999,0,173.08
1214,12,417.67,417.93,23,1,306,0,1,0,0.2666,0,225.06,0,1,0,0.2666,0,225.06,0.14483,0.040713,0.14366,0.041087,0,2,0,0.2666,0,450.11,0,2,0,0.2666,0,450.11
1214,12,418.17,419.53,23,1,307,0,1,0,1.3666,0,43.905,0,0.53659,0,0.7333,0,43.905,0.15934,0.038053,0.16322,0.03972,0,2,0,1.3666,0,87.809,0,1.5122,0,0.68886,0,131.71
1214,12,421.47,422.57,23,1,308,0,1,0,1.0999,0,54.55,0,0,0,0,0,0,0.10496,0.03053,0.10054,0.032537,0,2,0,1.0999,0,109.1,0,1.5758,0,0.8666,0,109.1
1214,12,424.1,424.13,23,1,309,0,1,0,0.0333,0,1801.8,0,0,0,0,0,0,0.066628,0.028457,0.066628,0.028457,0,2,0,0.0333,0,3603.6,0,1,0,0.0333,0,1801.8
1214,12,424.37,425.3,23,1,310,0,0.78571,0,0.7333,0,64.288,0,0,0,0,0,0,0.096125,0.035549,0.084365,0.03483,0,1.5,0,0.69997,0,128.58,0,1,0,0.9333,0,64.288
1214,12,425.33,426.7,2,1,311,0.29268,0.34146,0.4,0.46667,43.901,43.901,0.41462,0.14634,0.28333,0.2,87.803,43.901,0.21519,0.037469,0.22045,0.036571,0.87803,0.90244,1.2,0.61668,43.901,87.803,0,1.561,0,1.0667,0,87.803
1214,12,426.7,426.73,15,1,312,0,0,0,0,0,0,0,1,0,0.0333,0,1801.8,0.21784,0.058429,0.21784,0.058429,0,1,0,0.0333,0,1801.8,0,2,0,0.0333,0,3603.6
1214,12,426.73,426.77,2,1,313,0,0,0,0,0,0,0,1,0,0.0333,0,1801.8,0.12949,0.055054,0.12949,0.055054,1,0,0.0333,0,1801.8,0,0,2,0,0.0333,0,3603.6
1214,12,426.77,426.8,3,1,314,0,0,0,0,0,0,0,1,0,0.0333,0,1801.8,0,0,0,0,0,1,0,0.0333,0,1801.8,0,2,0,0.0333,0,3603.6
1214,12,427.67,428.43,18,1,315,0.30437,0.30437,0.23333,0.23333,78.268,78.268,0,0.8696,0,0.66663,0,78.268,0.31682,0.070682,0.33973,0.068309,0.043439,1,0.0333,0.7666,78.268,78.268,0,2,0,0.7666,0,156.54
1214,12,428.7,428.77,11,1,316,0,0,0,0,0,0,0,1,0,0.0666,0,900.9,0.10979,0.047555,0.10979,0.047555,0,1,0,0.0666,0,900.9,0,2,0,0.0666,0,1801.8
1214,12,428.8,429.13,2,1,317,0,0,0,0,0,0,0,0.20002,0,0.066667,0,180.02,0.12851,0.041717,0.12855,0.040912,1,0,0.3333,0,180.02,0,0,2,0,0.3333,0,360.04
1214,12,429.2,429.23,2,1,318,0,0,0,0,0,0,0,0,0,0,0,0,0.14831,0.052092,0.14831,0.052092,1,0,0.0333,0,1801.8,0,0,2,0,0.0333,0,3603.6
1214,12,429.33,430.37,23,1,319,0,0.25807,0,0.26667,0,58.066,0,0.5806,0,0.59993,0,58.066,0.17215,0.053541,0.17667,0.054171,0,1.0323,0,0.53332,0,116.13,0,1.7097,0,0.88333,0,116.13
1214,12,430.8,431.23,2,1,320,0,0.4615,0,0.19997,0,138.47,0,1,0,0.4333,0,138.47,0.20328,0.057247,0.21004,0.05454,0,0.53843,0,0.2333,0,138.47,0,2,0,0.4333,0,276.94
1214,12,431.27,432.6,14,1,321,1,0,1.3333,0,45.001,0,0.57499,0,0.38332,0,90.002,0,0.29192,0.036728,0.2863,0.033601,0.65002,0.59999,0.86667,0.39998,45.001,90.002,0.875,1,1.1666,1.3333,45.001,45.001
1214,12,432.63,432.77,14,1,322,1,0,0.1333,0,450.11,0,1,0,0.1333,0,450.11,0,0.17499,0.043622,0.17482,0.043576,1,1,0.1333,0.1333,450.11,450.11,0,1,0,0.1333,0,450.11
1214,12,432.83,433.1,2,1,323,0,1,0,0.2667,0,224.97,0,1,0,0.2667,0,224.97,0.24187,0.044178,0.25256,0.042624,1,1,0.2667,0.2667,224.97,224.97,0,1.7499,0,0.23335,0,449.94
1214,12,433.13,433.67,2,1,324,0,1,0,0.5333,0,112.51,0,1,0,0.5333,0,112.51,0.31917,0.054035,0.31676,0.047915,1,1,0.5333,0.5333,112.51,112.51,0,2,0,0.5333,0,225.01
1214,12,433.73,433.77,14,1,325,1,0,0.0333,0,1801.8,0,1,0,0.0333,0,1801.8,0,0.35333,0.077977,0.35333,0.077977,1,1,0.0333,0.0333,1801.8,1801.8,0,2,0,0.0333,0,3603.6
1214,12,433.77,434.07,2,1,326,0,1,0,0.2999,0,200.07,0,1,0,0.2999,0,200.07,0.22061,0.051164,0.22627,0.050982,1,1,0.2999,0.2999,200.07,200.07,0,2,0,0.2999,0,400.13
1214,12,434.23,435.83,2,1,327,0,1,0,1.6,0,37.5,0,0.97917,0,0.78333,0,75,0.18225,0.039603,0.17923,0.040495,1,1,1.6,1.6,37.5,37.5,0,1.6667,0,0.8889,0,112.5
1214,12,435.83,435.87,14,1,328,0.001001,0,3.3333e-05,0,1801.8,0,0,1,0,0.0333,0,1801.8,0.22102,0.047602,0.22102,0.047602,1,1,0.0333,0.0333,1801.8,1801.8,0,1,0,0.0333,0,1801.8
1214,12,436.03,436.07,2,1,329,0,1,0,0.0333,0,1801.8,0,1,0,0.0333,0,1801.8,0.17465,0.045077,0.17465,0.045077,1,1,0.0333,0.0333,1801.8,1801.8,0,2,0,0.0333,0,3603.6
1214,12,436.17,437,2,1,330,0,1,0,0.8333,0,72.003,0,1,0,0.8333,0,72.003,0.22409,0.0503,0.2208,0.050001,1,1,0.8333,0.8333,72.003,72.003,0,1.36,0,0.37777,0,216.01
1214,12,438.53,438.63,14,1,331,0,1,0,0.1,0,600,0,1,0,0.1,0,600,0.21642,0.059401,0.21711,0.059035,1,1,0.1,0.1,600,600,0,1,0,0.1,0,600
1214,12,438.8,438.87,2,1,332,0,1,0,0.0666,0,900.9,0,1,0,0.0666,0,900.9,0.17201,0.043452,0.17201,0.043452,1,1,0.0666,0.0666,900.9,900.9,0,1,0,0.0666,0,900.9
1214,12,439.13,439.37,14,1,333,0,1,0,0.2333,0,257.18,0,0,0,0,0,0,0.20351,0.039623,0.20864,0.039034,1,1,0.2333,0.2333,257.18,257.18,0,2,0,0.2333,0,514.36
1214,12,439.53,439.57,2,1,334,0,1,0,0.0333,0,1801.8,0,0,0,0,0,0,0.17454,0.052591,0.17454,0.052591,1,1,0.0333,0.0333,1801.8,1801.8,0,2,0,0.0333,0,3603.6
1214,12,439.8,440.83,23,1,335,0,1,0,1.0333,0,58.066,0,0,0,0,0,0,0.14143,0.045647,0.13989,0.045079,0,1.2903,0,0.33332,0,232.27,0,1.5484,0,0.79998,0,116.13
1214,12,441,441.03,2,1,336,0,1,0,0.0333,0,1801.8,0,1,0,0.0333,0,1801.8,0.15979,0.036886,0.15979,0.036886,0,1,0,0.0333,0,1801.8,0,1,0,0.0333,0,1801.8
1214,12,443.5,444.5,14,1,337,0,1,0,1,0,60,0,1,0,1,0,60,0.22696,0.048036,0.22825,0.049031,0,1,0,1,0,60,0,1,0,1,0,60
1214,12,452.4,452.73,14,1,338,1,0,0.3333,0,180.02,0,1,0,0.3333,0,180.02,0,0.24836,0.048674,0.23587,0.048122,1,1,0.3333,0.3333,180.02,180.02,0,1,0,0.3333,0,180.02
1214,12,453.4,453.93,14,1,339,0.56254,0.37496,0.3,0.19997,112.51,112.51,0.62504,0.37496,0.33333,0.19997,112.51,112.51,0.2271,0.039983,0.21651,0.040519,1,1,0.5333,0.5333,112.51,112.51,0,1,0,0.5333,0,112.51
1214,12,454.2,454.57,14,1,340,0,0,0,0,0,0,0,1,0,0.3666,0,163.67,0.19712,0.042883,0.1954,0.044168,1,1,0.3666,0.3666,163.67,163.67,0,1,0,0.3666,0,163.67
1214,12,454.83,455.1,14,1,341,1,0,0.2667,0,224.97,0,0,1,0,0.2667,0,224.97,0.25814,0.042289,0.26372,0.04334,1,0,0.2667,0,224.97,0,0,1,0,0.2667,0,224.97
1214,12,455.37,455.57,14,1,342,1,0,0.1999,0,300.15,0,0,1,0,0.1999,0,300.15,0.17036,0.036899,0.17056,0.037384,1,1,0.1999,0.1999,300.15,300.15,0,1,0,0.1999,0,300.15
1214,12,455.63,456.03,14,1,343,1,0,0.4,0,150,0,0,1,0,0.4,0,150,0.20126,0.038105,0.2046,0.038944,1,1,0.4,0.4,150,150,0,1,0,0.4,0,150
1214,12,456.83,456.93,2,1,344,0,1,0,0.1,0,600,0,0.333,0,0.0333,0,600,0.18364,0.043115,0.18337,0.042988,1,1,0.1,0.1,600,600,0,0.99967,0,0.099967,0,600
1214,12,459.77,459.97,2,1,345,0,1,0,0.1999,0,300.15,0,1,0,0.1999,0,300.15,0.22806,0.0502,0.22721,0.049936,1,1,0.1999,0.1999,300.15,300.15,0,1,0,0.1999,0,300.15
1214,12,460,460.03,2,1,346,0,1,0,0.0333,0,1801.8,0,1,0,0.0333,0,1801.8,0.22266,0.054816,0.22266,0.054816,1,1,0.0333,0.0333,1801.8,1801.8,0,1,0,0.0333,0,1801.8
1214,12,468.73,469.13,23,1,347,0,1,0,0.4,0,150,0,1,0,0.4,0,150,0.1591,0.040553,0.16363,0.040392,0,0.24992,0,0.049983,0,300,0,0.99992,0,0.39997,0,150
1214,12,470.2,471.53,23,1,348,0,1,0,1.3333,0,45.001,0,1,0,1.3333,0,45.001,0.10312,0.04065,0.10101,0.040384,0,0.14998,0,0.19997,0,45.001,0,1.125,0,0.74997,0,90.002
1214,12,471.57,471.63,23,1,349,0,1,0,0.0666,0,900.9,0,1,0,0.0666,0,900.9,0.088867,0.035908,0.088867,0.035908,0,1,0,0.0666,0,900.9,0,2,0,0.0666,0,1801.8
1214,12,471.77,472.1,23,1,350,0,1,0,0.3333,0,180.02,0,0,0,0,0,0,0.095079,0.039798,0.095495,0.040333,0,1,0,0.3333,0,180.02,0,1.8,0,0.29997,0,360.04
1214,12,472.53,472.67,23,1,351,0,1,0,0.1333,0,450.11,0,0,0,0,0,0,0.10912,0.037684,0.10903,0.0376,0,1,0,0.1333,0,450.11,0,1,0,0.1333,0,450.11
1214,12,473,475.47,23,1,352,0,1,0,2.4666,0,24.325,0,0.24325,0,0.6,0,24.325,0.12163,0.041936,0.11952,0.042446,0,1.0541,0,0.86664,0,72.975,0,1.1757,0,1.45,0,48.65
1214,12,476.17,476.3,23,1,353,0,1,0,0.1333,0,450.11,0,0,0,0,0,0,0.069272,0.022227,0.067952,0.02261,0,1,0,0.1333,0,450.11,0,1,0,0.1333,0,450.11
1214,12,477.4,477.87,23,1,354,0,1,0,0.4666,0,128.59,0,1,0,0.4666,0,128.59,0.10447,0.037058,0.10287,0.036917,0,1,0,0.4666,0,128.59,0,1,0,0.4666,0,128.59
1215,12,31.533,31.6,3,1,1,0,0,0,0,0,0,0,1,0,0.0667,0,899.55,0.18417,0.093361,0.18417,0.093361,0,0,0,0,0,0,0,1,0,0.0667,0,899.55
1215,12,37.033,37.3,16,1,2,0,1,0,0.2667,0,224.97,0,1,0,0.2667,0,224.97,0.17145,0.089623,0.1728,0.093832,0,1.125,0,0.15002,0,449.94,0,1,0,0.2667,0,224.97
1215,12,37.967,39.6,23,1,3,0.040797,0.89798,0.066633,1.4667,36.735,36.735,0,0.5306,0,0.43332,0,73.471,0.30631,0.083224,0.3049,0.08475,0,2,0,1.6333,0,73.471,0,1,0,1.6333,0,36.735
1215,12,40.7,41.3,2,1,4,0,1,0,0.6,0,100,0,1,0,0.6,0,100,0.14943,0.072764,0.15701,0.068667,0,2,0,0.6,0,200,0,1,0,0.6,0,100
1215,12,41.3,41.333,23,1,5,0,1,0,0.0333,0,1801.8,0,1,0,0.0333,0,1801.8,0.058014,0,0.058014,0,0,2,0,0.0333,0,3603.6,0,1,0,0.0333,0,1801.8
1215,12,41.333,41.4,2,1,6,0,1,0,0.0667,0,899.55,0,1,0,0.0667,0,899.55,0.10352,0.05771,0.10352,0.05771,0,2,0,0.0667,0,1799.1,0,1,0,0.0667,0,899.55
1215,12,41.4,42.667,21,1,7,0.57893,0.1579,0.73327,0.2,47.371,47.371,0,0.73688,0,0.93333,0,47.371,0.14972,0.056694,0.14379,0.049865,0,2,0,1.2666,0,94.742,0,1,0,1.2666,0,47.371
1215,12,43.667,43.733,2,1,8,0,1,0,0.0666,0,900.9,0,0,0,0,0,0,0.085547,0.030166,0.085547,0.030166,0,2,0,0.0666,0,1801.8,0,1,0,0.0666,0,900.9
1215,12,43.9,43.933,2,1,9,0,1,0,0.0333,0,1801.8,0,0,0,0,0,0,0.10338,0.037178,0.10338,0.037178,0,2,0,0.0333,0,3603.6,0,1,0,0.0333,0,1801.8
1215,12,45.1,45.4,12,1,10,0.44444,0,0.13333,0,200,0,0,1,0,0.3,0,200,0.15046,0.044645,0.1306,0.042004,0,2,0,0.3,0,400,0,1,0,0.3,0,200
1215,12,45.5,45.567,18,1,11,0,0,0,0,0,0,0,1,0,0.0666,0,900.9,0.17013,0.066421,0.17013,0.066421,0,2,0,0.0666,0,1801.8,0,1,0,0.0666,0,900.9
1215,12,45.667,45.7,21,1,12,0,0,0,0,0,0,0,0,0,0,0,0,0,0,0,0,0,2,0,0.0333,0,3603.6,0,1,0,0.0333,0,1801.8
1215,12,45.8,45.9,12,1,13,0,0,0,0,0,0,0,0,0,0,0,0,0.2767,0.11968,0.27637,0.11569,0,2,0,0.1,0,1200,0,1,0,0.1,0,600
1215,12,45.933,46.2,12,1,14,0,0.49994,0,0.13333,0,224.97,0,0.87489,0,0.23333,0,224.97,0.2344,0.092425,0.22906,0.091889,0,1,0,0.2667,0,224.97,0,1,0,0.2667,0,224.97
1215,12,46.267,46.3,3,1,15,1,0,0.0333,0,1801.8,0,0,1,0,0.0333,0,1801.8,0,0,0,0,0,0,0,0,0,0,0,1,0,0.0333,0,1801.8
1215,12,46.9,46.967,3,1,16,0.5005,0,0.033333,0,900.9,0,0,1,0,0.0666,0,900.9,0.25521,0.050527,0.25521,0.050527,0,0,0,0,0,0,0,1,0,0.0666,0,900.9
1215,12,46.967,47.133,12,1,17,0,0,0,0,0,0,0,1,0,0.1666,0,360.14,0.35039,0.10756,0.35788,0.1006,0,0.80012,0,0.1333,0,360.14,0,1,0,0.1666,0,360.14
1215,12,47.133,47.167,21,1,18,0,0.999,0,0.033267,0,1801.8,0,1,0,0.0333,0,1801.8,0.39637,0.16371,0.39637,0.16371,0,1,0,0.0333,0,1801.8,0,1,0,0.0333,0,1801.8
1215,12,47.167,47.233,12,1,19,0,1,0,0.0666,0,900.9,0,1,0,0.0666,0,900.9,0.29109,0.15629,0.29109,0.15629,0,1,0,0.0666,0,900.9,0,1,0,0.0666,0,900.9
1215,12,47.267,47.333,2,1,20,1,0,0.0666,0,900.9,0,0,1,0,0.0666,0,900.9,0.34234,0.19288,0.34234,0.19288,0,1,0,0.0666,0,900.9,0,1,0,0.0666,0,900.9
1215,12,47.667,48.2,18,1,21,1,0,0.5333,0,112.51,0,0,0.9375,0,0.24998,0,225.01,0.4129,0.11241,0.40761,0.12347,0,0.062504,0,0.033333,0,112.51,0,1,0,0.5333,0,112.51
1215,12,48.533,48.933,18,1,22,0,0.83325,0,0.3333,0,150,0,0.49992,0,0.19997,0,150,0.28839,0.082484,0.27108,0.079715,0,1,0,0.4,0,150,0,0.99992,0,0.39997,0,150
1215,12,49.467,49.533,13,1,23,0,1,0,0.0666,0,900.9,0,1,0,0.0666,0,900.9,0.09224,0.047786,0.09224,0.047786,0,1,0,0.0666,0,900.9,0,1,0,0.0666,0,900.9
1215,12,49.767,50.1,15,1,24,0,1,0,0.3333,0,180.02,0,0,0,0,0,0,0.24248,0.036074,0.23633,0.035202,0,1,0,0.3333,0,180.02,0,1,0,0.3333,0,180.02
1215,12,52.1,52.133,20,1,25,0,1,0,0.0333,0,1801.8,0,1,0,0.0333,0,1801.8,0.13514,0.055229,0.13514,0.055229,0,0,0,0,0,0,0,1,0,0.0333,0,1801.8
1215,12,52.167,52.2,20,1,26,0,1,0,0.0333,0,1801.8,0,1,0,0.0333,0,1801.8,0,0,0,0,0,0,0,0,0,0,0,1,0,0.0333,0,1801.8
1215,12,53.7,53.767,20,1,27,0,1,0,0.0666,0,900.9,0,1,0,0.0666,0,900.9,0.12618,0.065115,0.12618,0.065115,0,0,0,0,0,0,0,1,0,0.0666,0,900.9
1215,12,53.8,53.833,20,1,28,0,1,0,0.0333,0,1801.8,0,1,0,0.0333,0,1801.8,0.12733,0.064282,0.12733,0.064282,0,0,0,0,0,0,0,1,0,0.0333,0,1801.8
1215,12,53.867,53.933,20,1,29,0,1,0,0.0666,0,900.9,0,1,0,0.0666,0,900.9,0.13501,0.070865,0.13501,0.070865,0,0,0,0,0,0,0,1,0,0.0666,0,900.9
1215,12,55.1,55.2,3,1,30,0,1,0,0.1,0,600,0,0,0,0,0,0,0.13234,0.071332,0.13234,0.071513,0,0,0,0,0,0,0,1,0,0.1,0,600
1215,12,57.833,57.867,2,1,31,0,1,0,0.0333,0,1801.8,0,1,0,0.0333,0,1801.8,0.15739,0.051681,0.15739,0.051681,0,1,0,0.0333,0,1801.8,0,1,0,0.0333,0,1801.8
1215,12,58.167,59.767,18,1,32,0.22918,0.66665,0.36667,0.35552,37.502,112.51,0,1,0,1.5999,0,37.502,0.18999,0.070482,0.14492,0.055973,0,2,0,1.5999,0,75.005,0,1,0,1.5999,0,37.502
1215,12,59.8,60.233,12,1,33,1,0,0.4333,0,138.47,0,0,1,0,0.4333,0,138.47,0.24709,0.10487,0.25352,0.10092,0.076929,1,0.033333,0.4333,138.47,138.47,0,1,0,0.4333,0,138.47
1215,12,60.367,60.433,10,1,34,0,1,0,0.0666,0,900.9,0,1,0,0.0666,0,900.9,0.36255,0.090232,0.36255,0.090232,0,2,0,0.0666,0,1801.8,0,1,0,0.0666,0,900.9
1215,12,60.433,60.5,3,1,35,0,1,0,0.0667,0,899.55,0,1,0,0.0667,0,899.55,0.14926,0.073634,0.14926,0.073634,1,1,0.0667,0.0667,899.55,899.55,0,1,0,0.0667,0,899.55
1215,12,60.7,60.733,15,1,36,0,1,0,0.0333,0,1801.8,0,1,0,0.0333,0,1801.8,0.19437,0.10406,0.19437,0.10406,0,2,0,0.0333,0,3603.6,0,1,0,0.0333,0,1801.8
1215,12,60.867,60.967,15,1,37,0,1,0,0.0999,0,600.6,0,1,0,0.0999,0,600.6,0.26002,0.1092,0.26002,0.1092,0,1.3333,0,0.0666,0,1201.2,0,1,0,0.0999,0,600.6
1215,12,61,61.033,15,1,38,0,1,0,0.0333,0,1801.8,0,1,0,0.0333,0,1801.8,0.23336,0.091848,0.23336,0.091848,0,1,0,0.0333,0,1801.8,0,1,0,0.0333,0,1801.8
1215,12,62.3,62.5,15,1,39,0,1,0,0.2,0,300,0,1,0,0.2,0,300,0.16571,0.068171,0.16376,0.067955,0,1.6667,0,0.16667,0,600,0,1,0,0.2,0,300
1215,12,62.6,63.433,3,1,40,1,0,0.8333,0,72.003,0,0,0.96,0,0.79997,0,72.003,0.20529,0.086022,0.2041,0.087372,0.44002,1,0.18333,0.8333,144.01,72.003,0,1,0,0.8333,0,72.003
1215,12,63.5,63.533,3,1,41,1,0,0.0333,0,1801.8,0,0,1,0,0.0333,0,1801.8,0.16146,0.062859,0.16146,0.062859,0,1,0,0.0333,0,1801.8,0,1,0,0.0333,0,1801.8
1215,12,63.967,64,3,1,42,1,0,0.0333,0,1801.8,0,0,0,0,0,0,0,0,0,0,0,1,1,0.0333,0.0333,1801.8,1801.8,0,1,0,0.0333,0,1801.8
1215,12,64,64.033,2,1,43,0,1,0,0.0333,0,1801.8,0,0,0,0,0,0,0.24719,0.12252,0.24719,0.12252,0,2,0,0.0333,0,3603.6,0,1,0,0.0333,0,1801.8
1215,12,64.033,64.1,3,1,44,1,0,0.0667,0,899.55,0,0,0,0,0,0,0,0.20788,0.107,0.20788,0.107,1,1,0.0667,0.0667,899.55,899.55,0,1,0,0.0667,0,899.55
1215,12,64.2,64.267,3,1,45,1,0,0.0666,0,900.9,0,0,1,0,0.0666,0,900.9,0.20296,0.1037,0.20296,0.1037,1,1,0.0666,0.0666,900.9,900.9,0,1,0,0.0666,0,900.9
1215,12,64.533,64.667,15,1,46,0,0.24981,0,0.01665,0,900.23,0,1,0,0.1333,0,450.11,0.16318,0.086751,0.16308,0.084997,0,2,0,0.1333,0,900.23,0,1,0,0.1333,0,450.11
1215,12,64.767,65,15,1,47,0,0.42849,0,0.099967,0,257.18,0,1,0,0.2333,0,257.18,0.20747,0.088893,0.20824,0.091946,0,2,0,0.2333,0,514.36,0,1,0,0.2333,0,257.18
1215,12,65.067,65.367,23,1,48,0,0.88896,0,0.2666,0,200.07,0,1,0,0.2999,0,200.07,0.20707,0.073065,0.21264,0.073641,0,2,0,0.2999,0,400.13,0,1,0,0.2999,0,200.07
1215,12,65.5,65.533,5,1,49,0,0,0,0,0,0,0,1,0,0.0333,0,1801.8,0.14757,0.0694,0.14757,0.0694,0,2,0,0.0333,0,3603.6,0,1,0,0.0333,0,1801.8
1215,12,65.6,65.933,23,1,50,0,0,0,0,0,0,0,1,0,0.3333,0,180.02,0.1763,0.06002,0.19644,0.060329,0,2,0,0.3333,0,360.04,0,1,0,0.3333,0,180.02
1215,12,71.933,72.4,15,1,51,0,1,0,0.4667,0,128.56,0,0.28577,0,0.13337,0,128.56,0.18483,0.071766,0.18123,0.075311,0,1.2857,0,0.30002,0,257.12,0,0.99993,0,0.46667,0,128.56
1215,12,72.933,73.367,17,1,52,1,0,0.4333,0,138.47,0,0,1,0,0.4333,0,138.47,0.24507,0.079037,0.24794,0.0789,1,1,0.4333,0.4333,138.47,138.47,0,0.99992,0,0.43327,0,138.47
1215,12,73.667,73.933,15,1,53,0,0.5,0,0.1333,0,225.06,0,1,0,0.2666,0,225.06,0.18079,0.070287,0.17748,0.072718,0,2,0,0.2666,0,450.11,0,1,0,0.2666,0,225.06
1215,12,74,74.167,22,1,54,1,0,0.1666,0,360.14,0,0,1,0,0.1666,0,360.14,0.20764,0.066718,0.21197,0.066526,0,2,0,0.1666,0,720.29,0,1,0,0.1666,0,360.14
1215,12,74.333,74.367,15,1,55,0,0.001001,0,3.3333e-05,0,1801.8,0,0,0,0,0,0,0.15524,0.078538,0.15524,0.078538,0,2,0,0.0333,0,3603.6,0,1,0,0.0333,0,1801.8
1215,12,74.4,74.433,15,1,56,0,0,0,0,0,0,0,0,0,0,0,0,0.14299,0.090885,0.14299,0.090885,0,2,0,0.0333,0,3603.6,0,1,0,0.0333,0,1801.8
1215,12,74.633,75.3,3,1,57,0,0.79996,0,0.53333,0,89.996,0,0.44998,0,0.3,0,89.996,0.34998,0.065473,0.33702,0.065447,0,1.5,0,0.50002,0,179.99,0,1,0,0.6667,0,89.996
1215,12,75.3,75.4,17,1,58,1,0,0.1,0,600,0,0,0,0,0,0,0,0.11064,0.044345,0.10893,0.044338,1,1,0.1,0.1,600,600,0,1,0,0.1,0,600
1215,12,75.4,75.567,3,1,59,0,1,0,0.1666,0,360.14,0,0,0,0,0,0,0.40345,0.078624,0.40837,0.080102,0,2,0,0.1666,0,720.29,0,1,0,0.1666,0,360.14
1215,12,75.567,75.633,17,1,60,1,0,0.0666,0,900.9,0,0,0,0,0,0,0,0.12814,0.045285,0.12814,0.045285,1,1,0.0666,0.0666,900.9,900.9,0,1,0,0.0666,0,900.9
1215,12,75.633,76.733,3,1,61,0,0.60609,0,0.6667,0,54.545,0,0,0,0,0,0,0.33963,0.076465,0.34535,0.070436,0,2,0,1.1,0,109.09,0,1,0,1.1,0,54.545
1215,12,88.467,88.567,3,1,62,0,0,0,0,0,0,0,0,0,0,0,0,0.078083,0.022552,0.078083,0.022552,0,1,0,0.0999,0,600.6,0,1,0,0.0999,0,600.6
1215,12,88.6,88.633,23,1,63,0,0,0,0,0,0,0,0,0,0,0,0,0.077591,0.027467,0.077591,0.027467,0,1,0,0.0333,0,1801.8,0,1,0,0.0333,0,1801.8
1215,12,88.667,88.733,23,1,64,0,0,0,0,0,0,0,0,0,0,0,0,0.069082,0.028904,0.069082,0.028904,0,1,0,0.0666,0,900.9,0,1,0,0.0666,0,900.9
1215,12,88.8,88.933,23,1,65,0,0,0,0,0,0,0,0,0,0,0,0,0.055479,0.021522,0.054606,0.024814,0,1,0,0.1333,0,450.11,0,1,0,0.1333,0,450.11
1215,12,88.967,89,23,1,66,0,0,0,0,0,0,0,0,0,0,0,0,0,0,0,0,0,1,0,0.0333,0,1801.8,0,1,0,0.0333,0,1801.8
1215,12,89.033,89.2,23,1,67,0,0,0,0,0,0,0,0,0,0,0,0,0.062217,0,0.062796,0,0,1,0,0.1667,0,359.93,0,1,0,0.1667,0,359.93
1215,12,90.6,90.933,23,1,68,0,0,0,0,0,0,0,0.30003,0,0.1,0,180.02,0.10195,0.034218,0.10212,0.03169,0,1,0,0.3333,0,180.02,0,1,0,0.3333,0,180.02
1215,12,93.033,93.167,3,1,69,0,0,0,0,0,0,0,0,0,0,0,0,0.065556,0.023259,0.066699,0.023787,0,1,0,0.1333,0,450.11,0,1,0,0.1333,0,450.11
1215,12,94.233,94.533,3,1,70,0.77789,0,0.23337,0,200,0,0,0,0,0,0,0,0.15392,0.055848,0.15641,0.056479,0,1,0,0.3,0,200,0,1,0,0.3,0,200
1215,12,95.067,95.533,20,1,71,1,0,0.4666,0,128.59,0,0,0,0,0,0,0,0.16969,0.073924,0.17977,0.081077,1,0,0.4666,0,128.59,0,0,1,0,0.4666,0,128.59
1215,12,95.7,97.633,20,1,72,1,0,1.9333,0,31.035,0,0,0,0,0,0,0,0.24841,0.073949,0.23619,0.072641,1.2586,0,1.2166,0,62.07,0,0,1,0,1.9333,0,31.035
1215,12,97.667,97.7,23,1,73,0,1,0,0.0333,0,1801.8,0,0,0,0,0,0,0,0,0,0,0,1,0,0.0333,0,1801.8,0,1,0,0.0333,0,1801.8
1215,12,97.7,97.767,20,1,74,1,0,0.0666,0,900.9,0,0,0,0,0,0,0,0.1855,0.064253,0.1855,0.064253,1,0,0.0666,0,900.9,0,0,1,0,0.0666,0,900.9
1215,12,97.767,98.2,23,1,75,0,1,0,0.4333,0,138.47,0,0,0,0,0,0,0.25897,0.10259,0.25329,0.097313,0,1,0,0.4333,0,138.47,0,1,0,0.4333,0,138.47
1215,12,98.433,100.6,20,1,76,0.95385,0.015384,2.0667,0.033333,27.692,27.692,0.33846,0.32307,0.36667,0.35,55.384,55.384,0.29978,0.11862,0.30152,0.12365,1,0,2.1667,0,27.692,0,0,1,0,2.1667,0,27.692
1215,12,100.63,100.77,23,1,77,1,0,0.1333,0,450.11,0,0,0,0,0,0,0,0.32591,0.23462,0.33504,0.23652,0,1,0,0.1333,0,450.11,0,1,0,0.1333,0,450.11
1215,12,100.77,100.8,20,1,78,0,1,0,0.0333,0,1801.8,0,0,0,0,0,0,0,0,0,0,1,0,0.0333,0,1801.8,0,0,1,0,0.0333,0,1801.8
1215,12,100.8,100.93,23,1,79,0.25006,0,0.033333,0,450.11,0,0,0,0,0,0,0,0.28267,0.094411,0.28796,0.095553,0,1,0,0.1333,0,450.11,0,1,0,0.1333,0,450.11
1215,12,100.97,101,23,1,80,0,0,0,0,0,0,0,1,0,0.0333,0,1801.8,0,0,0,0,0,1,0,0.0333,0,1801.8,0,1,0,0.0333,0,1801.8
1215,12,104.67,105.9,23,1,81,0,1,0,1.2333,0,48.65,0,0.78378,0,0.96663,0,48.65,0.1453,0.039295,0.14858,0.038375,0,0,0,0,0,0,0,1,0,1.2333,0,48.65
1215,12,106,106.03,15,1,82,0,1,0,0.0333,0,1801.8,0,0,0,0,0,0,0.14923,0.069284,0.14923,0.069284,0,0,0,0,0,0,0,1,0,0.0333,0,1801.8
1215,12,106.3,106.4,3,1,83,0,1,0,0.1,0,600,0,0,0,0,0,0,0.14466,0.055097,0.14557,0.055115,0,1,0,0.1,0,600,0,1,0,0.1,0,600
1215,12,106.5,106.8,3,1,84,0,1,0,0.3,0,200,0,0,0,0,0,0,0.15606,0.060262,0.15815,0.059916,0,1,0,0.3,0,200,0,1,0,0.3,0,200
1215,12,106.87,107.07,23,1,85,0,1,0,0.1999,0,300.15,0,0,0,0,0,0,0.16987,0.055814,0.17051,0.056962,0,1,0,0.1999,0,300.15,0,1,0,0.1999,0,300.15
1215,12,107.87,108.53,23,1,86,0,0.85004,0,0.56663,0,90.009,0,0,0,0,0,0,0.13987,0.028523,0.14261,0.029038,0,1,0,0.6666,0,90.009,0,1,0,0.6666,0,90.009
1215,12,109.03,109.33,3,1,87,0,0,0,0,0,0,0,0,0,0,0,0,0.092139,0.0271,0.092578,0.027499,0,1,0,0.3,0,200,0,1,0,0.3,0,200
1215,12,111.2,111.9,21,1,88,0,1,0,0.7,0,85.714,0,1,0,0.7,0,85.714,0.16122,0.043631,0.16649,0.04383,0,2,0,0.7,0,171.43,0,1,0,0.7,0,85.714
1215,12,111.93,112.5,21,1,89,0,1,0,0.5667,0,105.88,0,1,0,0.5667,0,105.88,0.17587,0.050167,0.17561,0.050416,0,2,0,0.5667,0,211.75,0,1,0,0.5667,0,105.88
1215,12,112.57,113.33,6,1,90,1,0,0.7666,0,78.268,0,0,1,0,0.7666,0,78.268,0.24475,0.050298,0.23674,0.051036,1.1304,0,0.43328,0,156.54,0,0,1,0,0.7666,0,78.268
1215,12,113.4,113.5,21,1,91,0,0.33333,0,0.033333,0,600,0,1,0,0.1,0,600,0.31375,0.057284,0.31557,0.055057,0,1,0,0.1,0,600,0,1,0,0.1,0,600
1215,12,113.53,113.7,6,1,92,0,0.79984,0,0.13333,0,359.93,0,1,0,0.1667,0,359.93,0.21054,0.047119,0.21343,0.046837,1,0,0.1667,0,359.93,0,0,1,0,0.1667,0,359.93
1215,12,113.93,114.17,6,1,93,0.99986,0,0.23327,0,257.18,0,0,1,0,0.2333,0,257.18,0.15178,0.042957,0.15188,0.04287,1,0,0.2333,0,257.18,0,0,1,0,0.2333,0,257.18
1215,12,114.33,114.6,6,1,94,1,0,0.2667,0,224.97,0,0,0.12511,0,0.033367,0,224.97,0.17975,0.041434,0.17972,0.040709,1,0,0.2667,0,224.97,0,0,1,0,0.2667,0,224.97
1215,12,114.97,115.43,6,1,95,1,0,0.4666,0,128.59,0,0,0,0,0,0,0,0.2639,0.052774,0.26429,0.052847,1,0,0.4666,0,128.59,0,0,1,0,0.4666,0,128.59
1215,12,115.47,115.6,6,1,96,1,0,0.1333,0,450.11,0,0,0,0,0,0,0,0.13178,0.036717,0.1333,0.036654,1,0,0.1333,0,450.11,0,0,1,0,0.1333,0,450.11
1215,12,115.73,116.13,6,1,97,0.75008,0.08325,0.30003,0.0333,150,150,0,0,0,0,0,0,0.13243,0.028765,0.12771,0.028886,1.0001,0,0.20002,0,300,0,0,1,0,0.4,0,150
1215,12,116.27,117.3,21,1,98,1,0,1.0333,0,58.066,0,0,0.22581,0,0.23333,0,58.066,0.15238,0.032512,0.14905,0.034367,0,1,0,1.0333,0,58.066,0,1,0,1.0333,0,58.066
1215,12,117.3,117.83,6,1,99,0,0.31252,0,0.16667,0,112.51,0.31252,0,0.16667,0,112.51,0,0.18033,0.041158,0.16758,0.036896,1,0,0.5333,0,112.51,0,0,1,0,0.5333,0,112.51
1215,12,117.9,118.27,23,1,100,0,0.72722,0,0.1333,0,327.33,0,0,0,0,0,0,0.11701,0.027415,0.11543,0.027502,0,1,0,0.3666,0,163.67,0,1,0,0.3666,0,163.67
1215,12,119.33,119.5,3,1,101,1,0,0.1667,0,359.93,0,0,0,0,0,0,0,0.10952,0.030275,0.10927,0.030331,0,1,0,0.1667,0,359.93,0,1,0,0.1667,0,359.93
1215,12,120.03,120.07,3,1,102,1,0,0.0333,0,1801.8,0,0,1,0,0.0333,0,1801.8,0.14438,0.066999,0.14438,0.066999,0,1,0,0.0333,0,1801.8,0,1,0,0.0333,0,1801.8
1215,12,120.13,120.2,3,1,103,1,0,0.0667,0,899.55,0,0,1,0,0.0667,0,899.55,0.21166,0.075645,0.21166,0.075645,0,0,0,0,0,0,0,1,0,0.0667,0,899.55
1215,12,120.33,121.1,1,1,104,0,1,0,0.7667,0,78.257,0,0.73914,0,0.1889,0,234.77,0.43563,0.086338,0.44877,0.085333,0,0.78257,0,0.6,0,78.257,0,1,0,0.7667,0,78.257
1215,12,121.2,121.27,3,1,105,1,0,0.0666,0,900.9,0,0,1,0,0.0666,0,900.9,0.3171,0.062219,0.3171,0.062219,1,0,0.0666,0,900.9,0,0,1,0,0.0666,0,900.9
1215,12,121.27,121.5,1,1,106,0,1,0,0.2333,0,257.18,0,1,0,0.2333,0,257.18,0.19837,0.03973,0.19778,0.039267,0,1,0,0.2333,0,257.18,0,1,0,0.2333,0,257.18
1215,12,121.53,121.77,23,1,107,0,0.14302,0,0.033367,0,257.18,0,1,0,0.2333,0,257.18,0.20579,0.070263,0.21575,0.064617,0,1,0,0.2333,0,257.18,0,1,0,0.2333,0,257.18
1215,12,121.77,122.7,20,1,108,0.4643,0.39287,0.43333,0.36667,64.288,64.288,0,0.42855,0,0.13332,0,192.86,0.19528,0.099203,0.17109,0.054543,0,1,0,0.9333,0,64.288,0,1,0,0.9333,0,64.288
1215,12,122.9,124.2,3,1,109,0.79487,0.025641,1.0333,0.033333,46.154,46.154,0,0.38462,0,0.25,0,92.308,0.33524,0.13729,0.3307,0.13594,1,0,1.3,0,46.154,0,0,1,0,1.3,0,46.154
1215,12,125.9,126.57,23,1,110,0.25003,0.69997,0.16667,0.4666,90.009,90.009,0,0,0,0,0,0,0.17733,0.032222,0.16615,0.033108,0,1,0,0.6666,0,90.009,0,1,0,0.6666,0,90.009
1215,12,131.27,131.57,17,1,111,0,0.11093,0,0.033267,0,200.07,0,0,0,0,0,0,0.066272,0.026253,0.068006,0.02677,0,2,0,0.2999,0,400.13,0,2,0,0.2999,0,400.13
1215,12,131.9,132.37,23,1,112,0,1,0,0.4666,0,128.59,0,0,0,0,0,0,0.13287,0.043711,0.13958,0.043521,0,1.3572,0,0.31663,0,257.18,0,2,0,0.4666,0,257.18
1215,12,132.6,132.67,23,1,113,0,1,0,0.0666,0,900.9,0,0,0,0,0,0,0.17321,0.063082,0.17321,0.063082,0,1,0,0.0666,0,900.9,0,2,0,0.0666,0,1801.8
1215,12,132.87,133.53,23,1,114,0,1,0,0.6666,0,90.009,0,0,0,0,0,0,0.19333,0.063376,0.19325,0.063738,0,2,0,0.6666,0,180.02,0,2,0,0.6666,0,180.02
1215,12,134.07,134.7,5,1,115,1,0,0.6333,0,94.742,0,0.26312,0,0.16663,0,94.742,0,0.14493,0.036708,0.14561,0.036836,1,1,0.6333,0.6333,94.742,94.742,0,2,0,0.6333,0,189.48
1215,12,136.37,137.1,5,1,116,1,0,0.7333,0,81.822,0,0.45457,0,0.33333,0,81.822,0,0.16283,0.033584,0.17007,0.033153,1,1,0.7333,0.7333,81.822,81.822,0,2,0,0.7333,0,163.64
1215,12,137.3,138.47,23,1,117,0,1,0,1.1666,0,51.432,0,0.19995,0,0.23327,0,51.432,0.17324,0.053653,0.17502,0.048192,0,2,0,1.1666,0,102.86,0,1.2,0,0.69997,0,102.86
1215,12,138.73,139,23,1,118,0,1,0,0.2667,0,224.97,0,0,0,0,0,0,0.18427,0.055021,0.186,0.056201,0,2,0,0.2667,0,449.94,0,1,0,0.2667,0,224.97
1215,12,139.3,139.33,5,1,119,0,1,0,0.0333,0,1801.8,0,1,0,0.0333,0,1801.8,0.20686,0.14354,0.20686,0.14354,1,1,0.0333,0.0333,1801.8,1801.8,0,1,0,0.0333,0,1801.8
1215,12,139.5,139.53,23,1,120,0,1,0,0.0333,0,1801.8,0,1,0,0.0333,0,1801.8,0.17318,0.13491,0.17318,0.13491,0,2,0,0.0333,0,3603.6,0,1,0,0.0333,0,1801.8
1215,12,139.83,139.87,3,1,121,1,0,0.0333,0,1801.8,0,0,0,0,0,0,0,0.1687,0.090184,0.1687,0.090184,1,1,0.0333,0.0333,1801.8,1801.8,0,1,0,0.0333,0,1801.8
1215,12,139.93,140,16,1,122,0,1,0,0.0667,0,899.55,0,0.49975,0,0.033333,0,899.55,0.18833,0.091755,0.18833,0.091755,0,2,0,0.0667,0,1799.1,0,1,0,0.0667,0,899.55
1215,12,140.67,142.17,3,1,123,1,0,1.4999,0,40.003,0,0,0.57777,0,0.28887,0,120.01,0.19952,0.076628,0.19978,0.069653,1,1,1.4999,1.4999,40.003,40.003,0,1,0,1.4999,0,40.003
1215,12,142.33,142.7,3,1,124,0,0.90901,0,0.33333,0,163.62,0,0.6364,0,0.23337,0,163.62,0.15467,0.096902,0.15817,0.10063,1,1,0.3667,0.3667,163.62,163.62,0,1,0,0.3667,0,163.62
1215,12,142.93,143.1,3,1,125,0,0,0,0,0,0,0,0,0,0,0,0,0.14512,0.078786,0.15141,0.084613,1,1,0.1667,0.1667,359.93,359.93,0,1,0,0.1667,0,359.93
1215,12,143.13,144.07,23,1,126,0,0.75003,0,0.7,0,64.288,0,0,0,0,0,0,0.22472,0.062881,0.21889,0.062862,0,1.7858,0,0.83333,0,128.58,0,1,0,0.9333,0,64.288
1215,12,144.1,144.23,5,1,127,0,0,0,0,0,0,0,0,0,0,0,0,0.091008,0.031909,0.092323,0.031832,1,0,0.1333,0,450.11,0,0,1,0,0.1333,0,450.11
1215,12,144.37,144.53,5,1,128,0,0,0,0,0,0,0,0,0,0,0,0,0.16106,0.030556,0.16281,0.03046,1,0,0.1666,0,360.14,0,0,1,0,0.1666,0,360.14
1215,12,144.8,145.27,23,1,129,0,0,0,0,0,0,0,0.85712,0,0.19997,0,257.18,0.11041,0.031961,0.11604,0.033252,0,2,0,0.4666,0,257.18,0,1,0,0.4666,0,128.59
1215,12,145.7,147.37,23,1,130,0.28001,0.32001,0.46667,0.53333,36.001,36.001,0,0.52002,0,0.28889,0,108,0.22571,0.057448,0.23109,0.058481,0,2,0,1.6666,0,72.003,0,1,0,1.6666,0,36.001
1215,12,148.5,149.93,23,1,131,0,0.34885,0,0.25,0,83.723,0,0.72095,0,0.51667,0,83.723,0.12859,0.031585,0.1245,0.030288,0,2,0,1.4333,0,83.723,0,1,0,1.4333,0,41.861
1215,12,150.73,151.53,3,1,132,0,0.50004,0,0.40003,0,75,0,0.12496,0,0.099967,0,75,0.14366,0.065096,0.14898,0.067343,0,2,0,0.8,0,150,0,0.99996,0,0.79997,0,75
1215,12,152.23,152.67,6,1,133,1,0,0.4333,0,138.47,0,0,0.92299,0,0.39993,0,138.47,0.13266,0.073646,0.14115,0.071982,0,1,0,0.4333,0,138.47,0,1,0,0.4333,0,138.47
1215,12,152.8,152.83,6,1,134,1,0,0.0333,0,1801.8,0,0,1,0,0.0333,0,1801.8,0.14283,0,0.14283,0,1,1,0.0333,0.0333,1801.8,1801.8,0,1,0,0.0333,0,1801.8
1215,12,153.43,153.87,3,1,135,0,1,0,0.4333,0,138.47,0,7.6929e-05,0,3.3333e-05,0,138.47,0.11373,0.031353,0.11283,0.030278,0,2,0,0.4333,0,276.94,0,0.99992,0,0.43327,0,138.47
1215,12,153.87,153.9,6,1,136,1,0,0.0333,0,1801.8,0,0,0,0,0,0,0,0,0,0,0,1,1,0.0333,0.0333,1801.8,1801.8,0,1,0,0.0333,0,1801.8
1215,12,154,154.4,6,1,137,1,0,0.4,0,150,0,0,0,0,0,0,0,0.15415,0.087199,0.15639,0.08553,1,1,0.4,0.4,150,150,0,1.6667,0,0.33333,0,300
1215,12,155.3,157.4,3,1,138,0.22222,0.52381,0.46667,0.36667,28.571,85.714,0,0,0,0,0,0,0.14732,0.066299,0.14868,0.067472,0,2,0,2.1,0,57.143,0,1,0,2.1,0,28.571
1215,12,158.5,158.53,23,1,139,0,1,0,0.0333,0,1801.8,0,0,0,0,0,0,0.10694,0.048801,0.10694,0.048801,0,2,0,0.0333,0,3603.6,0,1,0,0.0333,0,1801.8
1215,12,158.87,158.9,23,1,140,1,0,0.0333,0,1801.8,0,0,0,0,0,0,0,0,0,0,0,0,2,0,0.0333,0,3603.6,0,1,0,0.0333,0,1801.8
1215,12,159.57,159.97,6,1,141,1,0,0.3999,0,150.04,0,0,0,0,0,0,0,0.19434,0.051008,0.19266,0.051167,2,0,0.3999,0,300.08,0,0,1,0,0.3999,0,150.04
1215,12,159.97,161.67,23,1,142,0,0.68626,0,0.58328,0,70.592,0,0.41179,0,0.7,0,35.296,0.11711,0.034134,0.11113,0.029609,0,1.1176,0,0.94993,0,70.592,0,1,0,1.6999,0,35.296
1215,12,161.73,161.77,6,1,143,0,0,0,0,0,0,0,0,0,0,0,0,0.15624,0.041481,0.15624,0.041481,1,0,0.0333,0,1801.8,0,0,1,0,0.0333,0,1801.8
1215,12,162.2,163.13,23,1,144,0,0.49998,0,0.46663,0,64.288,0,0.42859,0,0.4,0,64.288,0.16913,0.05176,0.16939,0.045094,0,1,0,0.9333,0,64.288,0,1,0,0.9333,0,64.288
1215,12,163.3,163.4,5,1,145,1,0,0.1,0,600,0,0,1,0,0.1,0,600,0.13458,0.064929,0.13342,0.071681,1,1,0.1,0.1,600,600,0,1,0,0.1,0,600
1215,12,163.47,163.83,6,1,146,0,1,0,0.3666,0,163.67,0.63639,0.090835,0.2333,0.0333,163.67,163.67,0.21059,0.09422,0.21328,0.10159,1,1,0.3666,0.3666,163.67,163.67,0,1,0,0.3666,0,163.67
1215,12,163.93,164.2,5,1,147,0.87502,0,0.23337,0,224.97,0,0,1,0,0.2667,0,224.97,0.16886,0.08181,0.1685,0.081354,1,0.75003,0.2667,0.20003,224.97,224.97,0,1,0,0.2667,0,224.97
1215,12,164.7,166.67,23,1,148,0,1,0,1.9666,0,30.51,0,0.38984,0,0.38333,0,61.019,0.14321,0.037948,0.14335,0.035592,0,1,0,1.9666,0,30.51,0,1,0,1.9666,0,30.51
1215,12,167.53,168.13,21,1,149,0,1,0,0.6,0,100,0,0,0,0,0,0,0.086919,0.022886,0.087563,0.022437,0,1,0,0.6,0,100,0,1,0,0.6,0,100
1215,12,169.17,169.53,21,1,150,0,1,0,0.3666,0,163.67,0,0.81824,0,0.29997,0,163.67,0.079735,0.022351,0.080433,0.022184,0,2,0,0.3666,0,327.33,0,1,0,0.3666,0,163.67
1215,12,175.5,176,23,1,151,0,0.53333,0,0.26667,0,120,0,1,0,0.5,0,120,0.10541,0.038514,0.10774,0.037725,0,2,0,0.5,0,240,0,1,0,0.5,0,120
1215,12,176.2,177.6,23,1,152,0.42857,0.35714,0.6,0.5,42.857,42.857,0,1,0,1.4,0,42.857,0.14947,0.03957,0.14778,0.037603,0,1,0,1.4,0,42.857,0,1,0,1.4,0,42.857
1215,12,178.1,178.13,10,1,153,1,0,0.0333,0,1801.8,0,0,1,0,0.0333,0,1801.8,0.10081,0.053328,0.10081,0.053328,0,2,0,0.0333,0,3603.6,0,1,0,0.0333,0,1801.8
1215,12,178.2,179.57,10,1,154,1,0,1.3666,0,43.905,0,0,1,0,1.3666,0,43.905,0.18832,0.07144,0.19323,0.06854,0,1.1951,0,0.81663,0,87.809,0,1,0,1.3666,0,43.905
1215,12,179.67,179.77,15,1,155,0,0,0,0,0,0,0,1,0,0.0999,0,600.6,0.22785,0.065789,0.22785,0.065789,0,1,0,0.0999,0,600.6,0,1,0,0.0999,0,600.6
1215,12,179.8,180.07,15,1,156,0,0,0,0,0,0,0,1,0,0.2666,0,225.06,0.29269,0.068182,0.31561,0.071314,0,1,0,0.2666,0,225.06,0,1,0,0.2666,0,225.06
1215,12,180.87,181.53,15,1,157,0.55001,0.34998,0.36663,0.2333,90.009,90.009,0,0.35004,0,0.23333,0,90.009,0.21335,0.057248,0.21465,0.058077,0,1,0,0.6666,0,90.009,0,1,0,0.6666,0,90.009
1215,12,181.57,181.73,19,1,158,1,0,0.1666,0,360.14,0,0,0,0,0,0,0,0.18796,0.065392,0.19068,0.06768,1,0,0.1666,0,360.14,0,0,1,0,0.1666,0,360.14
1215,12,181.87,182.03,19,1,159,1,0,0.1666,0,360.14,0,0,0,0,0,0,0,0.17849,0.063787,0.17871,0.063322,1,0,0.1666,0,360.14,0,0,1,0,0.1666,0,360.14
1215,12,182.3,182.4,5,1,160,0,1,0,0.1,0,600,0,1,0,0.1,0,600,0.19516,0.086896,0.19564,0.087413,0,1,0,0.1,0,600,0,1,0,0.1,0,600
1215,12,182.4,182.43,12,1,161,0,1,0,0.0333,0,1801.8,0,1,0,0.0333,0,1801.8,0.14264,0.056914,0.14264,0.056914,0,1,0,0.0333,0,1801.8,0,1,0,0.0333,0,1801.8
1215,12,182.73,182.77,12,1,162,0,1,0,0.0333,0,1801.8,0,0,0,0,0,0,0.17189,0.06651,0.17189,0.06651,0,1,0,0.0333,0,1801.8,0,1,0,0.0333,0,1801.8
1215,12,182.8,182.83,12,1,163,0,1,0,0.0333,0,1801.8,0,0,0,0,0,0,0.17716,0.052009,0.17716,0.052009,0,1,0,0.0333,0,1801.8,0,1,0,0.0333,0,1801.8
1215,12,182.87,183.1,12,1,164,0,1,0,0.2333,0,257.18,0,0,0,0,0,0,0.19532,0.068023,0.19736,0.060348,0,1,0,0.2333,0,257.18,0,1,0,0.2333,0,257.18
1215,12,189.5,189.77,6,1,165,0,1,0,0.2666,0,225.06,0,0,0,0,0,0,0.12201,0.033192,0.12126,0.033354,0,1,0,0.2666,0,225.06,0,1,0,0.2666,0,225.06
1215,12,190.67,190.97,6,1,166,0,0.66667,0,0.19993,0,200.07,0,0.22207,0,0.0666,0,200.07,0.10983,0.033615,0.1136,0.032554,0,2,0,0.2999,0,400.13,0,1,0,0.2999,0,200.07
1215,12,191.53,192.1,23,1,167,0,0.82354,0,0.4667,0,105.88,0,0.64708,0,0.3667,0,105.88,0.081346,0.02416,0.084212,0.023298,0,2,0,0.5667,0,211.75,0,1,0,0.5667,0,105.88
1215,12,194.93,195,15,1,168,0,1,0,0.0667,0,899.55,0,0,0,0,0,0,0.10694,0.032546,0.10694,0.032546,0,2,0,0.0667,0,1799.1,0,1,0,0.0667,0,899.55
1215,12,195.07,195.4,6,1,169,0,1,0,0.3333,0,180.02,0,0,0,0,0,0,0.086961,0.026407,0.088652,0.025766,0,1.3999,0,0.2333,0,360.04,0,1,0,0.3333,0,180.02
1215,12,195.5,195.77,15,1,170,0,1,0,0.2666,0,225.06,0,0.87497,0,0.23327,0,225.06,0.19432,0.022557,0.20069,0.022546,0,1,0,0.2666,0,225.06,0,1,0,0.2666,0,225.06
1215,12,206.6,206.63,15,1,171,0,0,0,0,0,0,0,0,0,0,0,0,0.088516,0.038052,0.088516,0.038052,0,1,0,0.0333,0,1801.8,0,1,0,0.0333,0,1801.8
1215,12,207.07,207.43,6,1,172,0,0.90917,0,0.3333,0,163.67,0,0,0,0,0,0,0.083187,0.022742,0.085021,0.022409,0,2,0,0.3666,0,327.33,0,1,0,0.3666,0,163.67
1215,12,207.7,207.83,6,1,173,0,1,0,0.1333,0,450.11,0,1,0,0.1333,0,450.11,0.068661,0.024969,0.068989,0.025124,0,1.7502,0,0.11665,0,900.23,0,1,0,0.1333,0,450.11
1215,12,207.83,207.9,19,1,174,1,0,0.0667,0,899.55,0,0,1,0,0.0667,0,899.55,0.12085,0.032847,0.12085,0.032847,1,0,0.0667,0,899.55,0,0,1,0,0.0667,0,899.55
1215,12,465.47,465.53,11,2,175,0,0,0,0,0,0,0,0,0,0,0,0,0.061963,0.020182,0.061963,0.020182,0,2,0,0.0666,0,1801.8,0,1,0,0.0666,0,900.9
1215,12,465.77,465.9,11,2,176,1,0,0.1333,0,450.11,0,0,0,0,0,0,450.11,0.060844,0.021811,0.061445,0.019655,0,2,0,0.1333,0,900.23,0,1,0,0.1333,0,450.11
1215,12,469.43,469.73,10,2,177,0.66678,0.111,0.20003,0.0333,200,200,0,0,0,0,0,0,0.13459,0.038712,0.13877,0.038619,1,1,0.3,0.3,200,200,0,0.99989,0,0.29997,0,200
1215,12,470.8,470.83,1,2,178,0,1,0,0.0333,0,1801.8,0,0,0,0,0,0,0.08125,0.034782,0.08125,0.034782,0,2,0,0.0333,0,3603.6,0,1,0,0.0333,0,1801.8
1215,12,471.37,471.4,3,2,179,0,1,0,0.0333,0,1801.8,0,0,0,0,0,0,0,0,0,0,0,2,0,0.0333,0,3603.6,0,1,0,0.0333,0,1801.8
1215,12,471.4,471.53,10,2,180,0,1,0,0.1333,0,450.11,0,0,0,0,0,0,0.15797,0.053177,0.15702,0.053206,1,1,0.1333,0.1333,450.11,450.11,0,1,0,0.1333,0,450.11
1215,12,471.63,472.13,10,2,181,0.46667,0.46667,0.23333,0.11667,120,240,0,0,0,0,0,0,0.1215,0.037286,0.11646,0.038348,1,1,0.5,0.5,120,120,0,1,0,0.5,0,120
1215,12,472.6,472.67,10,2,182,0,1,0,0.0666,0,900.9,0,0,0,0,0,0,0.10153,0.038372,0.10153,0.038372,1,1,0.0666,0.0666,900.9,900.9,0,1,0,0.0666,0,900.9
1215,12,473.1,474.43,10,2,183,0,1,0,1.3333,0,45.001,0.825,0,1.1,0,45.001,0,0.18293,0.034917,0.17963,0.035011,1,1,1.3333,1.3333,45.001,45.001,0,1,0,1.3333,0,45.001
1215,12,475.33,475.63,11,2,184,0.55544,0.11122,0.16663,0.033367,200,200,0,0,0,0,0,0,0.06068,0.019968,0.061989,0.01946,0,2,0,0.3,0,400,0,1,0,0.3,0,200
1215,12,475.77,476.6,10,2,185,0,0.88,0,0.36665,0,144.01,0,0.40002,0,0.33333,0,72.003,0.12745,0.040144,0.12776,0.038703,0,0.91996,0,0.3833,0,144.01,0,1,0,0.8333,0,72.003
1215,12,476.67,476.87,10,2,186,0,1,0,0.1999,0,300.15,0,1,0,0.1999,0,300.15,0.11903,0.052163,0.11688,0.052531,0,0.66667,0,0.13327,0,300.15,0,1,0,0.1999,0,300.15
1215,12,476.93,477.13,9,2,187,1,0,0.2,0,300,0,0,1,0,0.2,0,300,0.20076,0.073072,0.20211,0.073232,0.33317,0,0.066633,0,300,0,0,1,0,0.2,0,300
1215,12,477.27,477.43,10,2,188,0,1,0,0.1666,0,360.14,0,1,0,0.1666,0,360.14,0.14101,0.064224,0.14252,0.06407,0,1.8001,0,0.14995,0,720.29,0,1,0,0.1666,0,360.14
1215,12,477.53,477.83,9,2,189,1,0,0.3,0,200,0,0,0.33344,0,0.10003,0,200,0.16385,0.068432,0.1627,0.067279,1,0.22211,0.3,0.066633,200,200,0,1,0,0.3,0,200
1215,12,478.2,478.27,10,2,190,0,1,0,0.0666,0,900.9,0,0,0,0,0,0,0.12942,0.060357,0.12942,0.060357,0,1.5005,0,0.049967,0,1801.8,0,1,0,0.0666,0,900.9
1215,12,478.9,479.1,10,2,191,0,1,0,0.2,0,300,0,1,0,0.2,0,300,0.095967,0.048531,0.096354,0.048366,0,1.3333,0,0.13333,0,600,0,1.5,0,0.15,0,600
1215,12,480.87,481.03,10,2,192,0,1,0,0.1666,0,360.14,0,0,0,0,0,0,0.11162,0.040939,0.11146,0.040535,0,1,0,0.1666,0,360.14,0,1,0,0.1666,0,360.14
1215,12,481.7,481.73,10,2,193,0,1,0,0.0333,0,1801.8,0,0,0,0,0,0,0.1178,0.047795,0.1178,0.047795,0,1,0,0.0333,0,1801.8,0,1,0,0.0333,0,1801.8
1215,12,481.9,482.33,10,2,194,0,1,0,0.4333,0,138.47,0,0.61543,0,0.26667,0,138.47,0.11913,0.046403,0.11953,0.046214,0,1,0,0.4333,0,138.47,0,1,0,0.4333,0,138.47
1215,12,482.7,482.77,10,2,195,0,1,0,0.0666,0,900.9,0,0,0,0,0,0,0.089093,0.035608,0.089093,0.035608,0,1,0,0.0666,0,900.9,0,1,0,0.0666,0,900.9
1215,12,482.93,483.47,11,2,196,0,1,0,0.5333,0,112.51,0,0.81261,0,0.43337,0,112.51,0.061403,0.022293,0.058981,0.019329,0,1.8749,0,0.49995,0,225.01,0,1,0,0.5333,0,112.51
1215,12,486.43,486.8,10,2,197,0,1,0,0.3667,0,163.62,0,0.8182,0,0.15002,0,327.24,0.13982,0.065394,0.13992,0.065496,0,2,0,0.3667,0,327.24,0,1,0,0.3667,0,163.62
1215,12,488.57,488.63,14,2,198,1,0,0.0666,0,900.9,0,0,0,0,0,0,0,0.10581,0.05203,0.10581,0.05203,1,1,0.0666,0.0666,900.9,900.9,0,1,0,0.0666,0,900.9
1215,12,488.67,488.7,14,2,199,1,0,0.0333,0,1801.8,0,0,0,0,0,0,0,0,0,0,0,1,1,0.0333,0.0333,1801.8,1801.8,0,1,0,0.0333,0,1801.8
1215,12,488.9,488.93,14,2,200,1,0,0.0333,0,1801.8,0,0,0,0,0,0,0,0.1029,0.058134,0.1029,0.058134,1,1,0.0333,0.0333,1801.8,1801.8,0,1,0,0.0333,0,1801.8
1215,12,492.87,493,10,2,201,0,1,0,0.1333,0,450.11,1,0,0.1333,0,450.11,0,0.10514,0.03994,0.10589,0.040251,0,2,0,0.1333,0,900.23,1,1,0.1333,0.1333,450.11,450.11
1215,12,493.53,493.57,2,2,202,0,1,0,0.0333,0,1801.8,0,1,0,0.0333,0,1801.8,0.095156,0.042572,0.095156,0.042572,0,2,0,0.0333,0,3603.6,1,1,0.0333,0.0333,1801.8,1801.8
1215,12,493.83,493.87,2,2,203,0,1,0,0.0333,0,1801.8,0,1,0,0.0333,0,1801.8,0.082207,0.039245,0.082207,0.039245,0,2,0,0.0333,0,3603.6,0,1,0,0.0333,0,1801.8
1215,12,496.93,496.97,2,2,204,0,1,0,0.0333,0,1801.8,0,0,0,0,0,0,0.097695,0.035232,0.097695,0.035232,0,2,0,0.0333,0,3603.6,0,1,0,0.0333,0,1801.8
1215,12,500.13,500.23,20,2,205,1,0,0.1,0,600,0,0,0,0,0,0,0,0.076165,0.038355,0.075833,0.038617,0,1,0,0.1,0,600,0,1,0,0.1,0,600
1215,12,502.33,503.67,20,2,206,0.25001,0.075027,0.33333,0.10003,45.001,45.001,0,0.12503,0,0.1667,0,45.001,0.13697,0.055326,0.13054,0.058262,0.72499,0,0.48332,0,90.002,0,0,1,0,1.3333,0,45.001
1215,12,504.1,505.03,16,2,207,0.3214,0.57145,0.29997,0.53333,64.288,64.288,0,0.6786,0,0.63333,0,64.288,0.15968,0.072045,0.15475,0.06918,0,1,0,0.9333,0,64.288,0,1,0,0.9333,0,64.288
1215,12,505.07,505.4,3,2,208,0,1,0,0.3333,0,180.02,0,0,0,0,0,0,0.2877,0.066721,0.24173,0.062904,0,0.29993,0,0.099967,0,180.02,0,1,0,0.3333,0,180.02
1215,12,505.8,506.67,3,2,209,0.50004,0,0.43333,0,69.236,0,0,0.19232,0,0.16667,0,69.236,0.11255,0.049943,0.11316,0.049564,0,1,0,0.8666,0,69.236,0,1,0,0.8666,0,69.236
1215,12,506.97,507.43,3,2,210,0,1,0,0.4666,0,128.59,0,0,0,0,0,0,0.12679,0.044661,0.12052,0.042909,0,1.0714,0,0.24997,0,257.18,0,1,0,0.4666,0,128.59
1215,12,507.5,507.57,3,2,211,0,1,0,0.0666,0,900.9,1,0,0.0666,0,900.9,0,0.1621,0.060226,0.1621,0.060226,0,1,0,0.0666,0,900.9,0,1,0,0.0666,0,900.9
1215,12,508.47,509.4,3,2,212,1,0,0.9333,0,64.288,0,0,0.74999,0,0.34998,0,128.58,0.11107,0.044913,0.10426,0.046789,1,1,0.9333,0.9333,64.288,64.288,0,1,0,0.9333,0,64.288
1215,12,509.4,509.47,16,2,213,0,0,0,0,0,900.9,0,0,0,0,0,0,0.21607,0.083244,0.21607,0.083244,0,2,0,0.0666,0,1801.8,0,1,0,0.0666,0,900.9
1215,12,509.83,509.93,20,2,214,0,0,0,0,0,0,0,0.667,0,0.0667,0,600,0.086111,0.036845,0.086224,0.036306,0,1,0,0.1,0,600,0,1,0,0.1,0,600
1215,12,510.27,510.77,14,2,215,0,1,0,0.4999,0,120.02,0,0.93339,0,0.4666,0,120.02,0.1471,0.057308,0.14825,0.058345,0,1.6667,0,0.41658,0,240.05,0,1,0,0.4999,0,120.02
1215,12,510.83,510.97,3,2,216,1,0,0.1333,0,450.11,0,0,0,0,0,0,0,0.12322,0.057046,0.1223,0.055748,2,0,0.1333,0,900.23,0,0,1,0,0.1333,0,450.11
1215,12,511.9,512.23,3,2,217,1,0,0.3333,0,180.02,0,0,0,0,0,0,0,0.14478,0.0494,0.14468,0.05018,2,0,0.3333,0,360.04,0,0,1,0,0.3333,0,180.02
1215,12,512.23,512.43,14,2,218,0,1,0,0.2,0,300,0,0,0,0,0,0,0.11625,0.04139,0.11756,0.041486,0,2,0,0.2,0,600,0,1,0,0.2,0,300
1215,12,513.43,514.23,3,2,219,1,0,0.8,0,75,0,0.29171,0,0.23337,0,75,0,0.19763,0.051812,0.19898,0.05139,2,0,0.8,0,150,0,0,1,0,0.8,0,75
1215,12,514.5,514.7,14,2,220,0,0,0,0,0,0,0,0,0,0,0,0,0.18501,0.059578,0.18784,0.059555,0,2,0,0.2,0,600,0,1,0,0.2,0,300
1215,12,514.73,515.63,3,2,221,0,0.37033,0,0.16665,0,133.33,0,0,0,0,0,0,0.1945,0.057484,0.19234,0.057934,2,0,0.9,0,133.33,0,0,1,0,0.9,0,66.667
1215,12,515.8,516.13,20,2,222,1,0,0.3333,0,180.02,0,0,0,0,0,0,0,0.10135,0.044604,0.10214,0.044288,0,2,0,0.3333,0,360.04,0,1,0,0.3333,0,180.02
1215,12,516.3,516.4,20,2,223,1,0,0.1,0,600,0,0,0,0,0,0,0,0.084704,0.036011,0.084219,0.037274,0,2,0,0.1,0,1200,0,1,0,0.1,0,600
1215,12,516.43,516.53,3,2,224,0,1,0,0.1,0,600,0,0,0,0,0,0,0.098282,0.042912,0.098542,0.044128,2,0,0.1,0,1200,0,0,1,0,0.1,0,600
1215,12,520.6,520.63,16,2,225,1,0,0.0333,0,1801.8,0,0,0,0,0,0,0,0.089648,0.038727,0.089648,0.038727,0,2,0,0.0333,0,3603.6,0,1,0,0.0333,0,1801.8
1215,12,520.97,521,16,2,226,0,0,0,0,0,0,0,0,0,0,0,0,0,0,0,0,0,1,0,0.0333,0,1801.8,0,1,0,0.0333,0,1801.8
1215,12,525.8,526.3,3,2,227,1,0,0.5,0,120,0,0,0,0,0,0,0,0.21544,0.040728,0.21499,0.041138,2,0,0.5,0,240,0,0,1,0,0.5,0,120
1215,12,527.13,528.8,3,2,228,0.76,0.16,1.2667,0.26667,35.999,35.999,0,0.28001,0,0.15557,0,108,0.17103,0.043207,0.17393,0.043062,2,0,1.6667,0,71.999,0,0,1.6,0,1.3333,0,71.999
1215,12,530.5,530.53,15,2,229,0,0,0,0,0,0,0,0,0,0,0,0,0.12008,0,0.12008,0,0,2,0,0.0333,0,3603.6,0,2,0,0.0333,0,3603.6
1215,12,536.27,536.4,3,2,230,0,0,0,0,0,0,0,0,0,0,0,0,0.094759,0.039648,0.094427,0.038842,2,0,0.1333,0,900.23,0,0,2,0,0.1333,0,900.23
1215,12,536.43,536.83,3,2,231,0.08325,0,0.0333,0,150,0,0,0,0,0,0,0,0.13404,0.038635,0.1371,0.038627,2,0,0.4,0,300,0,0,2,0,0.4,0,300
1215,12,537.13,537.3,3,2,232,1,0,0.1667,0,359.93,0,0,0,0,0,0,0,0.13936,0.053467,0.1442,0.055793,2,0,0.1667,0,719.86,0,0,2,0,0.1667,0,719.86
1215,12,537.47,537.63,3,2,233,1,0,0.1666,0,360.14,0,0,0,0,0,0,0,0.14182,0.05378,0.14525,0.05435,2,0,0.1666,0,720.29,0,0,2,0,0.1666,0,720.29
1215,12,538,538.03,16,2,234,0,1,0,0.0333,0,1801.8,0,1,0,0.0333,0,1801.8,0.075885,0.03683,0.075885,0.03683,0,2,0,0.0333,0,3603.6,0,2,0,0.0333,0,3603.6
1215,12,541.27,541.53,7,2,235,0,0,0,0,0,0,0,1,0,0.2666,0,225.06,0.089007,0.032267,0.088867,0.032145,0,2,0,0.2666,0,450.11,0,2,0,0.2666,0,450.11
1215,12,541.77,542.17,4,2,236,0,0,0,0,0,0,0,1,0,0.3999,0,150.04,0.13433,0.037906,0.13348,0.037893,0,1.4165,0,0.18882,0,450.11,0,1,0,0.3999,0,150.04
1215,12,542.2,542.3,4,2,237,0,0,0,0,0,0,0,0.66667,0,0.066667,0,600,0.076086,0.022122,0.071784,0.021862,0,2,0,0.1,0,1200,0,1,0,0.1,0,600
1215,12,542.43,542.53,4,2,238,0,0,0,0,0,0,0,0,0,0,0,0,0.096842,0.04234,0.094531,0.042716,0,2,0,0.1,0,1200,0,2,0,0.1,0,1200
1215,12,542.57,543.2,4,2,239,0,0,0,0,0,0,0,0,0,0,0,0,0.18228,0.05997,0.17311,0.058366,0,2,0,0.6333,0,189.48,0,1.4737,0,0.46663,0,189.48
1215,12,543.23,543.27,18,2,240,0,0,0,0,0,0,0,0,0,0,0,0,0.22186,0.10998,0.22186,0.10998,0,2,0,0.0333,0,3603.6,0,1,0,0.0333,0,1801.8
1215,12,543.27,544.27,13,2,241,0,0,0,0,0,0,0,0,0,0,0,0,0.21995,0.062532,0.25985,0.068848,0,1.2334,0,0.61663,0,120.01,0,1,0,0.9999,0,60.006
1215,12,548.87,548.9,16,2,242,0,0,0,0,0,0,0,0,0,0,0,0,0,0,0,0,0,0,0,0,0,0,0,1,0,0.0333,0,1801.8
1215,12,557.8,558.13,14,2,243,0,0,0,0,0,0,0,0.80008,0,0.26667,0,180.02,0.08121,0.03765,0.084618,0.037546,0,0,0,0,0,0,0,1,0,0.3333,0,180.02
1215,12,558.37,558.43,14,2,244,0,0,0,0,0,0,0,0,0,0,0,0,0.073242,0,0.073242,0,0,0,0,0,0,0,0,1,0,0.0666,0,900.9
1215,12,558.47,558.6,14,2,245,0,0,0,0,0,0,0,1,0,0.1333,0,450.11,0.097826,0.031196,0.09849,0.031294,0,0,0,0,0,0,0,1,0,0.1333,0,450.11
1215,12,560.07,560.47,6,2,246,0,0,0,0,0,0,0,1,0,0.3999,0,150.04,0.08656,0.02511,0.088747,0.02406,0,0,0,0,0,0,0,1,0,0.3999,0,150.04
1215,12,560.63,560.67,23,2,247,0,0,0,0,0,0,0,1,0,0.0333,0,1801.8,0.23414,0.029766,0.23414,0.029766,0,0,0,0,0,0,0,1,0,0.0333,0,1801.8
1215,12,561,561.17,3,2,248,0,0,0,0,0,0,0,1,0,0.1666,0,360.14,0.06962,0.021524,0.071354,0.020258,0,0,0,0,0,0,0,1,0,0.1666,0,360.14
1215,12,563.43,563.6,3,2,249,0,1,0,0.1667,0,359.93,0,1,0,0.1667,0,359.93,0.061309,0.020196,0.061113,0.018149,0,0,0,0,0,0,0,1,0,0.1667,0,359.93
1215,12,564.1,564.57,23,2,250,0,0,0,0,0,0,0,0,0,0,0,0,0.05618,0.017554,0.05543,0.017416,0,0,0,0,0,0,0,1,0,0.4666,0,128.59
1215,12,565.8,566.13,23,2,251,0,0,0,0,0,0,0,0,0,0,0,0,0.055098,0.018221,0.056003,0.017887,0,0,0,0,0,0,0,1.2999,0,0.21663,0,360.04
1215,12,566.17,566.37,15,2,252,0,0,0,0,0,0,0,0,0,0,0,0,0.5637,0.025164,0.57602,0.025155,0,0,0,0,0,0,1,1,0.1999,0.1999,300.15,300.15
1215,12,566.5,566.67,17,2,253,0,0,0,0,0,0,0,0,0,0,0,0,0.090645,0.028731,0.092324,0.027241,0,0,0,0,0,0,1,1,0.1666,0.1666,360.14,360.14
1215,12,567.1,567.13,14,2,254,0,0,0,0,0,0,0,0,0,0,0,0,0.061953,0.023836,0.061953,0.023836,0,0,0,0,0,0,0,1,0,0.0333,0,1801.8
1216,12,126.3,126.4,1,1,1,0,0,0,0,0,0,0,1,0,0.1,0,600,0.10667,0.041799,0.10764,0.039335,0,1,0,0.1,0,600,0,1,0,0.1,0,600
1216,12,126.5,127.1,23,1,2,0,0.66667,0,0.4,0,100,0,1,0,0.3,0,200,0.097138,0.031073,0.096694,0.031269,0,1,0,0.6,0,100,0,1,0,0.6,0,100
1216,12,127.47,127.87,3,1,3,0.66675,0,0.26663,0,150.04,0,0,1,0,0.3999,0,150.04,0.13688,0.042796,0.13759,0.041668,0,1,0,0.3999,0,150.04,0,1,0,0.3999,0,150.04
1216,12,167.8,167.83,14,1,4,0,1,0,0.0333,0,1801.8,0,1,0,0.0333,0,1801.8,0.069629,0.029079,0.069629,0.029079,0,2,0,0.0333,0,3603.6,0,1,0,0.0333,0,1801.8
1216,12,202.53,202.57,7,1,5,1,0,0.0333,0,1801.8,0,0,1,0,0.0333,0,1801.8,0.09652,0.033851,0.09652,0.033851,0,1,0,0.0333,0,1801.8,0,0.999,0,0.033267,0,1801.8
1216,12,202.63,202.9,7,1,6,0.37508,0,0.10003,0,224.97,0,0,1,0,0.2667,0,224.97,0.10289,0.031395,0.1041,0.030638,0,1,0,0.2667,0,224.97,0,1,0,0.2667,0,224.97
1216,12,255.2,255.33,14,1,7,0,1,0,0.1333,0,450.11,0,1,0,0.1333,0,450.11,0.11594,0.040665,0.11594,0.04065,0,2,0,0.1333,0,900.23,0,1,0,0.1333,0,450.11
1216,12,255.63,256.03,14,1,8,0,1,0,0.4,0,150,0,1,0,0.4,0,150,0.12225,0.038363,0.12071,0.038216,0,1.8333,0,0.36665,0,300,0,1,0,0.4,0,150
1216,12,290.5,290.8,21,1,9,0,1,0,0.3,0,200,0,0.66667,0,0.2,0,200,0.16437,0.041362,0.16312,0.04094,1,0,0.3,0,200,0,0,1,0,0.3,0,200
1216,12,300.77,300.87,2,1,10,0,0,0,0,0,0,0,0,0,0,0,0,0.13021,0.030366,0.13021,0.030366,0,1,0,0.0999,0,600.6,0,1,0,0.0999,0,600.6
1216,12,301.47,301.5,5,1,11,0,0,0,0,0,0,0,1,0,0.0333,0,1801.8,0,0,0,0,0,2,0,0.0333,0,3603.6,0,1,0,0.0333,0,1801.8
1216,12,318.3,318.4,2,1,12,0,1,0,0.1,0,600,0,1,0,0.1,0,600,0.1368,0.037271,0.13811,0.037417,0,1,0,0.1,0,600,0,1,0,0.1,0,600
1216,12,318.73,319.8,2,1,13,0,0.875,0,0.93337,0,56.248,0,0.53123,0,0.28333,0,112.5,0.13028,0.038666,0.13035,0.038567,0,1,0,1.0667,0,56.248,0,1,0,1.0667,0,56.248
1216,12,320.43,323.27,15,1,14,0.15294,0.69414,0.43333,0.98335,21.177,42.353,0,0.91763,0,2.5999,0,21.177,0.14484,0.041779,0.14193,0.039692,0,1.5882,0,1.5,0,63.53,0,1,0,2.8333,0,21.177
1216,12,323.43,323.5,15,1,15,0,1,0,0.0667,0,899.55,0,1,0,0.0667,0,899.55,0.16176,0.063156,0.16176,0.063156,0,2,0,0.0667,0,1799.1,0,1,0,0.0667,0,899.55
1216,12,323.7,325.87,15,1,16,0,1,0,1.0833,0,55.386,0,1,0,2.1666,0,27.693,0.18781,0.05831,0.18906,0.058684,0,1.8615,0,1.3444,0,83.079,0,1,0,2.1666,0,27.693
1216,12,326.3,326.37,15,1,17,0,1,0,0.0666,0,900.9,0,1,0,0.0666,0,900.9,0.14665,0.06874,0.14665,0.06874,0,2,0,0.0666,0,1801.8,0,1,0,0.0666,0,900.9
1216,12,326.47,326.5,15,1,18,0,1,0,0.0333,0,1801.8,0,1,0,0.0333,0,1801.8,0,0,0,0,0,2,0,0.0333,0,3603.6,0,1,0,0.0333,0,1801.8
1216,12,326.63,326.8,18,1,19,0,1,0,0.1667,0,359.93,0,1,0,0.1667,0,359.93,0.16466,0.055112,0.17331,0.057023,0,2,0,0.1667,0,719.86,0,1,0,0.1667,0,359.93
1216,12,326.83,327.97,8,1,20,1,0,1.1333,0,52.943,0,1,0,1.1333,0,52.943,0,0.15782,0.028817,0.14978,0.02926,1,1,1.1333,1.1333,52.943,52.943,0,1,0,1.1333,0,52.943
1216,12,328.37,330.23,8,1,21,1,0,1.8666,0,32.144,0,1,0,1.8666,0,32.144,0,0.14905,0.024543,0.14476,0.024706,1,1,1.8666,1.8666,32.144,32.144,0,1,0,1.8666,0,32.144
1216,12,330.4,330.53,8,1,22,1,0,0.1333,0,450.11,0,1,0,0.1333,0,450.11,0,0.11031,0.032029,0.11058,0.031598,1,1,0.1333,0.1333,450.11,450.11,0,1,0,0.1333,0,450.11
1216,12,330.7,330.9,8,1,23,1,0,0.2,0,300,0,1,0,0.2,0,300,0,0.10463,0.039147,0.1048,0.038151,0.83333,1,0.16667,0.2,300,300,0,1,0,0.2,0,300
1216,12,331.8,331.83,17,1,24,1,0,0.0333,0,1801.8,0,0,1,0,0.0333,0,1801.8,0.086436,0.030951,0.086436,0.030951,0,1,0,0.0333,0,1801.8,0,1,0,0.0333,0,1801.8
1216,12,335.43,335.47,21,1,25,1,0,0.0333,0,1801.8,0,0,0,0,0,0,0,0.11003,0.050675,0.11003,0.050675,1,0,0.0333,0,1801.8,0,0,1,0,0.0333,0,1801.8
1216,12,335.47,335.5,1,1,26,0,1,0,0.0333,0,1801.8,0,0,0,0,0,0,0,0,0,0,0,1,0,0.0333,0,1801.8,0,1,0,0.0333,0,1801.8
1216,12,335.9,336.37,21,1,27,0.50007,0,0.23333,0,128.59,0,0.35705,0,0.1666,0,128.59,0,0.16847,0.041522,0.17892,0.042249,1.5714,0,0.3666,0,257.18,0,0,1,0,0.4666,0,128.59
1216,12,338,338.57,21,1,28,0.41181,0,0.23333,0,105.89,0,1,0,0.5666,0,105.89,0,0.13807,0.028244,0.13551,0.028124,1,0,0.5666,0,105.89,0,0,1,0,0.5666,0,105.89
1216,12,338.83,338.9,8,1,29,1,0,0.0667,0,899.55,0,1,0,0.0667,0,899.55,0,0.083408,0.024206,0.083408,0.024206,0,1,0,0.0667,0,899.55,0,1,0,0.0667,0,899.55
1216,12,339.3,339.37,8,1,30,1,0,0.0666,0,900.9,0,1,0,0.0666,0,900.9,0,0.093354,0.025859,0.093354,0.025859,0,1,0,0.0666,0,900.9,0,1,0,0.0666,0,900.9
1216,12,339.53,339.87,8,1,31,1,0,0.3333,0,180.02,0,1,0,0.3333,0,180.02,0,0.12684,0.034729,0.12676,0.03602,1,1,0.3333,0.3333,180.02,180.02,0,1,0,0.3333,0,180.02
1216,12,340.07,340.5,17,1,32,0,1,0,0.4333,0,138.47,0,1,0,0.4333,0,138.47,0.08715,0.025155,0.085329,0.024744,0,2,0,0.4333,0,276.94,0,1,0,0.4333,0,138.47
1216,12,340.63,340.67,21,1,33,0,1,0,0.0333,0,1801.8,0,1,0,0.0333,0,1801.8,0.10633,0.030493,0.10633,0.030493,1,1,0.0333,0.0333,1801.8,1801.8,0,1,0,0.0333,0,1801.8
1216,12,340.67,340.7,17,1,34,0,1,0,0.0333,0,1801.8,0,1,0,0.0333,0,1801.8,0,0,0,0,0,2,0,0.0333,0,3603.6,0,1,0,0.0333,0,1801.8
1216,12,340.7,341.17,21,1,35,0,1,0,0.4666,0,128.59,0,1,0,0.4666,0,128.59,0.16592,0.03119,0.16479,0.031154,1,1,0.4666,0.4666,128.59,128.59,0,1,0,0.4666,0,128.59
1216,12,341.17,341.2,17,1,36,0,1,0,0.0333,0,1801.8,0,1,0,0.0333,0,1801.8,0,0,0,0,0,2,0,0.0333,0,3603.6,0,1,0,0.0333,0,1801.8
1216,12,341.2,341.63,21,1,37,0,1,0,0.4333,0,138.47,0,1,0,0.4333,0,138.47,0.16021,0.03036,0.16489,0.029003,1,1,0.4333,0.4333,138.47,138.47,0,1,0,0.4333,0,138.47
1216,12,342.17,342.23,8,1,38,1,0,0.0666,0,900.9,0,1,0,0.0666,0,900.9,0,0.084375,0.034065,0.084375,0.034065,0,1,0,0.0666,0,900.9,0,1,0,0.0666,0,900.9
1216,12,343.77,343.8,2,1,39,0,0,0,0,0,0,0,0,0,0,0,0,0,0,0,0,0,1,0,0.0333,0,1801.8,0,1,0,0.0333,0,1801.8
1216,12,343.8,346.4,21,1,40,0.88462,0,2.3,0,23.077,0,0.87179,0,2.2667,0,23.077,0,0.23492,0.028935,0.23661,0.028847,1.7179,0,2.2333,0,46.154,0,0,1,0,2.6,0,23.077
1216,12,346.43,346.5,8,1,41,0,0,0,0,0,0,0,1,0,0.0667,0,899.55,0.076356,0.026114,0.076356,0.026114,0,1,0,0.0667,0,899.55,0,1,0,0.0667,0,899.55
1216,12,346.67,346.97,8,1,42,0.77793,0.11093,0.2333,0.033267,200.07,200.07,0,1,0,0.2999,0,200.07,0.08391,0.02649,0.084342,0.026264,0,1,0,0.2999,0,200.07,0,1,0,0.2999,0,200.07
1216,12,347.1,347.3,8,1,43,0,1,0,0.2,0,300,0,1,0,0.2,0,300,0.08485,0.029886,0.083945,0.029301,0,1,0,0.2,0,300,0,1,0,0.2,0,300
1216,12,347.9,347.93,21,1,44,0,1,0,0.0333,0,1801.8,1,0,0.0333,0,1801.8,0,0.1549,0.036935,0.1549,0.036935,1,0,0.0333,0,1801.8,0,0,1,0,0.0333,0,1801.8
1216,12,347.97,348.5,2,1,45,0.68754,0,0.36667,0,112.51,0,0,0.62498,0,0.3333,0,112.51,0.13965,0.041238,0.14575,0.040416,0,1,0,0.5333,0,112.51,0,1,0,0.5333,0,112.51
1216,12,349.47,349.57,2,1,46,1,0,0.0999,0,600.6,0,1,0,0.0999,0,600.6,0,0.0964,0.032401,0.0964,0.032401,1,1,0.0999,0.0999,600.6,600.6,0,1,0,0.0999,0,600.6
1216,12,349.97,350.97,2,1,47,0.66663,0.23336,0.33328,0.23333,120.01,60.006,0,0.80005,0,0.79997,0,60.006,0.15883,0.032756,0.15465,0.032679,0.13331,1.1,0.1333,0.54995,60.006,120.01,0,1,0,0.9999,0,60.006
1216,12,351.07,351.3,2,1,48,1,0,0.2333,0,257.18,0,0.85727,0,0.2,0,257.18,0,0.092428,0.032012,0.09437,0.031988,1,1,0.2333,0.2333,257.18,257.18,0,1,0,0.2333,0,257.18
1216,12,351.6,351.93,2,1,49,1,0,0.3333,0,180.02,0,1,0,0.3333,0,180.02,0,0.10336,0.029279,0.10375,0.029295,1,1,0.3333,0.3333,180.02,180.02,0,1,0,0.3333,0,180.02
1216,12,352.17,355.67,2,1,50,1,0,3.4999,0,17.143,0,0.96192,0,3.3666,0,17.143,0,0.19551,0.029861,0.19283,0.028918,0.78097,1,1.3666,3.4999,34.287,17.143,0,1,0,3.4999,0,17.143
1216,12,516.67,516.9,16,2,51,0,0,0,0,0,0,0,0.85712,0,0.19997,0,257.18,0.10621,0.037885,0.10743,0.037838,0,1,0,0.2333,0,257.18,0,1,0,0.2333,0,257.18
1216,12,518.77,519,7,2,52,0.42863,0,0.1,0,257.18,0,0,0.71439,0,0.16667,0,257.18,0.13025,0.044007,0.13023,0.043332,2,0,0.2333,0,514.36,0,0,1,0,0.2333,0,257.18
1216,12,519.57,519.6,7,2,53,1,0,0.0333,0,1801.8,0,0,0,0,0,0,0,0,0,0,0,2,0,0.0333,0,3603.6,0,0,1,0,0.0333,0,1801.8
1216,12,520.07,520.17,1,2,54,0,1,0,0.0999,0,600.6,1,0,0.0999,0,600.6,0,0.12574,0.033478,0.12574,0.033478,0,2,0,0.0999,0,1201.2,0,1,0,0.0999,0,600.6
1216,12,586.9,587.23,22,2,55,1,0,0.3333,0,180.02,0,0,0.79998,0,0.13332,0,360.04,0.12969,0.042942,0.13376,0.041817,2,0,0.3333,0,360.04,0,0,1,0,0.3333,0,180.02
1216,12,587.6,587.83,22,2,56,1,0,0.2333,0,257.18,0,0,1,0,0.2333,0,257.18,0.097687,0.038032,0.098711,0.037751,2,0,0.2333,0,514.36,0,0,1,0,0.2333,0,257.18
1217,12,31.233,31.633,15,1,1,0,0,0,0,0,0,0.33342,0,0.13337,0,150,0,0.085181,0.018372,0.083896,0.018588,0,1,0,0.4,0,150,1,1,0.4,0.4,150,150
1217,12,32.067,32.733,15,1,2,0,0.85004,0,0.56663,0,90.009,0,1,0,0.6666,0,90.009,0.13385,0.022968,0.12812,0.022954,0,1,0,0.6666,0,90.009,1,1,0.6666,0.6666,90.009,90.009
1217,12,32.8,32.967,1,1,3,1,0,0.1666,0,360.14,0,1,0,0.1666,0,360.14,0,0.17467,0.033221,0.17596,0.032909,0,1,0,0.1666,0,360.14,1,1,0.1666,0.1666,360.14,360.14
1217,12,33.067,33.433,15,1,4,0,1,0,0.3666,0,163.67,0,1,0,0.3666,0,163.67,0.085621,0.022021,0.082793,0.022274,0,1,0,0.3666,0,163.67,1,1,0.3666,0.3666,163.67,163.67
1217,12,33.467,33.533,15,1,5,0,1,0,0.0666,0,900.9,0,1,0,0.0666,0,900.9,0.10691,0.025849,0.10691,0.025849,0,1,0,0.0666,0,900.9,1,1,0.0666,0.0666,900.9,900.9
1217,12,33.6,33.7,1,1,6,1,0,0.1,0,600,0,1,0,0.1,0,600,0,0.078465,0.023316,0.077715,0.02337,0,1,0,0.1,0,600,1,1,0.1,0.1,600,600
1217,12,33.767,33.933,1,1,7,1,0,0.1666,0,360.14,0,1,0,0.1666,0,360.14,0,0.06842,0.019353,0.068563,0.019317,0,1,0,0.1666,0,360.14,1,1,0.1666,0.1666,360.14,360.14
1217,12,34.533,35.567,1,1,8,0,1,0,1.0333,0,58.066,1,0,1.0333,0,58.066,0,0.097472,0.016192,0.10404,0.016042,0,1,0,1.0333,0,58.066,1,1,1.0333,1.0333,58.066,58.066
1217,12,36.167,36.433,1,1,9,0,1,0,0.2666,0,225.06,1,0,0.2666,0,225.06,0,0.092679,0.01691,0.097982,0.017315,0,1,0,0.2666,0,225.06,1,1,0.2666,0.2666,225.06,225.06
1217,12,39.3,39.733,1,1,10,1,0,0.4333,0,138.47,0,1,0,0.4333,0,138.47,0,0.088197,0.022386,0.088698,0.022406,0,0,0,0,0,0,0,1,0,0.4333,0,138.47
1217,12,40.233,40.3,1,1,11,1,0,0.0667,0,899.55,0,1,0,0.0667,0,899.55,0,0.077004,0.020048,0.077004,0.020048,0,2,0,0.0667,0,1799.1,0,1,0,0.0667,0,899.55
1217,12,40.333,40.533,1,1,12,1,0,0.2,0,300,0,1,0,0.2,0,300,0,0.078888,0.019411,0.079063,0.01938,0,2,0,0.2,0,600,0,1,0,0.2,0,300
1217,12,46.9,46.933,1,1,13,1,0,0.0333,0,1801.8,0,1,0,0.0333,0,1801.8,0,0.12484,0.02135,0.12484,0.02135,1,1,0.0333,0.0333,1801.8,1801.8,1,1,0.0333,0.0333,1801.8,1801.8
1217,12,47.2,47.733,1,1,14,1,0,0.5333,0,112.51,0,1,0,0.5333,0,112.51,0,0.10098,0.022242,0.098892,0.021697,0,0.62504,0,0.33333,0,112.51,1,1,0.5333,0.5333,112.51,112.51
1217,12,48.7,48.9,1,1,15,1,0,0.2,0,300,0,1,0,0.2,0,300,0,0.11143,0.024426,0.1105,0.024271,0,0,0,0,0,0,1,1,0.2,0.2,300,300
1217,12,66.333,66.5,16,1,16,0,0,0,0,0,0,0,0.60008,0,0.10003,0,359.93,0.11283,0.031627,0.11316,0.032019,0,2,0,0.1667,0,719.86,0,1,0,0.1667,0,359.93
1217,12,66.533,66.9,16,1,17,0,0,0,0,0,0,0,0,0,0,0,0,0.092395,0.023882,0.09625,0.024798,0,2,0,0.3667,0,327.24,0,1,0,0.3667,0,163.62
1217,12,68.467,69.733,16,1,18,0,1,0,1.2666,0,47.371,0,1,0,1.2666,0,47.371,0.091316,0.026851,0.092031,0.026899,0,2,0,1.2666,0,94.742,0,1,0,1.2666,0,47.371
1217,12,70.4,70.7,16,1,19,0,0.33333,0,0.1,0,200,0,1,0,0.3,0,200,0.094515,0.026868,0.094271,0.027302,0,1.3333,0,0.2,0,400,0,1,0,0.3,0,200
1217,12,71.767,72.267,16,1,20,0,1,0,0.4999,0,120.02,0,1,0,0.4999,0,120.02,0.081208,0.021962,0.082305,0.021923,0,1,0,0.4999,0,120.02,0,1,0,0.4999,0,120.02
1217,12,72.367,72.4,16,1,21,0,1,0,0.0333,0,1801.8,0,1,0,0.0333,0,1801.8,0,0,0,0,0,1,0,0.0333,0,1801.8,0,1,0,0.0333,0,1801.8
1217,12,77.633,77.867,19,1,22,0.57165,0,0.13337,0,257.18,0,0,0,0,0,0,0,0.14173,0.038211,0.14584,0.038828,1,0,0.2333,0,257.18,0,0,1,0,0.2333,0,257.18
1217,12,95.967,96.1,22,1,23,0,1,0,0.1333,0,450.11,0,1,0,0.1333,0,450.11,0.071196,0.01816,0.071185,0.018047,0,0,0,0,0,0,0,1,0,0.1333,0,450.11
1217,12,97.667,98.167,2,1,24,0,1,0,0.4999,0,120.02,0,0.33333,0,0.16663,0,120.02,0.10157,0.025723,0.10743,0.025986,0,0,0,0,0,0,0,1,0,0.4999,0,120.02
1217,12,98.5,99.7,2,1,25,0,1,0,1.2,0,50,0,0.22222,0,0.26667,0,50,0.10031,0.024624,0.10472,0.024595,0,0,0,0,0,0,0,1,0,1.2,0,50
1217,12,100.23,100.73,2,1,26,0,1,0,0.5,0,120,0,0.13327,0,0.066633,0,120,0.080059,0.02398,0.078825,0.026424,0,0,0,0,0,0,0,0.99993,0,0.49997,0,120
1217,12,125.37,125.67,16,1,27,0,1,0,0.2999,0,200.07,0,1,0,0.2999,0,200.07,0.082772,0.023969,0.084917,0.024101,0,2,0,0.2999,0,400.13,0,1,0,0.2999,0,200.07
1217,12,136.63,136.8,16,1,28,0,1,0,0.1667,0,359.93,0,1,0,0.1667,0,359.93,0.068229,0.022193,0.068555,0.02207,0,0.60008,0,0.10003,0,359.93,0,2,0,0.1667,0,719.86
1217,12,137,137.03,16,1,29,0,1,0,0.0333,0,1801.8,0,1,0,0.0333,0,1801.8,0.076475,0.025535,0.076475,0.025535,0,0,0,0,0,0,0,2,0,0.0333,0,3603.6
1217,12,180.8,180.97,14,1,30,0,0.20008,0,0.033333,0,360.14,0,1,0,0.1666,0,360.14,0.15671,0.062129,0.15529,0.067543,0,0,0,0,0,0,0,2,0,0.1666,0,720.29
1217,12,181,181.17,6,1,31,0,0,0,0,0,0,0,1,0,0.1666,0,360.14,0.13158,0.058629,0.13937,0.057216,0,0,0,0,0,0,0,2,0,0.1666,0,720.29
1217,12,181.33,181.53,10,1,32,0,0,0,0,0,0,0,1,0,0.2,0,300,0.14789,0.057042,0.14887,0.056882,0,1,0,0.2,0,300,0,2,0,0.2,0,600
1217,12,181.7,181.73,10,1,33,0,0,0,0,0,0,0,1,0,0.0333,0,1801.8,0.10914,0.046619,0.10914,0.046619,0,1,0,0.0333,0,1801.8,0,2,0,0.0333,0,3603.6
1217,12,181.97,182.43,6,1,34,0.71432,0,0.3333,0,128.59,0,0,1,0,0.4666,0,128.59,0.10748,0.026102,0.11257,0.025258,1,0,0.4666,0,128.59,0,0,2,0,0.4666,0,257.18
1217,12,182.53,182.87,6,1,35,1,0,0.3333,0,180.02,0,0,1,0,0.3333,0,180.02,0.075607,0.019726,0.075493,0.019502,1,0,0.3333,0,180.02,0,0,2,0,0.3333,0,360.04
1217,12,184.43,184.63,16,1,36,0,1,0,0.2,0,300,0,1,0,0.2,0,300,0.079118,0.022873,0.078932,0.022679,0,2,0,0.2,0,600,0,2,0,0.2,0,600
1217,12,184.77,185,16,1,37,0,1,0,0.2333,0,257.18,0,1,0,0.2333,0,257.18,0.081832,0.024255,0.082907,0.023971,0,2,0,0.2333,0,514.36,0,2,0,0.2333,0,514.36
1217,12,186.17,186.33,16,1,38,0,0,0,0,0,0,0,1,0,0.1666,0,360.14,0.087705,0.023576,0.08846,0.024036,0,2,0,0.1666,0,720.29,0,2,0,0.1666,0,720.29
1217,12,194.4,194.5,16,1,39,0,0,0,0,0,0,0,1,0,0.1,0,600,0.11254,0.028526,0.11309,0.02768,0,0,0,0,0,0,0,2,0,0.1,0,1200
1217,12,194.77,194.93,20,1,40,1,0,0.1666,0,360.14,0,0,1,0,0.1666,0,360.14,0.16354,0.050181,0.16415,0.050152,0,0,0,0,0,0,0,2,0,0.1666,0,720.29
1217,12,195.23,195.33,20,1,41,0,0,0,0,0,0,0,1,0,0.1,0,600,0.13226,0.050682,0.13234,0.050463,0,1,0,0.1,0,600,0,2,0,0.1,0,1200
1217,12,195.67,196.1,15,1,42,0.53843,0.30772,0.2333,0.13333,138.47,138.47,0,1,0,0.4333,0,138.47,0.16131,0.10062,0.1625,0.099277,0,0.15378,0,0.066633,0,138.47,0,2,0,0.4333,0,276.94
1217,12,196.3,197.4,6,1,43,1,0,1.1,0,54.545,0,0,1,0,1.1,0,54.545,0.12272,0.062055,0.12248,0.056842,0.69697,0.42424,0.76667,0.46667,54.545,54.545,0,2,0,1.1,0,109.09
1217,12,198.07,198.43,15,1,44,0,1,0,0.3666,0,163.67,0,1,0,0.3666,0,163.67,0.057246,0.025898,0.054899,0.025898,0,1.6364,0,0.29995,0,327.33,0,2,0,0.3666,0,327.33
1217,12,198.9,204.4,15,1,45,0.9697,0,5.3333,0,10.909,0,0,1,0,5.5,0,10.909,0.27871,0.030283,0.19201,0.023381,0.85455,1,4.7,5.5,10.909,10.909,0,2,0,5.5,0,21.818
1217,12,204.63,204.7,16,1,46,0,0,0,0,0,0,0,1,0,0.0667,0,899.55,0.096842,0.030041,0.096842,0.030041,0,2,0,0.0667,0,1799.1,0,2,0,0.0667,0,1799.1
1217,12,205.3,210.53,15,1,47,0.96179,0,5.0333,0,11.465,0,0.057325,0.70064,0.3,1.2222,11.465,34.395,0.28362,0.022411,0.29424,0.020872,1.7643,0,3.0778,0,34.395,0,0,1.9873,0,3.4666,0,34.395
1217,12,210.57,210.63,16,1,48,0,0,0,0,0,0,0,1,0,0.0666,0,900.9,0.084912,0.020279,0.084912,0.020279,0,2,0,0.0666,0,1801.8,0,2,0,0.0666,0,1801.8
1217,12,210.97,211.03,16,1,49,0,1,0,0.0666,0,900.9,0,1,0,0.0666,0,900.9,0.058698,0.014513,0.058698,0.014513,0,2,0,0.0666,0,1801.8,0,2,0,0.0666,0,1801.8
1217,12,227.2,227.4,20,1,50,0,1,0,0.2,0,300,1,0,0.2,0,300,0,0.089722,0.030976,0.089162,0.030905,0,2,0,0.2,0,600,0,1,0,0.2,0,300
1217,12,228.7,228.8,20,1,51,0,1,0,0.1,0,600,1,0,0.1,0,600,0,0.12656,0.0334,0.12683,0.033373,0,2,0,0.1,0,1200,1,1,0.1,0.1,600,600
1217,12,231.57,233.63,20,1,52,0.6613,0.048373,0.68332,0.099967,58.066,29.033,0.27419,0.30646,0.56663,0.31667,29.033,58.066,0.14856,0.038318,0.14614,0.036862,0,0.40322,0,0.8333,0,29.033,0.6613,1.3387,1.3666,1.3833,29.033,58.066
1217,12,233.8,234.87,20,1,53,0,1,0,1.0666,0,56.254,0.34377,0.40628,0.36667,0.43333,56.254,56.254,0.12477,0.031086,0.12466,0.030131,0,0,0,0,0,0,0,1.8437,0,0.65551,0,168.76
1217,12,234.87,235.17,3,1,54,0,1,0,0.2999,0,200.07,0,0,0,0,0,0,0.16961,0.029413,0.18133,0.029963,0,0,0,0,0,0,1,1,0.2999,0.2999,200.07,200.07
1217,12,235.7,235.77,20,1,55,0,0,0,0,0,0,0,0,0,0,0,0,0.15435,0.042693,0.15435,0.042693,0,1,0,0.0666,0,900.9,0,1,0,0.0666,0,900.9
1217,12,236,236.07,20,1,56,0,1,0,0.0666,0,900.9,0,0,0,0,0,0,0.15946,0.039225,0.15946,0.039225,0,1,0,0.0666,0,900.9,0,1,0,0.0666,0,900.9
1217,12,236.43,236.47,3,1,57,0,1,0,0.0333,0,1801.8,0,1,0,0.0333,0,1801.8,0.083757,0.028366,0.083757,0.028366,0,1,0,0.0333,0,1801.8,0,1,0,0.0333,0,1801.8
1217,12,237.33,237.63,13,1,58,1,0,0.3,0,200,0,1,0,0.3,0,200,0,0.07827,0.024664,0.07972,0.024064,0,1,0,0.3,0,200,1,1,0.3,0.3,200,200
1217,12,238.43,238.5,13,1,59,1,0,0.0667,0,899.55,0,1,0,0.0667,0,899.55,0,0.070615,0.024136,0.070615,0.024136,0,1,0,0.0667,0,899.55,1,1,0.0667,0.0667,899.55,899.55
1217,12,240.07,240.33,20,1,60,0,0,0,0,0,0,0,1,0,0.2666,0,225.06,0.10799,0.02825,0.10835,0.028067,0,0,0,0,0,0,0,1,0,0.2666,0,225.06
1217,12,240.53,241.73,20,1,61,0,0.33331,0,0.39997,0,50,0,1,0,1.2,0,50,0.10297,0.025504,0.10135,0.025522,0,0,0,0,0,0,0,1,0,1.2,0,50
1217,12,241.83,242.07,20,1,62,0,1,0,0.2333,0,257.18,0,1,0,0.2333,0,257.18,0.12114,0.037533,0.12301,0.03702,0,0,0,0,0,0,0,1,0,0.2333,0,257.18
1217,12,242.67,242.77,20,1,63,0,1,0,0.0999,0,600.6,0,1,0,0.0999,0,600.6,0.10816,0.023938,0.10816,0.023938,0,0.333,0,0.033267,0,600.6,0,1,0,0.0999,0,600.6
1217,12,243.53,243.7,20,1,64,0,0,0,0,0,0,0,1,0,0.1667,0,359.93,0.10131,0.029474,0.10063,0.029364,0,0.39992,0,0.033333,0,719.86,0,0.9998,0,0.16667,0,359.93
1217,12,253.83,254.67,20,1,65,0,0.51998,0,0.21665,0,144.01,0,0.31997,0,0.13332,0,144.01,0.093822,0.024398,0.092972,0.024314,0,2,0,0.8333,0,144.01,0,1,0,0.8333,0,72.003
1217,12,258.53,258.9,11,1,66,1,0,0.3667,0,163.62,0,0.4545,0,0.16667,0,163.62,0,0.16514,0.024841,0.1684,0.024982,0,1,0,0.3667,0,163.62,1,0.99991,0.3667,0.36667,163.62,163.62
1217,12,258.93,259.4,11,1,67,1,0,0.4667,0,128.56,0,0.14292,0,0.0667,0,128.56,0,0.14591,0.041215,0.15224,0.045097,0,1,0,0.4667,0,128.56,1,1,0.4667,0.4667,128.56,128.56
1217,12,259.73,259.83,11,1,68,1,0,0.1,0,600,0,0,0,0,0,0,0,0.12536,0.059786,0.12441,0.059521,1,1,0.1,0.1,600,600,1,1,0.1,0.1,600,600
1217,12,262.6,262.73,20,1,69,0,1,0,0.1333,0,450.11,0,0.75019,0,0.1,0,450.11,0.095373,0.02982,0.095241,0.029927,0,2,0,0.1333,0,900.23,0,2,0,0.1333,0,900.23
1217,12,263.83,264.03,20,1,70,0,1,0,0.2,0,300,0,1,0,0.2,0,300,0.076526,0.027355,0.076421,0.027187,0,2,0,0.2,0,600,0,1,0,0.2,0,300
1217,12,270.4,271.83,20,1,71,0,1,0,1.4333,0,41.861,0,0.55815,0,0.8,0,41.861,0.095987,0.022332,0.097816,0.022074,0,1.6512,0,1.1833,0,83.723,0,1,0,1.4333,0,41.861
1217,12,276,276.33,20,1,72,0,1,0,0.3333,0,180.02,0,1,0,0.3333,0,180.02,0.098397,0.027052,0.10033,0.025807,0,1.8001,0,0.29998,0,360.04,0,1,0,0.3333,0,180.02
1217,12,276.77,276.97,20,1,73,0,1,0,0.1999,0,300.15,0,1,0,0.1999,0,300.15,0.10538,0.029783,0.10547,0.029506,0,2,0,0.1999,0,600.3,0,1,0,0.1999,0,300.15
1217,12,281.67,281.77,16,1,74,0,1,0,0.0999,0,600.6,0,0,0,0,0,0,0.061841,0.019118,0.061841,0.019118,0,2,0,0.0999,0,1201.2,0,1,0,0.0999,0,600.6
1217,12,395.2,395.27,9,2,75,0,0,0,0,0,0,0,0,0,0,0,0,0.083258,0.030578,0.083258,0.030578,2,0,0.0666,0,1801.8,0,0,1,0,0.0666,0,900.9
1217,12,396.1,396.97,3,2,76,0,0,0,0,0,0,0,0,0,0,0,0,0.093187,0.031771,0.094707,0.031525,0,2,0,0.8666,0,138.47,0,1,0,0.8666,0,69.236
1217,12,397.07,397.67,3,2,77,0,0,0,0,0,0,0,0,0,0,0,0,0.09703,0.035137,0.097396,0.035816,0,2,0,0.5999,0,200.03,0,1,0,0.5999,0,100.02
1217,12,398.17,400.27,3,2,78,0,0,0,0,0,0,0,0,0,0,0,0,0.10469,0.030772,0.10385,0.031077,0,2,0,2.0999,0,57.146,0,1,0,2.0999,0,28.573
1217,12,403.9,404.13,14,2,79,0,0,0,0,0,0,0,0,0,0,0,0,0.16418,0.064471,0.16919,0.063505,0,1,0,0.2333,0,257.18,0,1,0,0.2333,0,257.18
1217,12,404.27,404.33,21,2,80,0,0,0,0,0,0,0,0,0,0,0,0,0.13464,0.065444,0.13464,0.065444,1,0,0.0666,0,900.9,0,0,1,0,0.0666,0,900.9
1217,12,404.5,404.73,21,2,81,0,0,0,0,0,0,0,0,0,0,0,0,0.18817,0.052776,0.19324,0.050452,1,0,0.2333,0,257.18,0,0,1,0,0.2333,0,257.18
1217,12,405.27,405.87,21,2,82,0,0,0,0,0,0,0,0,0,0,0,0,0.12282,0.035833,0.12036,0.035373,1,0,0.5999,0,100.02,0,0,1,0,0.5999,0,100.02
1217,12,407.9,408.37,14,2,83,0,0,0,0,0,0,0,0,0,0,0,0,0.089548,0.03818,0.089873,0.038011,0,1.5001,0,0.34997,0,257.18,0,2,0,0.4666,0,257.18
1217,12,408.53,408.8,21,2,84,0,0,0,0,0,0,0,0,0,0,0,0,0.17982,0.036072,0.19454,0.03645,1,0,0.2667,0,224.97,0,0.12511,1,0.033367,0.2667,224.97,224.97
1217,12,409.03,409.83,21,2,85,0,0,0,0,0,0,0,0,0,0,0,0,0.15963,0.038838,0.15046,0.03932,1,0,0.8,0,75,0,0,1,0,0.8,0,75
1217,12,410.37,410.6,3,2,86,0,0,0,0,0,0,0,0,0,0,0,0,0.090641,0.032503,0.091146,0.032788,0,1,0,0.2333,0,257.18,0,1,0,0.2333,0,257.18
1217,12,411.67,411.7,14,2,87,0,0,0,0,0,0,0,0,0,0,0,0,0,0,0,0,0,1,0,0.0333,0,1801.8,0,1,0,0.0333,0,1801.8
1217,12,412.2,412.5,2,2,88,0,0,0,0,0,0,0,0,0,0,0,0,0.093728,0.051412,0.094909,0.051405,0,2,0,0.3,0,400,0,1,0,0.3,0,200
1217,12,412.7,412.9,20,2,89,0,0,0,0,0,0,0,0,0,0,0,0,0.097372,0.041673,0.097674,0.039462,0,1.1667,0,0.11667,0,600,0,1,0,0.2,0,300
1217,12,413,413.03,20,2,90,0,0,0,0,0,0,0,0,0,0,0,0,0.090234,0.036169,0.090234,0.036169,0,1,0,0.0333,0,1801.8,0,1,0,0.0333,0,1801.8
1217,12,414.17,414.33,2,2,91,0,0,0,0,0,0,0,0,0,0,0,0,0.091493,0.04402,0.091611,0.043932,0,2,0,0.1666,0,720.29,0,1,0,0.1666,0,360.14
1217,12,415,415.87,14,2,92,0,0,0,0,0,0,0,0,0,0,0,0,0.18657,0.030558,0.20401,0.030349,1,1,0.8666,0.8666,69.236,69.236,0,1,0,0.8666,0,69.236
1217,12,416.07,416.13,20,2,93,0,0,0,0,0,0,0,0,0,0,0,0,0.073548,0.026965,0.073548,0.026965,0,2,0,0.0666,0,1801.8,0,1,0,0.0666,0,900.9
1217,12,416.3,416.33,20,2,94,0,0,0,0,0,0,0,0,0,0,0,0,0.075026,0.023812,0.075026,0.023812,0,2,0,0.0333,0,3603.6,0,1,0,0.0333,0,1801.8
1217,12,417.57,417.77,14,2,95,0,0,0,0,0,0,0,0,0,0,0,0,0.12025,0.031323,0.12362,0.031714,1,1,0.1999,0.1999,300.15,300.15,0,1,0,0.1999,0,300.15
1217,12,418.03,419.63,14,2,96,0,0,0,0,0,0,0,0,0,0,0,0,0.10354,0.032336,0.10556,0.032625,1,1,1.6,1.6,37.5,37.5,0,1.2083,0,0.96665,0,75
1217,12,420.07,420.13,14,2,97,0,0,0,0,0,0,0,0,0,0,0,0,0.09738,0.034509,0.09738,0.034509,1,1,0.0666,0.0666,900.9,900.9,0,2,0,0.0666,0,1801.8
1217,12,420.17,421.57,16,2,98,0,0,0,0,0,0,0,0,0,0,0,0,0.17246,0.026511,0.17979,0.023594,0,2,0,1.3999,0,85.72,1,1,1.3999,1.3999,42.86,42.86
1217,12,422.6,422.67,16,2,99,0,0,0,0,0,0,0,0,0,0,0,0,0.084982,0.027746,0.084982,0.027746,0,2,0,0.0666,0,1801.8,1,1,0.0666,0.0666,900.9,900.9
1217,12,423.03,423.1,16,2,100,0,0,0,0,0,0,0,0,0,0,0,0,0.079316,0.024775,0.079316,0.024775,0,2,0,0.0667,0,1799.1,1,1,0.0667,0.0667,899.55,899.55
1217,12,423.27,424.03,16,2,101,0,0,0,0,0,0,0,0,0,0,0,0,0.099529,0.027591,0.095117,0.026943,0,2,0,0.7666,0,156.54,1,1,0.7666,0.7666,78.268,78.268
1217,12,425.93,427.03,10,2,102,0,0,0,0,0,0,0,0,0,0,0,0,0.10101,0.031181,0.10589,0.031549,0,2,0,1.1,0,109.09,1,1,1.1,1.1,54.545,54.545
1217,12,427.07,427.1,10,2,103,0,0,0,0,0,0,0,0,0,0,0,0,0,0,0,0,0,2,0,0.0333,0,3603.6,1,1,0.0333,0.0333,1801.8,1801.8
1217,12,429.43,430.27,10,2,104,0,0,0,0,0,0,0,0,0,0,0,0,0.12465,0.032667,0.12236,0.034156,0.039922,0,0.033267,0,72.003,0,1,1,0.8333,0.8333,72.003,72.003
1217,12,430.3,430.4,10,2,105,0,0,0,0,0,0,0,0,0,0,0,0,0.10086,0.036802,0.10148,0.03669,1,0,0.1,0,600,0,1,1,0.1,0.1,600,600
1217,12,431.7,433.2,10,2,106,0,0,0,0,0,0,0,0,0,0,0,0,0.17497,0.02754,0.17485,0.026279,1.6889,0,1.2667,0,80,0,0,1.5111,0,1.1333,0,80
1217,12,433.27,433.5,10,2,107,0,0,0,0,0,0,0,0,0,0,0,0,0.10152,0.034637,0.10248,0.034874,1,0,0.2333,0,257.18,0,0,1,0,0.2333,0,257.18
1217,12,434.67,435,10,2,108,0,0,0,0,0,0,0,0,0,0,0,0,0.12033,0.031919,0.12469,0.03199,1,0,0.3333,0,180.02,0,0,1,0,0.3333,0,180.02
1217,12,435.07,435.33,10,2,109,0,0,0,0,0,0,0,0,0,0,0,0,0.12978,0.034151,0.13492,0.033931,1,0,0.2666,0,225.06,0,0,1,0,0.2666,0,225.06
1217,12,448.33,448.4,21,2,110,0,0,0,0,0,0,0,0,0,0,0,0,0.078428,0.02758,0.078428,0.02758,1,0,0.0667,0,899.55,0,0,0.9995,0,0.066667,0,899.55
1217,12,448.43,448.57,21,2,111,0,0,0,0,0,0,0,0,0,0,0,0,0.071165,0.02781,0.071077,0.027752,1,0,0.1333,0,450.11,0,0,1,0,0.1333,0,450.11
1217,12,448.6,448.63,21,2,112,0,0,0,0,0,0,0,0,0,0,0,0,0.074661,0.028815,0.074661,0.028815,1,0,0.0333,0,1801.8,0,0,1,0,0.0333,0,1801.8
1217,12,449.5,450.47,10,2,113,0,0,0,0,0,0,0,0,0,0,0,0,0.14505,0.029748,0.14808,0.029181,0,2,0,0.9666,0,124.15,1,1,0.9666,0.9666,62.073,62.073
1217,12,450.53,450.57,2,2,114,0,0,0,0,0,0,0,0,0,0,0,0,0.10063,0.041869,0.10063,0.041869,0,2,0,0.0333,0,3603.6,1,1,0.0333,0.0333,1801.8,1801.8
1217,12,451.4,451.5,2,2,115,0,0,0,0,0,0,0,0,0,0,0,0,0.10186,0.030658,0.10258,0.030776,0,2,0,0.1,0,1200,0,1,0,0.1,0,600
1217,12,452.6,453.03,10,2,116,0,0,0,0,0,0,0,0,0,0,0,0,0.16357,0.03251,0.16004,0.031942,0,2,0,0.4333,0,276.94,1,1,0.4333,0.4333,138.47,138.47
1217,12,453.23,454.07,10,2,117,0,0,0,0,0,0,0,0,0,0,0,0,0.17274,0.039505,0.18366,0.039675,0,2,0,0.8333,0,144.01,1,1,0.8333,0.8333,72.003,72.003
1217,12,454.33,454.6,10,2,118,0,0,0,0,0,0,0,0,0,0,0,0,0.1102,0.033074,0.11046,0.032292,0,1,0,0.2667,0,224.97,1,1,0.2667,0.2667,224.97,224.97
1217,12,454.77,454.93,2,2,119,0,0,0,0,0,0,0,0,0,0,0,0,0.076918,0.030053,0.076917,0.029945,0,1,0,0.1666,0,360.14,0,2,0,0.1666,0,720.29
1217,12,455.17,455.53,2,2,120,0,0,0,0,0,0,0,0,0,0,0,0,0.11949,0.037766,0.12605,0.037353,0,1,0,0.3666,0,163.67,0,2,0,0.3666,0,327.33
1217,12,455.57,456.17,15,2,121,0,0,0,0,0,0,0,0,0,0,0,0,0.09874,0.025423,0.098551,0.024028,0,1.6111,0,0.48325,0,200.03,0,2,0,0.5999,0,200.03
1217,12,456.27,456.6,2,2,122,0,0,0,0,0,0,0,0,0,0,0,0,0.089258,0.03278,0.089375,0.032313,0.39994,1,0.1333,0.16665,180.02,360.04,0,2,0,0.3333,0,360.04
1217,12,456.67,457.13,2,2,123,0,0,0,0,0,0,0,0,0,0,0,0,0.1045,0.030674,0.10535,0.03067,0,2,0,0.4666,0,257.18,0,2,0,0.4666,0,257.18
1217,12,457.17,457.43,2,2,124,0,0,0,0,0,0,0,0,0,0,0,0,0.096054,0.030437,0.1001,0.029681,0,1.625,0,0.21662,0,450.11,0,2,0,0.2666,0,450.11
1217,12,457.73,457.87,2,2,125,0,0,0,0,0,0,0,0,0,0,0,0,0.080056,0.024768,0.079684,0.024799,1,1,0.1333,0.1333,450.11,450.11,0,2,0,0.1333,0,900.23
1217,12,459.73,459.83,20,2,126,0,0,0,0,0,0,0,0,0,0,0,0,0.075888,0.02492,0.075898,0.025792,0,1,0,0.1,0,600,0,2,0,0.1,0,1200
1217,12,463.8,464.23,10,2,127,0,0,0,0,0,0,0,0,0,0,0,0,0.18231,0.031337,0.17994,0.030856,0,1,0,0.4333,0,138.47,1,1,0.4333,0.4333,138.47,138.47
1217,12,464.3,464.4,10,2,128,0,0,0,0,0,0,0,0,0,0,0,0,0.097925,0.028492,0.098857,0.028483,0,1,0,0.1,0,600,1,1,0.1,0.1,600,600
1217,12,464.57,465.83,10,2,129,0,0,0,0,0,0,0,0,0,0,0,0,0.16477,0.033522,0.16685,0.033799,0,1,0,1.2666,0,47.371,1,1,1.2666,1.2666,47.371,47.371
1217,12,465.9,466.17,2,2,130,0,0,0,0,0,0,0,0,0,0,0,0,0.09258,0.03167,0.091584,0.031111,0,1,0,0.2666,0,225.06,0,2,0,0.2666,0,450.11
1217,12,466.4,466.67,2,2,131,0,0,0,0,0,0,0,0,0,0,0,0,0.079995,0.030927,0.079834,0.031486,0,1,0,0.2666,0,225.06,0,2,0,0.2666,0,450.11
1217,12,466.97,468.37,10,2,132,0,0,0,0,0,0,0,0,0,0,0,0,0.12267,0.03319,0.11995,0.033807,0.47618,1,0.6666,1.3999,42.86,42.86,0.71431,1,0.99997,1.3999,42.86,42.86
1217,12,468.43,468.73,10,2,133,0,0,0,0,0,0,0,0,0,0,0,0,0.089573,0.026835,0.090531,0.026789,1,1,0.3,0.3,200,200,0,1,0,0.3,0,200
1217,12,469.1,469.2,10,2,134,0,0,0,0,0,0,0,0,0,0,0,0,0.11431,0.032042,0.11545,0.031333,1,1,0.1,0.1,600,600,0,1,0,0.1,0,600
1217,12,469.27,469.3,2,2,135,0,0,0,0,0,0,0,0,0,0,0,0,0,0,0,0,0,2,0,0.0333,0,3603.6,0,1,0,0.0333,0,1801.8
1217,12,469.5,469.57,10,2,136,0,0,0,0,0,0,0,0,0,0,0,0,0.1031,0.030164,0.1031,0.030164,1,1,0.0666,0.0666,900.9,900.9,0,1,0,0.0666,0,900.9
1217,12,469.83,470,2,2,137,0,0,0,0,0,0,0,0,0,0,0,0,0.092063,0.0378,0.092285,0.037832,0,2,0,0.1667,0,719.86,0,1,0,0.1667,0,359.93
1217,12,470.03,470.1,2,2,138,0,0,0,0,0,0,0,0,0,0,0,0,0.093221,0.031265,0.093221,0.031265,0,2,0,0.0667,0,1799.1,0,1,0,0.0667,0,899.55
1217,12,470.1,470.23,10,2,139,0,0,0,0,0,0,0,0,0,0,0,0,0.12765,0.038907,0.12848,0.038774,1,1,0.1333,0.1333,450.11,450.11,0,1,0,0.1333,0,450.11
1217,12,470.53,472.13,2,2,140,0,0,0,0,0,0,0,0,0,0,0,0,0.12758,0.046697,0.13006,0.048787,0,2,0,1.6,0,75,0,1,0,1.6,0,37.5
1217,12,472.17,472.23,2,2,141,0,0,0,0,0,0,0,0,0,0,0,0,0.13724,0.073163,0.13724,0.073163,0,2,0,0.0666,0,1801.8,0,1,0,0.0666,0,900.9
1217,12,472.33,472.6,10,2,142,0,0,0,0,0,0,0,0,0,0,0,0,0.13921,0.066578,0.13688,0.067273,1,1,0.2667,0.2667,224.97,224.97,0,1,0,0.2667,0,224.97
1217,12,472.8,473.03,15,2,143,0,0,0,0,0,0,0,0,0,0,0,0,0.13879,0.047488,0.14195,0.045595,0,2,0,0.2333,0,514.36,0,1,0,0.2333,0,257.18
1217,12,473.13,473.5,10,2,144,0,0,0,0,0,0,0,0,0,0,0,0,0.15186,0.043816,0.15667,0.044481,1,1,0.3667,0.3667,163.62,163.62,0,1,0,0.3667,0,163.62
1217,12,473.63,474,2,2,145,0,0,0,0,0,0,0,0,0,0,0,0,0.10096,0.035371,0.1033,0.036596,0,2,0,0.3667,0,327.24,0,1,0,0.3667,0,163.62
1217,12,474.27,475.77,21,2,146,0,0,0,0,0,0,0,0,0,0,0,0,0.228,0.019548,0.22683,0.014589,1,1,1.4999,1.4999,40.003,40.003,0,1,0,1.4999,0,40.003
1217,12,475.8,476.03,21,2,147,0,0,0,0,0,0,0,0,0,0,0,0,0.12422,0.043732,0.12715,0.044439,1,1,0.2333,0.2333,257.18,257.18,0,1,0,0.2333,0,257.18
1217,12,476.27,476.73,2,2,148,0,0,0,0,0,0,0,0,0,0,0,0,0.11503,0.036257,0.11726,0.036105,0,2,0,0.4666,0,257.18,0,1,0,0.4666,0,128.59
1217,12,476.77,477.83,10,2,149,0,0,0,0,0,0,0,0,0,0,0,0,0.13673,0.037739,0.1354,0.036314,1,1,1.0666,1.0666,56.254,56.254,0,1,0,1.0666,0,56.254
1217,12,479,479.33,2,2,150,0,0,0,0,0,0,0,0,0,0,0,0,0.13823,0.053848,0.13832,0.05234,0,2,0,0.3333,0,360.04,0,1,0,0.3333,0,180.02
1217,12,493.2,493.27,15,2,151,0,0,0,0,0,0,0,0,0,0,0,0,0.21338,0.053358,0.21338,0.053358,1,0,0.0666,0,900.9,0,0,1,0,0.0666,0,900.9
1217,12,493.27,493.67,22,2,152,0,0,0,0,0,0,0,0,0,0,0,0,0.11721,0.036194,0.12352,0.035946,0,1,0,0.3999,0,150.04,0,1,0,0.3999,0,150.04
1217,12,494.77,495.67,23,2,153,0,0,0,0,0,0,0,0,0,0,0,0,0.19061,0.043139,0.1885,0.04046,0,0.88895,0,0.79997,0,66.674,1,1,0.8999,0.44995,66.674,133.35
1217,12,507.57,507.73,23,2,154,0,0,0,0,0,0,0,0,0,0,0,0,0.15902,0.023213,0.16234,0.022219,0,0.19988,0,0.0333,0,360.14,0,1,0,0.1666,0,360.14
1217,12,508.57,508.6,12,2,155,0,0,0,0,0,0,0,0,0,0,0,0,0,0,0,0,0,0,0,0,0,0,0,1,0,0.0333,0,1801.8
1217,12,529.53,529.77,23,2,156,0,0,0,0,0,0,0,0,0,0,0,0,0.21113,0.047308,0.21317,0.047102,0,0,0,0,0,0,0,1,0,0.2333,0,257.18
1217,12,547.13,547.2,23,2,157,0,0,0,0,0,0,0,0,0,0,0,0,0.26668,0.060901,0.26668,0.060901,0,0,0,0,0,0,0,0.9995,0,0.066667,0,899.55
1217,12,560.3,560.73,23,2,158,0,0,0,0,0,0,0,0,0,0,0,0,0.14074,0.042259,0.14198,0.042044,1,1,0.4333,0.4333,138.47,138.47,0,1,0,0.4333,0,138.47
1217,12,591.87,591.93,23,2,159,0,1,0,0.0666,0,900.9,0,1,0,0.0666,0,900.9,0.094922,0.030713,0.094922,0.030713,0,1,0,0.0666,0,900.9,0,1,0,0.0666,0,900.9
1217,12,592.37,592.47,23,2,160,0,1,0,0.0999,0,600.6,0,1,0,0.0999,0,600.6,0.0914,0.031325,0.0914,0.031325,0,1,0,0.0999,0,600.6,0,1,0,0.0999,0,600.6
1217,12,634.37,634.7,23,2,161,0,0.69997,0,0.2333,0,180.02,0,1,0,0.3333,0,180.02,0.20482,0.0505,0.20444,0.050479,0,1,0,0.3333,0,180.02,0,1,0,0.3333,0,180.02
1217,12,675.97,676.03,23,2,162,0,1,0,0.0666,0,900.9,0,1,0,0.0666,0,900.9,0.34007,0.077834,0.34007,0.077834,0,2,0,0.0666,0,1801.8,0,1,0,0.0666,0,900.9
1217,12,676.2,676.37,23,2,163,0,1,0,0.1666,0,360.14,0,1,0,0.1666,0,360.14,0.32001,0.07352,0.32022,0.072254,0,2,0,0.1666,0,720.29,0,1,0,0.1666,0,360.14
1217,12,681.77,681.87,23,2,164,0,1,0,0.0999,0,600.6,0,1,0,0.0999,0,600.6,0.17005,0.04667,0.17005,0.04667,0,0,0,0,0,0,0,1,0,0.0999,0,600.6
1218,12,30.533,30.6,5,1,1,0,0.9995,0,0.066667,0,899.55,0,1,0,0.0667,0,899.55,0.1073,0.03997,0.1073,0.03997,0,1,0,0.0667,0,899.55,0,1,0,0.0667,0,899.55
1218,12,30.733,31.633,5,1,2,0,1,0,0.9,0,66.667,0,1,0,0.9,0,66.667,0.12237,0.045225,0.12031,0.045253,0,1,0,0.9,0,66.667,0,1,0,0.9,0,66.667
1218,12,32.633,33.633,5,1,3,0,1,0,1,0,60,0,1,0,1,0,60,0.11651,0.038784,0.11863,0.038911,0,1,0,1,0,60,0,1,0,1,0,60
1218,12,34.067,34.2,5,1,4,0,1,0,0.1333,0,450.11,0,1,0,0.1333,0,450.11,0.11601,0.035975,0.11646,0.035861,0,2,0,0.1333,0,900.23,0,1,0,0.1333,0,450.11
1218,12,34.333,37.7,20,1,5,0.82177,0.069306,1.3833,0.23333,35.643,17.822,0.16832,0.67326,0.56667,2.2667,17.822,17.822,0.2768,0.034941,0.28581,0.034705,2,0,3.3667,0,35.643,0,0,1,0,3.3667,0,17.822
1218,12,37.767,37.933,20,1,6,0,0.60004,0,0.099967,0,360.14,0,1,0,0.1666,0,360.14,0.13111,0.038471,0.12934,0.038456,2,0,0.1666,0,720.29,0,0,1,0,0.1666,0,360.14
1218,12,38.167,38.633,5,1,7,0,0.35712,0,0.16663,0,128.59,0,1,0,0.4666,0,128.59,0.12551,0.03966,0.12708,0.038693,0,2,0,0.4666,0,257.18,0,2,0,0.4666,0,257.18
1218,12,38.8,38.833,5,1,8,0,0,0,0,0,0,0,1,0,0.0333,0,1801.8,0.14114,0.037699,0.14114,0.037699,0,2,0,0.0333,0,3603.6,0,1,0,0.0333,0,1801.8
1218,12,38.967,41.5,5,1,9,0.013158,0.78948,0.033333,1,23.685,47.369,0.48685,0.49999,1.2333,1.2666,23.685,23.685,0.14041,0.035836,0.13559,0.035109,0,2,0,2.5333,0,47.369,0.10526,1,0.26667,2.5333,23.685,23.685
1218,12,41.533,42.2,5,1,10,1,0,0.6667,0,89.996,0,0.30003,0.59997,0.20003,0.4,89.996,89.996,0.15443,0.047683,0.15509,0.050501,0,2,0,0.6667,0,179.99,1,1,0.6667,0.6667,89.996,89.996
1218,12,42.467,42.667,5,1,11,0.50008,0.16642,0.099967,0.033267,300.15,300.15,0,0,0,0,0,0,0.14259,0.029461,0.15018,0.029381,0,2,0,0.1999,0,600.3,1,1,0.1999,0.1999,300.15,300.15
1218,12,42.7,42.733,5,1,12,0,1,0,0.0333,0,1801.8,0,0,0,0,0,0,0.088415,0.030851,0.088415,0.030851,0,2,0,0.0333,0,3603.6,1,1,0.0333,0.0333,1801.8,1801.8
1218,12,42.967,43.233,5,1,13,0,1,0,0.2666,0,225.06,0,0,0,0,0,0,0.096745,0.028181,0.099115,0.028062,0,2,0,0.2666,0,450.11,1,1,0.2666,0.2666,225.06,225.06
1218,12,43.733,44.567,5,1,14,0.44002,0.39998,0.36667,0.16665,72.003,144.01,0.80007,0,0.6667,0,72.003,0,0.13356,0.03956,0.14583,0.035278,0,2,0,0.8333,0,144.01,1,1,0.8333,0.8333,72.003,72.003
1218,12,44.667,44.733,10,1,15,1,0,0.0666,0,900.9,0,0,0,0,0,0,0,0.16779,0.055507,0.16779,0.055507,0,2,0,0.0666,0,1801.8,1,1,0.0666,0.0666,900.9,900.9
1218,12,44.767,45.067,5,1,16,0,1,0,0.2999,0,200.07,0,0,0,0,0,0,0.14921,0.056622,0.15018,0.056811,0,2,0,0.2999,0,400.13,1,1,0.2999,0.2999,200.07,200.07
1218,12,45.4,45.6,5,1,17,0,0.66667,0,0.066667,0,600,0,0,0,0,0,0,0.1291,0.046372,0.13079,0.046357,0,2,0,0.2,0,600,1,1,0.2,0.2,300,300
1218,12,47.133,47.267,5,1,18,0,1,0,0.1333,0,450.11,0,0,0,0,0,0,0.12536,0.039657,0.12683,0.038505,0,2,0,0.1333,0,900.23,1,1,0.1333,0.1333,450.11,450.11
1218,12,47.3,48,10,1,19,0.66667,0.2381,0.46667,0.16667,85.714,85.714,0,0.095238,0,0.066667,0,85.714,0.18942,0.048303,0.19396,0.048149,0,1.6667,0,0.58333,0,171.43,1,1,0.7,0.7,85.714,85.714
1218,12,48.133,48.167,5,1,20,0,1,0,0.0333,0,1801.8,1,0,0.0333,0,1801.8,0,0.15552,0.04989,0.15552,0.04989,0,1,0,0.0333,0,1801.8,1,1,0.0333,0.0333,1801.8,1801.8
1218,12,48.6,48.733,5,1,21,0,1,0,0.1333,0,450.11,0,0,0,0,0,0,0.14179,0.038791,0.14172,0.039058,1,1,0.1333,0.1333,450.11,450.11,0.50013,1,0.066667,0.1333,450.11,450.11
1218,12,48.733,49.133,20,1,22,0,1,0,0.4,0,150,0,0,0,0,0,0,0.093364,0.028891,0.097067,0.02913,1,1,0.4,0.4,150,150,0,1,0,0.4,0,150
1218,12,49.267,49.333,20,1,23,0,1,0,0.0666,0,900.9,0,0,0,0,0,0,0.090332,0.032052,0.090332,0.032052,1,1,0.0666,0.0666,900.9,900.9,0,1,0,0.0666,0,900.9
1218,12,49.433,49.667,5,1,24,0,1,0,0.2333,0,257.18,0,0,0,0,0,0,0.14263,0.038186,0.14237,0.037903,1,1,0.2333,0.2333,257.18,257.18,0,1,0,0.2333,0,257.18
1218,12,49.9,50,5,1,25,0,1,0,0.1,0,600,1,0,0.1,0,600,0,0.10917,0.049009,0.10938,0.048825,0.33333,1,0.033333,0.1,600,600,0,1,0,0.1,0,600
1218,12,50.033,50.067,5,1,26,0,1,0,0.0333,0,1801.8,1,0,0.0333,0,1801.8,0,0.11686,0.053717,0.11686,0.053717,0,1,0,0.0333,0,1801.8,0,1,0,0.0333,0,1801.8
1218,12,50.267,50.367,14,1,27,0,1,0,0.0999,0,600.6,0,0,0,0,0,0,0.11555,0.05528,0.11555,0.05528,0,1,0,0.0999,0,600.6,0,1,0,0.0999,0,600.6
1218,12,50.533,50.567,14,1,28,0,1,0,0.0333,0,1801.8,0,0.999,0,0.033267,0,1801.8,0.085482,0.023206,0.085482,0.023206,0,2,0,0.0333,0,3603.6,0,2,0,0.0333,0,3603.6
1218,12,51.433,51.467,14,1,29,0,0,0,0,0,0,0,1,0,0.0333,0,1801.8,0.10596,0.049294,0.10596,0.049294,0,2,0,0.0333,0,3603.6,0,2,0,0.0333,0,3603.6
1218,12,51.5,51.533,14,1,30,0,1,0,0.0333,0,1801.8,0,1,0,0.0333,0,1801.8,0.10664,0.044523,0.10664,0.044523,0,2,0,0.0333,0,3603.6,0,2,0,0.0333,0,3603.6
1218,12,51.767,52.1,5,1,31,0,0.90009,0,0.3,0,180.02,0,1,0,0.3333,0,180.02,0.092583,0.041406,0.092988,0.041339,0,2,0,0.3333,0,360.04,0,1,0,0.3333,0,180.02
1218,12,53.233,53.267,5,1,32,0,1,0,0.0333,0,1801.8,0,0.001001,0,3.3333e-05,0,1801.8,0.081309,0.033225,0.081309,0.033225,0,1,0,0.0333,0,1801.8,0,1,0,0.0333,0,1801.8
1218,12,53.3,53.567,5,1,33,0,1,0,0.2666,0,225.06,0,0,0,0,0,0,0.08194,0.032413,0.083939,0.032486,0,1,0,0.2666,0,225.06,0,1,0,0.2666,0,225.06
1218,12,53.667,53.8,5,1,34,0,1,0,0.1333,0,450.11,0,0,0,0,0,0,0.081689,0.033129,0.081927,0.033085,0,1,0,0.1333,0,450.11,0,1,0,0.1333,0,450.11
1218,12,53.933,54.2,5,1,35,0,1,0,0.2667,0,224.97,0,0,0,0,0,0,0.08064,0.030897,0.080576,0.030889,0,1,0,0.2667,0,224.97,0,1,0,0.2667,0,224.97
1218,12,54.367,54.433,5,1,36,0,1,0,0.0666,0,900.9,0,0,0,0,0,0,0.079912,0.030657,0.079912,0.030657,0,1,0,0.0666,0,900.9,0,1,0,0.0666,0,900.9
1218,12,54.7,54.8,5,1,37,0,1,0,0.1,0,600,0,1,0,0.1,0,600,0.074889,0.02813,0.075052,0.027847,0,1,0,0.05,0,1200,0,1,0,0.1,0,600
1218,12,63.033,63.1,5,1,38,0,1,0,0.0667,0,899.55,0,0,0,0,0,0,0.07633,0.025356,0.07633,0.025356,0,1,0,0.0667,0,899.55,0,1,0,0.0667,0,899.55
1218,12,63.2,65.267,20,1,39,0.61292,0,1.2667,0,29.033,0,0.33872,0.48385,0.7,0.99993,29.033,29.033,0.25609,0.04565,0.26408,0.042725,1.1613,0,1.2,0,58.066,0,0,1,0,2.0666,0,29.033
1218,12,65.4,65.5,23,1,40,0,1,0,0.1,0,600,0,1,0,0.1,0,600,0.13876,0.058619,0.13875,0.059257,0,2,0,0.1,0,1200,0,1,0,0.1,0,600
1218,12,66.967,67,11,1,41,0,1,0,0.0333,0,1801.8,0,1,0,0.0333,0,1801.8,0,0,0,0,0,1,0,0.0333,0,1801.8,0,1,0,0.0333,0,1801.8
1218,12,67.033,67.067,14,1,42,0,1,0,0.0333,0,1801.8,0,1,0,0.0333,0,1801.8,0.19135,0.071648,0.19135,0.071648,0,1,0,0.0333,0,1801.8,0,1,0,0.0333,0,1801.8
1218,12,67.067,67.467,23,1,43,0,1,0,0.3999,0,150.04,0,1,0,0.3999,0,150.04,0.15922,0.056212,0.16027,0.056924,0,1,0,0.3999,0,150.04,0,1,0,0.3999,0,150.04
1218,12,67.467,67.667,20,1,44,1,0,0.1999,0,300.15,0,0,1,0,0.1999,0,300.15,0.24248,0.090699,0.2319,0.09117,1,0,0.1999,0,300.15,0,0,1,0,0.1999,0,300.15
1218,12,67.833,67.867,20,1,45,1,0,0.0333,0,1801.8,0,0,1,0,0.0333,0,1801.8,0.12633,0,0.12633,0,1,0,0.0333,0,1801.8,0,0,1,0,0.0333,0,1801.8
1218,12,68.267,68.8,23,1,46,0,1,0,0.5333,0,112.51,0,0,0,0,0,0,0.3071,0.11766,0.31969,0.11779,0,1,0,0.5333,0,112.51,0,1,0,0.5333,0,112.51
1218,12,68.8,68.833,20,1,47,1,0,0.0333,0,1801.8,0,0,0,0,0,0,0,0.18946,0.029131,0.18946,0.029131,1,0,0.0333,0,1801.8,0,0,1,0,0.0333,0,1801.8
1218,12,68.833,69.267,23,1,48,0,0.23086,0,0.10003,0,138.47,0,0,0,0,0,0,0.43548,0.096532,0.44862,0.094541,0,1,0,0.4333,0,138.47,0,1,0,0.4333,0,138.47
1218,12,69.267,69.3,20,1,49,0,0,0,0,0,0,0,0,0,0,0,0,0,0,0,0,1,0,0.0333,0,1801.8,0,0,1,0,0.0333,0,1801.8
1218,12,69.3,69.533,23,1,50,0,0,0,0,0,0,0,0.42849,0,0.099967,0,257.18,0.38895,0.12141,0.38769,0.12261,0,1,0,0.2333,0,257.18,0,1,0,0.2333,0,257.18
1218,12,69.7,69.9,23,1,51,0,0.5,0,0.1,0,300,0,1,0,0.2,0,300,0.18713,0.081544,0.19082,0.078763,0,1,0,0.2,0,300,0,1,0,0.2,0,300
1218,12,70.233,70.967,23,1,52,0,0.95463,0,0.70003,0,81.822,0,0.40902,0,0.29993,0,81.822,0.11892,0.048779,0.11521,0.05396,0,1,0,0.7333,0,81.822,0,1,0,0.7333,0,81.822
1218,12,71.4,71.5,23,1,53,0,1,0,0.1,0,600,0,0.66667,0,0.066667,0,600,0.12906,0.088675,0.12899,0.090153,0,1,0,0.1,0,600,0,1,0,0.1,0,600
1218,12,71.533,71.633,23,1,54,0,1,0,0.1,0,600,0,0,0,0,0,0,0.12359,0.086444,0.1251,0.088317,0,1,0,0.1,0,600,0,1,0,0.1,0,600
1218,12,72.233,72.267,1,1,55,0,1,0,0.0333,0,1801.8,0,1,0,0.0333,0,1801.8,0.070625,0,0.070625,0,0,1,0,0.0333,0,1801.8,0,1,0,0.0333,0,1801.8
1218,12,73.2,73.267,3,1,56,0,1,0,0.0666,0,900.9,0,0,0,0,0,0,0.21219,0.075662,0.21219,0.075662,0,1,0,0.0666,0,900.9,0,1,0,0.0666,0,900.9
1218,12,73.3,73.333,16,1,57,0,1,0,0.0333,0,1801.8,0,0,0,0,0,0,0.086328,0.058105,0.086328,0.058105,0,1,0,0.0333,0,1801.8,0,1,0,0.0333,0,1801.8
1218,12,73.433,73.467,16,1,58,0,1,0,0.0333,0,1801.8,0,0,0,0,0,0,0.070508,0.020117,0.070508,0.020117,0,1,0,0.0333,0,1801.8,0,1,0,0.0333,0,1801.8
1218,12,73.6,73.933,1,1,59,0,1,0,0.3333,0,180.02,0,0,0,0,0,0,0.091715,0.032481,0.093368,0.032263,0,1,0,0.3333,0,180.02,0,1,0,0.3333,0,180.02
1218,12,74.767,75.4,15,1,60,0.63156,0,0.39997,0,94.742,0,0,1,0,0.6333,0,94.742,0.26039,0.038805,0.27113,0.03855,1,0,0.6333,0,94.742,0,0,1,0,0.6333,0,94.742
1218,12,77.733,78.1,23,1,61,0,0.63631,0,0.23333,0,163.62,0,0,0,0,0,0,0.11667,0.058891,0.11846,0.059062,0,2,0,0.3667,0,327.24,0,0.99991,0,0.36667,0,163.62
1218,12,78.367,78.9,23,1,62,0,0.49997,0,0.26663,0,112.51,0,0.87499,0,0.23332,0,225.01,0.086118,0.051587,0.061204,0.052441,0,2,0,0.5333,0,225.01,0,1,0,0.5333,0,112.51
1218,12,78.9,79.067,15,1,63,0,0,0,0,0,0,0,1,0,0.1666,0,360.14,0.23253,0.039722,0.22398,0.035797,2,0,0.1666,0,720.29,0,0,1,0,0.1666,0,360.14
1218,12,79.967,80.333,15,1,64,0,1,0,0.3666,0,163.67,0,1,0,0.3666,0,163.67,0.30055,0.042765,0.3254,0.042548,1,0,0.3666,0,163.67,0,0,1,0,0.3666,0,163.67
1218,12,80.9,81.1,5,1,65,0,1,0,0.2,0,300,0,1,0,0.2,0,300,0.10871,0.036681,0.11167,0.037032,0,1,0,0.2,0,300,0,1,0,0.2,0,300
1218,12,92.2,94.033,15,1,66,0.29091,0.63636,0.53333,0.58332,32.728,65.456,0.19999,0.25455,0.18332,0.46667,65.456,32.728,0.34045,0.050755,0.36969,0.047977,1.7273,0,0.79166,0,130.91,0,0,1,0,1.8333,0,32.728
1218,12,94.4,94.433,12,1,67,0,1,0,0.0333,0,1801.8,0,1,0,0.0333,0,1801.8,0.053252,0.014972,0.053252,0.014972,0,1,0,0.0333,0,1801.8,0,1,0,0.0333,0,1801.8
1218,12,94.5,94.533,12,1,68,0,1,0,0.0333,0,1801.8,0,1,0,0.0333,0,1801.8,0.050273,0.016082,0.050273,0.016082,0,1,0,0.0333,0,1801.8,0,1,0,0.0333,0,1801.8
1218,12,94.533,96.133,15,1,69,1,0,1.6,0,37.5,0,1,0,1.6,0,37.5,0,0.35025,0.035873,0.33841,0.034472,1,0,1.6,0,37.5,0,0,1,0,1.6,0,37.5
1218,12,96.6,96.633,6,1,70,0,1,0,0.0333,0,1801.8,0,1,0,0.0333,0,1801.8,0.060824,0.011312,0.060824,0.011312,0,0,0,0,0,0,0,1,0,0.0333,0,1801.8
1218,12,96.7,96.733,6,1,71,0,1,0,0.0333,0,1801.8,0,1,0,0.0333,0,1801.8,0.083281,0.041481,0.083281,0.041481,0,0,0,0,0,0,0,1,0,0.0333,0,1801.8
1218,12,96.767,96.833,6,1,72,0,1,0,0.0666,0,900.9,0,1,0,0.0666,0,900.9,0.085449,0.052544,0.085449,0.052544,0,0,0,0,0,0,0,1,0,0.0666,0,900.9
1218,12,101.5,102.27,20,1,73,0,1,0,0.7666,0,78.268,1,0,0.7666,0,78.268,0,0.17682,0.054802,0.17609,0.053691,1,0,0.7666,0,78.268,0,0,1,0,0.7666,0,78.268
1218,12,105.57,105.6,20,1,74,0,1,0,0.0333,0,1801.8,0,1,0,0.0333,0,1801.8,0,0,0,0,1,0,0.0333,0,1801.8,0,0,1,0,0.0333,0,1801.8
1218,12,106.83,106.87,21,1,75,0,1,0,0.0333,0,1801.8,0,1,0,0.0333,0,1801.8,0.18688,0.073354,0.18688,0.073354,0,1,0,0.0333,0,1801.8,0,1,0,0.0333,0,1801.8
1218,12,107.43,107.7,21,1,76,0,1,0,0.2667,0,224.97,0,1,0,0.2667,0,224.97,0.21444,0.0706,0.21995,0.070584,0,1,0,0.2667,0,224.97,0,1,0,0.2667,0,224.97
1218,12,109.73,109.83,12,1,77,0,1,0,0.1,0,600,0,1,0,0.1,0,600,0.084003,0.03697,0.083984,0.037713,0,1,0,0.1,0,600,0,1,0,0.1,0,600
1218,12,109.93,110.1,20,1,78,0,1,0,0.1667,0,359.93,0,1,0,0.1667,0,359.93,0.12898,0.042464,0.12833,0.042166,1,0,0.1667,0,359.93,0,0,1,0,0.1667,0,359.93
1218,12,112.93,113.03,1,1,79,0,1,0,0.1,0,600,0,1,0,0.1,0,600,0.15342,0.04669,0.15555,0.047358,0,0,0,0,0,0,0,1,0,0.1,0,600
1218,12,116.87,116.9,1,1,80,0,1,0,0.0333,0,1801.8,0,1,0,0.0333,0,1801.8,0,0,0,0,0,0,0,0,0,0,0,2,0,0.0333,0,3603.6
1218,12,117.97,118.33,20,1,81,0.54546,0,0.19997,0,163.67,0,0,1,0,0.3666,0,163.67,0.14672,0.061114,0.14573,0.063955,0,0,0,0,0,0,0,1,0,0.3666,0,163.67
1218,12,119,119.13,20,1,82,1,0,0.1333,0,450.11,0,0,1,0,0.1333,0,450.11,0.15681,0.046218,0.15627,0.046208,0,0,0,0,0,0,0,1,0,0.1333,0,450.11
1218,12,119.33,119.53,20,1,83,1,0,0.2,0,300,0,0,1,0,0.2,0,300,0.18231,0.047964,0.18299,0.047738,0,0,0,0,0,0,0,1,0,0.2,0,300
1218,12,119.73,119.87,20,1,84,1,0,0.1333,0,450.11,0,0,1,0,0.1333,0,450.11,0.14923,0.060404,0.14917,0.060237,0,0,0,0,0,0,0,1,0,0.1333,0,450.11
1218,12,120.13,120.93,20,1,85,4.1667e-05,0.99996,3.3333e-05,0.79997,75,75,0,1,0,0.8,0,75,0.17323,0.058631,0.17429,0.058071,0,0,0,0,0,0,0,1,0,0.8,0,75
1218,12,121.07,122.23,20,1,86,0,1,0,1.1666,0,51.432,0,0.71427,0,0.27776,0,154.29,0.18657,0.054691,0.18589,0.054973,0,0,0,0,0,0,0,1,0,1.1666,0,51.432
1218,12,122.53,122.9,20,1,87,0,1,0,0.3667,0,163.62,0,1,0,0.3667,0,163.62,0.1595,0.073186,0.15453,0.069443,0,0,0,0,0,0,0,1,0,0.3667,0,163.62
1218,12,123.17,123.6,20,1,88,0,1,0,0.4333,0,138.47,0,1,0,0.4333,0,138.47,0.1831,0.071363,0.18224,0.076053,0,0,0,0,0,0,0,1,0,0.4333,0,138.47
1218,12,123.67,124.47,20,1,89,0,0.75005,0,0.59997,0,75.009,0,1,0,0.7999,0,75.009,0.18338,0.060494,0.1713,0.057952,0,0,0,0,0,0,0,1,0,0.7999,0,75.009
1218,12,131.8,132.2,20,1,90,0,0,0,0,0,0,0,1,0,0.4,0,150,0.3301,0.071584,0.32466,0.07639,1.3333,0,0.26667,0,300,0,0,1,0,0.4,0,150
1218,12,132.53,132.73,20,1,91,0.99983,0,0.19997,0,300,0,0,0.83333,0,0.083333,0,600,0.20599,0.09864,0.20744,0.098143,1,0,0.2,0,300,0,0,1,0,0.2,0,300
1218,12,132.83,133.07,23,1,92,0,0,0,0,0,0,0,1,0,0.2333,0,257.18,0.13834,0.046856,0.13804,0.041763,0,1,0,0.2333,0,257.18,0,1,0,0.2333,0,257.18
1218,12,133.87,134.8,23,1,93,0,0,0,0,0,0,0,0.53573,0,0.25,0,128.58,0.14022,0.040652,0.15462,0.038564,0,1,0,0.9333,0,64.288,0,1,0,0.9333,0,64.288
1218,12,136.13,136.5,23,1,94,0,0.2727,0,0.1,0,163.62,0,1,0,0.3667,0,163.62,0.13426,0.05358,0.1375,0.058826,0,1,0,0.3667,0,163.62,0,1,0,0.3667,0,163.62
1218,12,136.53,136.57,23,1,95,0,1,0,0.0333,0,1801.8,0,0.001001,0,3.3333e-05,0,1801.8,0.15397,0.061546,0.15397,0.061546,0,1,0,0.0333,0,1801.8,0,1,0,0.0333,0,1801.8
1218,12,136.57,136.6,20,1,96,1,0,0.0333,0,1801.8,0,0,0,0,0,0,0,0,0,0,0,1,0,0.0333,0,1801.8,0,0,1,0,0.0333,0,1801.8
1218,12,136.6,136.67,23,1,97,0,1,0,0.0666,0,900.9,0,0.4995,0,0.033267,0,900.9,0.15424,0.059364,0.15424,0.059364,0,1,0,0.0666,0,900.9,0,1,0,0.0666,0,900.9
1218,12,136.8,136.83,20,1,98,1,0,0.0333,0,1801.8,0,1,0,0.0333,0,1801.8,0,0.16041,0.025451,0.16041,0.025451,1,0,0.0333,0,1801.8,0,0,1,0,0.0333,0,1801.8
1218,12,136.87,137.03,20,1,99,0.19988,0,0.0333,0,360.14,0,0.60004,0,0.099967,0,360.14,0,0.16496,0.052053,0.16478,0.051643,1,0,0.1666,0,360.14,0,0,1,0,0.1666,0,360.14
1218,12,137.2,137.23,20,1,100,0,0,0,0,0,0,0,1,0,0.0333,0,1801.8,0.098805,0.055582,0.098805,0.055582,1,0,0.0333,0,1801.8,0,0,1,0,0.0333,0,1801.8
1218,12,139.07,139.83,20,1,101,0,1,0,0.7666,0,78.268,0,1,0,0.7666,0,78.268,0.31988,0.051394,0.37015,0.050874,1,0,0.7666,0,78.268,0,0,1,0,0.7666,0,78.268
1218,12,140.17,141.43,20,1,102,0,1,0,1.2666,0,47.371,0.86844,0.10524,1.1,0.1333,47.371,47.371,0.20685,0.061182,0.19687,0.059558,1,0,1.2666,0,47.371,0,0,1,0,1.2666,0,47.371
1218,12,141.73,141.9,20,1,103,0,1,0,0.1667,0,359.93,1,0,0.1667,0,359.93,0,0.13002,0.049924,0.12948,0.049948,1,0,0.1667,0,359.93,0,0,1,0,0.1667,0,359.93
1218,12,141.97,142.63,20,1,104,0.95005,0,0.6333,0,90.009,0,1,0,0.6666,0,90.009,0,0.16809,0.053893,0.16821,0.053431,0.5,0,0.16665,0,180.02,0,0,1,0,0.6666,0,90.009
1218,12,142.7,142.9,20,1,105,1,0,0.2,0,300,0,1,0,0.2,0,300,0,0.17876,0.065413,0.17971,0.0649,0,0,0,0,0,0,0,1,0,0.2,0,300
1218,12,142.97,143.23,20,1,106,1,0,0.2666,0,225.06,0,1,0,0.2666,0,225.06,0,0.17287,0.0691,0.17469,0.066705,0,0,0,0,0,0,0,1,0,0.2666,0,225.06
1218,12,143.27,143.43,20,1,107,1,0,0.1666,0,360.14,0,0.39996,0.39996,0.066633,0.066633,360.14,360.14,0.16899,0.054886,0.16882,0.055135,0,0,0,0,0,0,0,1,0,0.1666,0,360.14
1218,12,144.27,144.43,20,1,108,0.19988,0.80012,0.0333,0.1333,360.14,360.14,0,1,0,0.1666,0,360.14,0.25727,0.09211,0.25974,0.091734,0,0,0,0,0,0,0,1,0,0.1666,0,360.14
1218,12,148,148.03,10,1,109,0,1,0,0.0333,0,1801.8,0,1,0,0.0333,0,1801.8,0.16462,0.088106,0.16462,0.088106,0,1,0,0.0333,0,1801.8,0,1,0,0.0333,0,1801.8
1218,12,148.5,148.53,21,1,110,0,1,0,0.0333,0,1801.8,0,1,0,0.0333,0,1801.8,0.18438,0.073673,0.18438,0.073673,0,1,0,0.0333,0,1801.8,0,1,0,0.0333,0,1801.8
1218,12,148.63,148.67,21,1,111,0,1,0,0.0333,0,1801.8,0,1,0,0.0333,0,1801.8,0.20828,0.057243,0.20828,0.057243,0,1,0,0.0333,0,1801.8,0,1,0,0.0333,0,1801.8
1218,12,148.7,148.77,21,1,112,0,1,0,0.0666,0,900.9,0,1,0,0.0666,0,900.9,0.22498,0.067502,0.22498,0.067502,0,1,0,0.0666,0,900.9,0,1,0,0.0666,0,900.9
1218,12,149.17,149.37,21,1,113,0,0.83325,0,0.083283,0,600.3,0,1,0,0.1999,0,300.15,0.16053,0.065193,0.15992,0.06437,0,1,0,0.1999,0,300.15,0,1,0,0.1999,0,300.15
1218,12,150.07,150.47,21,1,114,0,1,0,0.3999,0,150.04,0,1,0,0.3999,0,150.04,0.16267,0.057043,0.16201,0.056256,0,1,0,0.3999,0,150.04,0,1,0,0.3999,0,150.04
1218,12,150.63,150.67,20,1,115,0,1,0,0.0333,0,1801.8,0,1,0,0.0333,0,1801.8,0.15107,0.045004,0.15107,0.045004,0,1,0,0.0333,0,1801.8,0,1,0,0.0333,0,1801.8
1218,12,151.13,152.17,21,1,116,0,1,0,1.0333,0,58.066,0,1,0,1.0333,0,58.066,0.20082,0.054221,0.20549,0.054221,0,1,0,1.0333,0,58.066,0,1,0,1.0333,0,58.066
1218,12,152.3,152.63,21,1,117,0,1,0,0.16665,0,360.04,0,1,0,0.3333,0,180.02,0.17832,0.08403,0.17886,0.088402,0,1,0,0.3333,0,180.02,0,1,0,0.3333,0,180.02
1218,12,153.1,153.2,20,1,118,0,1,0,0.1,0,600,0,1,0,0.1,0,600,0.16191,0.060532,0.16014,0.059666,0,1,0,0.1,0,600,0,1,0,0.1,0,600
1218,12,153.3,153.6,9,1,119,0,1,0,0.3,0,200,1,0,0.3,0,200,0,0.13937,0.050749,0.14248,0.049243,1,0,0.3,0,200,0,0,1,0,0.3,0,200
1218,12,153.63,154.23,9,1,120,0.5555,0.27783,0.3333,0.1667,100,100,1,0,0.6,0,100,0,0.16389,0.053417,0.16302,0.051807,1,0,0.6,0,100,0,0,1,0,0.6,0,100
1218,12,154.63,154.97,9,1,121,1,0,0.3333,0,180.02,0,1,0,0.3333,0,180.02,0,0.24899,0.08066,0.25494,0.080401,1,0,0.3333,0,180.02,0,0,1,0,0.3333,0,180.02
1218,12,155.03,155.27,20,1,122,0,1,0,0.2333,0,257.18,0,1,0,0.2333,0,257.18,0.22848,0.084977,0.2263,0.084583,0,1,0,0.2333,0,257.18,0,1,0,0.2333,0,257.18
1218,12,155.4,155.43,20,1,123,0,1,0,0.0333,0,1801.8,0,1,0,0.0333,0,1801.8,0.20918,0.11624,0.20918,0.11624,0,1,0,0.0333,0,1801.8,0,1,0,0.0333,0,1801.8
1218,12,155.93,156.77,12,1,124,0,1,0,0.8333,0,72.003,0,0.92,0,0.25554,0,216.01,0.19712,0.078437,0.19766,0.078274,0,1,0,0.8333,0,72.003,0,0.99996,0,0.83327,0,72.003
1218,12,156.83,156.9,9,1,125,1,0,0.0667,0,899.55,0,0,1,0,0.0667,0,899.55,0.16429,0.072347,0.16429,0.072347,1,0,0.0667,0,899.55,0,0,1,0,0.0667,0,899.55
1218,12,156.9,157.37,20,1,126,0.57137,0.35719,0.2666,0.16667,128.59,128.59,0.14273,0.21432,0.0666,0.1,128.59,128.59,0.13869,0.054912,0.14297,0.060399,0,1,0,0.4666,0,128.59,0,1,0,0.4666,0,128.59
1218,12,157.83,161.5,23,1,127,0.063636,0.32727,0.23333,0.6,16.363,32.727,0.22727,0.50909,0.41667,0.62222,32.727,49.09,0.14302,0.039316,0.14061,0.038541,0,0.31819,0,1.1667,0,16.363,0,1,0,3.6667,0,16.363
1218,12,161.83,163.87,23,1,128,0,0,0,0,0,0,0,1,0,2.0333,0,29.509,0.14341,0.035172,0.13216,0.032658,0,0,0,0,0,0,0,0.99998,0,2.0333,0,29.509
1218,12,171.77,171.8,12,1,129,0,1,0,0.0333,0,1801.8,0,1,0,0.0333,0,1801.8,0,0,0,0,0,1,0,0.0333,0,1801.8,0,1,0,0.0333,0,1801.8
1218,12,174.37,174.4,12,1,130,0,1,0,0.0333,0,1801.8,0,1,0,0.0333,0,1801.8,0,0,0,0,0,1,0,0.0333,0,1801.8,0,1,0,0.0333,0,1801.8
1218,12,174.8,174.87,12,1,131,0,1,0,0.0666,0,900.9,0,1,0,0.0666,0,900.9,0.1662,0.077085,0.1662,0.077085,0,1,0,0.0666,0,900.9,0,1,0,0.0666,0,900.9
1218,12,174.93,175.13,12,1,132,0,1,0,0.2,0,300,0,1,0,0.2,0,300,0.1543,0.066831,0.15241,0.065393,0,1,0,0.2,0,300,0,1,0,0.2,0,300
1218,12,175.2,175.87,12,1,133,0,1,0,0.6666,0,90.009,0,0.84998,0,0.2833,0,180.02,0.24005,0.087115,0.25974,0.087291,0,1,0,0.6666,0,90.009,0,1,0,0.6666,0,90.009
1218,12,175.9,175.93,12,1,134,0,0,0,0,0,1801.8,0,1,0,0.0333,0,1801.8,0.16471,0.09981,0.16471,0.09981,0,1,0,0.0333,0,1801.8,0,1,0,0.0333,0,1801.8
1218,12,175.97,176.03,10,1,135,0,0,0,0,0,0,0,1,0,0.0666,0,900.9,0.14102,0.087605,0.14102,0.087605,0,1,0,0.0666,0,900.9,0,1,0,0.0666,0,900.9
1218,12,176.43,176.73,21,1,136,0,0.99989,0,0.29997,0,200,0,1,0,0.3,0,200,0.16715,0.082473,0.16944,0.083849,0,1,0,0.3,0,200,0,1,0,0.3,0,200
1218,12,176.87,176.93,19,1,137,0,1,0,0.0666,0,900.9,1,0,0.0666,0,900.9,0,0.14258,0.063395,0.14258,0.063395,1,0,0.0666,0,900.9,0,0,1,0,0.0666,0,900.9
1218,12,178.4,179.03,12,1,138,0,0.47371,0,0.3,0,94.742,0,0.68425,0,0.21667,0,189.48,0.19313,0.070598,0.20305,0.07052,0,1,0,0.6333,0,94.742,0,1,0,0.6333,0,94.742
1218,12,179.23,179.4,13,1,139,0,0,0,0,0,0,0,1,0,0.1667,0,359.93,0.14159,0.071548,0.14354,0.071676,0,1,0,0.1667,0,359.93,0,1,0,0.1667,0,359.93
1218,12,179.53,179.6,19,1,140,0,0,0,0,0,0,0,1,0,0.0667,0,899.55,0.162,0.079275,0.162,0.079275,1,0,0.0667,0,899.55,0,0,1,0,0.0667,0,899.55
1218,12,179.93,179.97,21,1,141,0,1,0,0.0333,0,1801.8,0,1,0,0.0333,0,1801.8,0.13016,0.058671,0.13016,0.058671,0,1,0,0.0333,0,1801.8,0,1,0,0.0333,0,1801.8
1218,12,180.07,180.1,21,1,142,0,0,0,0,0,1801.8,0,1,0,0.0333,0,1801.8,0,0,0,0,0,1,0,0.0333,0,1801.8,0,1,0,0.0333,0,1801.8
1218,12,183.3,183.33,5,1,143,0,1,0,0.0333,0,1801.8,0,1,0,0.0333,0,1801.8,0.10464,0.046663,0.10464,0.046663,0,0,0,0,0,0,0,1,0,0.0333,0,1801.8
1218,12,183.63,183.7,5,1,144,0,0,0,0,0,0,0,1,0,0.0667,0,899.55,0.11222,0.046501,0.11222,0.046501,0,0,0,0,0,0,0,1,0,0.0667,0,899.55
1218,12,184.6,184.8,5,1,145,0,0,0,0,0,0,0,1,0,0.2,0,300,0.17401,0.047274,0.17285,0.046382,1,0,0.2,0,300,0,0,1,0,0.1,0,600
1218,12,185.67,186.07,5,1,146,0.49996,0.083271,0.19993,0.0333,150.04,150.04,0,1,0,0.3999,0,150.04,0.1688,0.04071,0.16482,0.04134,1,0,0.3999,0,150.04,0,0,1,0,0.3999,0,150.04
1218,12,186.2,186.27,5,1,147,1,0,0.0666,0,900.9,0,0,1,0,0.0666,0,900.9,0.12758,0.041445,0.12758,0.041445,1,0,0.0666,0,900.9,0,0,1,0,0.0666,0,900.9
1218,12,187.33,187.37,14,1,148,0,1,0,0.0333,0,1801.8,0,1,0,0.0333,0,1801.8,0.25383,0.096316,0.25383,0.096316,0,1,0,0.0333,0,1801.8,0,2,0,0.0333,0,3603.6
1218,12,187.6,188.23,20,1,149,0,0.89478,0,0.56667,0,94.742,0,0.89473,0,0.28332,0,189.48,0.30486,0.092231,0.30775,0.092148,0,1,0,0.6333,0,94.742,0,2,0,0.6333,0,189.48
1218,12,188.27,188.3,20,1,150,0,0,0,0,0,0,0,1,0,0.0333,0,1801.8,0,0,0,0,0,1,0,0.0333,0,1801.8,0,2,0,0.0333,0,3603.6
1218,12,188.7,188.97,20,1,151,0,0,0,0,0,0,0,0,0,0,0,0,0.21424,0.05791,0.22903,0.053292,0,1,0,0.2666,0,225.06,0,2,0,0.2666,0,450.11
1218,12,189,189.03,5,1,152,0,0,0,0,0,0,0,0,0,0,0,0,0.14047,0.045369,0.14047,0.045369,1,0,0.0333,0,1801.8,0,0,2,0,0.0333,0,3603.6
1218,12,189.8,190.07,5,1,153,0,0.24981,0,0.0666,0,225.06,0,1,0,0.2666,0,225.06,0.15933,0.047773,0.16433,0.047737,2,0,0.2666,0,450.11,0,0,1,0,0.2666,0,225.06
1218,12,190.13,190.2,19,1,154,1,0,0.0667,0,899.55,0,0,1,0,0.0667,0,899.55,0.10546,0.047404,0.10546,0.047404,0,1.5002,0,0.050033,0,1799.1,0,1,0,0.0667,0,899.55
1218,12,191.23,191.3,12,1,155,0,1,0,0.0667,0,899.55,0,1,0,0.0667,0,899.55,0.14386,0.054977,0.14386,0.054977,0,1,0,0.0667,0,899.55,0,1.4998,0,0.050017,0,1799.1
1218,12,191.47,191.73,5,1,156,1,0,0.2666,0,225.06,0,0,1,0,0.2666,0,225.06,0.17925,0.069823,0.18026,0.06835,1,0,0.2666,0,225.06,0,0,1,0,0.2666,0,225.06
1218,12,191.87,192.3,5,1,157,0.38457,0.46157,0.16663,0.2,138.47,138.47,0,1,0,0.4333,0,138.47,0.17279,0.061395,0.16888,0.062853,0.84614,0,0.36663,0,138.47,0,0,1,0,0.4333,0,138.47
1218,12,192.5,192.7,12,1,158,0,1,0,0.2,0,300,0,0.66667,0,0.066667,0,600,0.11901,0.055591,0.11939,0.056454,0,0,0,0,0,0,0,1,0,0.2,0,300
1218,12,192.8,192.87,12,1,159,0,1,0,0.0666,0,900.9,0,1,0,0.0666,0,900.9,0.11555,0.057929,0.11555,0.057929,0,0,0,0,0,0,0,1,0,0.0666,0,900.9
1218,12,194.23,194.6,20,1,160,1,0,0.3667,0,163.62,0,0,1,0,0.3667,0,163.62,0.1272,0.069848,0.12729,0.069724,0,0.90901,0,0.33333,0,163.62,0,1,0,0.3667,0,163.62
1218,12,195.1,195.13,20,1,161,1,0,0.0333,0,1801.8,0,0,1,0,0.0333,0,1801.8,0.13265,0.069545,0.13265,0.069545,0,1,0,0.0333,0,1801.8,0,1,0,0.0333,0,1801.8
1218,12,195.23,195.4,20,1,162,0.20016,0.39992,0.033367,0.066667,359.93,359.93,0,1,0,0.1667,0,359.93,0.1485,0.074501,0.14925,0.074886,0,1,0,0.1667,0,359.93,0,1,0,0.1667,0,359.93
1218,12,196.13,196.27,12,1,163,0,1,0,0.1333,0,450.11,0,1,0,0.1333,0,450.11,0.14852,0.069039,0.14803,0.068882,0,1,0,0.1333,0,450.11,0,1,0,0.1333,0,450.11
1218,12,196.33,196.77,12,1,164,0,1,0,0.4333,0,138.47,0,0.92307,0,0.19998,0,276.94,0.18181,0.074448,0.18705,0.076279,0,1,0,0.4333,0,138.47,0,1,0,0.4333,0,138.47
1218,12,197.33,197.67,12,1,165,0,0,0,0,0,0,0,0.80018,0,0.2667,0,180.02,0.23256,0.10437,0.23715,0.11177,0,1,0,0.3333,0,180.02,0,0.9999,0,0.33327,0,180.02
1218,12,197.77,197.93,20,1,166,0,1,0,0.1666,0,360.14,0,0,0,0,0,0,0.2219,0.079824,0.224,0.075433,0,1,0,0.1666,0,360.14,0,1,0,0.1666,0,360.14
1218,12,198,198.1,20,1,167,0,0,0,0,0,0,0,0,0,0,0,600,0.16627,0.06858,0.16557,0.067032,0,1,0,0.1,0,600,0,1,0,0.1,0,600
1218,12,198.2,198.63,20,1,168,0,1,0,0.4333,0,138.47,0,0.76921,0,0.16665,0,276.94,0.1432,0.04933,0.14452,0.048414,0,1,0,0.4333,0,138.47,0,1,0,0.4333,0,138.47
1218,12,201.1,201.13,20,1,169,0,1,0,0.0333,0,1801.8,0,1,0,0.0333,0,1801.8,0.083984,0.034305,0.083984,0.034305,0,1,0,0.0333,0,1801.8,0,1,0,0.0333,0,1801.8
1218,12,201.53,201.83,20,1,170,0.111,0.66678,0.0333,0.20003,200,200,0,1,0,0.3,0,200,0.097172,0.031865,0.097533,0.031437,0,0.22233,0,0.0667,0,200,0,0.99989,0,0.29997,0,200
1218,12,201.97,202.27,20,1,171,0.44448,0,0.1333,0,200.07,0,0,1,0,0.2999,0,200.07,0.10269,0.040816,0.10199,0.038469,0.55552,0,0.1666,0,200.07,0,0,1,0,0.2999,0,200.07
1218,12,202.87,202.97,20,1,172,0,1,0,0.0999,0,600.6,0,1,0,0.0999,0,600.6,0.1378,0.065376,0.1378,0.065376,1,0,0.0999,0,600.6,0,0,1,0,0.0999,0,600.6
1218,12,205.6,206.03,20,1,173,0,0.76921,0,0.3333,0,138.47,0,0.92307,0,0.39997,0,138.47,0.13723,0.046075,0.1445,0.047016,1,0,0.4333,0,138.47,0,0,1,0,0.4333,0,138.47
1218,12,206.23,206.3,21,1,174,0,1,0,0.0667,0,899.55,0,1,0,0.0667,0,899.55,0.075679,0.031993,0.075679,0.031993,0,1,0,0.0667,0,899.55,0,1,0,0.0667,0,899.55
1218,12,220.47,220.5,19,1,175,1,0,0.0333,0,1801.8,0,0,0,0,0,0,0,0,0,0,0,0,0,0,0,0,0,0,1,0,0.0333,0,1801.8
1218,12,228.1,228.27,5,1,176,0,0.20008,0,0.033333,0,360.14,0,1,0,0.1666,0,360.14,0.10851,0.042863,0.10482,0.042857,0,0,0,0,0,0,0,1,0,0.1666,0,360.14
1218,12,231.23,231.33,16,1,177,0,1,0,0.1,0,600,0,0,0,0,0,0,0.602,0.035811,0.60461,0.035856,0,0,0,0,0,0,0,2,0,0.1,0,1200
1218,12,231.7,232.3,16,1,178,0,1,0,0.6,0,100,0,0.88889,0,0.53333,0,100,0.59422,0.041153,0.59338,0.036472,0,0,0,0,0,0,0,2,0,0.6,0,200
1218,12,232.73,233.1,16,1,179,0,1,0,0.3667,0,163.62,0,0.1818,0,0.066667,0,163.62,0.64421,0.040688,0.64318,0.032787,0,0.2727,0,0.1,0,163.62,0,2,0,0.3667,0,327.24
1218,12,233.1,233.37,21,1,180,0,1,0,0.2666,0,225.06,0,1,0,0.2666,0,225.06,0.6045,0.037807,0.61122,0.037972,0,1,0,0.2666,0,225.06,0,2,0,0.2666,0,450.11
1218,12,233.6,234.03,16,1,181,0,1,0,0.4333,0,138.47,0,1,0,0.4333,0,138.47,0.52707,0.038943,0.5417,0.038563,0,0,0,0,0,0,0,2,0,0.4333,0,276.94
1218,12,234.07,234.1,16,1,182,0,1,0,0.0333,0,1801.8,0,1,0,0.0333,0,1801.8,0,0,0,0,0,1,0,0.0333,0,1801.8,0,2,0,0.0333,0,3603.6
1218,12,235.83,235.97,12,1,183,0,1,0,0.1333,0,450.11,0,1,0,0.1333,0,450.11,0.076567,0.03096,0.076392,0.030889,0,0,0,0,0,0,0,2,0,0.1333,0,900.23
1218,12,235.97,236.13,16,1,184,0,1,0,0.1666,0,360.14,0,1,0,0.1666,0,360.14,0.61719,0.035317,0.62229,0.035007,0,0,0,0,0,0,0,2,0,0.1666,0,720.29
1218,12,238.07,238.2,2,1,185,0,1,0,0.1333,0,450.11,0,0.74994,0,0.049983,0,900.23,0.19148,0.10281,0.19277,0.10858,0,1,0,0.1333,0,450.11,0,1,0,0.1333,0,450.11
1218,12,241.63,241.83,10,1,186,0,1,0,0.2,0,300,0,0.3335,0,0.0667,0,300,0.21764,0.079831,0.21851,0.078916,0,1,0,0.2,0,300,0,1,0,0.2,0,300
1218,12,242.27,242.37,10,1,187,0,1,0,0.0999,0,600.6,0,1,0,0.0999,0,600.6,0.17694,0.071133,0.17694,0.071133,0,1,0,0.0999,0,600.6,0,1,0,0.0999,0,600.6
1218,12,242.37,242.83,21,1,188,0,1,0,0.4666,0,128.59,0,1,0,0.4666,0,128.59,0.18589,0.068475,0.19011,0.0655,0,1,0,0.4666,0,128.59,0,1,0,0.4666,0,128.59
1218,12,242.9,243.37,21,1,189,0.92856,0,0.43327,0,128.59,0,0,0.85727,0,0.4,0,128.59,0.13324,0.044668,0.13489,0.044544,0,1,0,0.4666,0,128.59,0,1,0,0.4666,0,128.59
1218,12,243.63,244.23,3,1,190,0,0.38889,0,0.11667,0,200,0,0.16661,0,0.099967,0,100,0.16933,0.039027,0.15934,0.038462,1,0,0.6,0,100,0,0,0.99994,0,0.59997,0,100
1218,12,244.27,244.47,19,1,191,1,0,0.1999,0,300.15,0,0,1,0,0.1999,0,300.15,0.11042,0.043332,0.11199,0.04269,0,1.8334,0,0.18325,0,600.3,0,1,0,0.1999,0,300.15
1218,12,244.83,244.93,19,1,192,0,0,0,0,0,0,0,1,0,0.1,0,600,0.11656,0.049322,0.11602,0.049383,0,1,0,0.1,0,600,0,2,0,0.1,0,1200
1218,12,245,245.07,19,1,193,0,1,0,0.0666,0,900.9,0,1,0,0.0666,0,900.9,0.12404,0.046898,0.12404,0.046898,0,1,0,0.0666,0,900.9,0,2,0,0.0666,0,1801.8
1218,12,246.13,246.3,19,1,194,0,0,0,0,0,0,0,1,0,0.1667,0,359.93,0.12599,0.055315,0.12877,0.053383,1,1,0.1667,0.1667,359.93,359.93,0,2,0,0.1667,0,719.86
1218,12,246.33,248.13,23,1,195,0.25926,0,0.46667,0,33.333,0,0,1,0,1.8,0,33.333,0.22297,0.048213,0.23304,0.045898,0,1.5556,0,1.4,0,66.667,0,1.3148,0,1.1833,0,66.667
1218,12,257.93,258.53,19,1,196,0.55556,0.0555,0.33333,0.0333,100,100,0,0.38889,0,0.23333,0,100,0.11755,0.045522,0.1191,0.044631,0.49994,1,0.29997,0.6,100,100,0,1,0,0.6,0,100
1218,12,259.3,259.33,19,1,197,0,1,0,0.0333,0,1801.8,0,1,0,0.0333,0,1801.8,0.098395,0.039764,0.098395,0.039764,0,1,0,0.0333,0,1801.8,0,1,0,0.0333,0,1801.8
1218,12,260.73,260.77,1,1,198,0,1,0,0.0333,0,1801.8,0,0.001001,0,3.3333e-05,0,1801.8,0.089648,0.033094,0.089648,0.033094,0,2,0,0.0333,0,3603.6,1,1,0.0333,0.0333,1801.8,1801.8
1218,12,261.03,261.1,10,1,199,0,1,0,0.0667,0,899.55,0,1,0,0.0667,0,899.55,0.083371,0.032752,0.083371,0.032752,0,2,0,0.0667,0,1799.1,0,2,0,0.0667,0,1799.1
1218,12,261.97,262.17,21,1,200,0,1,0,0.1999,0,300.15,0,1,0,0.1999,0,300.15,0.17995,0.027489,0.20508,0.027389,0,2,0,0.1999,0,600.3,0,2,0,0.1999,0,600.3
1218,12,262.17,262.2,10,1,201,0,0,0,0,0,0,0,1,0,0.0333,0,1801.8,0,0,0,0,0,2,0,0.0333,0,3603.6,0,2,0,0.0333,0,3603.6
1218,12,264.33,265.2,2,1,202,0,1,0,0.43335,0,138.46,0,0.84616,0,0.36668,0,138.46,0.18301,0.060845,0.17826,0.060877,0.23076,0.34614,0.2,0.3,69.228,69.228,0,2,0,0.8667,0,138.46
1218,12,265.2,265.27,6,1,203,1,0,0.0666,0,900.9,0,0,1,0,0.0666,0,900.9,0.20061,0.075052,0.20061,0.075052,1,0,0.0666,0,900.9,0,0,2,0,0.0666,0,1801.8
1218,12,265.27,265.47,2,1,204,0,1,0,0.1999,0,300.15,0,1,0,0.1999,0,300.15,0.21468,0.033611,0.23919,0.030592,0,1,0,0.1999,0,300.15,0,2,0,0.1999,0,600.3
1218,12,265.57,265.6,20,1,205,0,1,0,0.0333,0,1801.8,0,0,0,0,0,0,0,0,0,0,0,1,0,0.0333,0,1801.8,0,2,0,0.0333,0,3603.6
1218,12,265.83,266,6,1,206,0.00019996,0,3.3333e-05,0,359.93,0,0,0,0,0,0,0,0.15613,0.033541,0.15258,0.033547,1,0,0.1667,0,359.93,0,0,2,0,0.1667,0,719.86
1218,12,266.07,266.1,1,1,207,0,0,0,0,0,0,0,0,0,0,1801.8,0,0,0,0,0,0,2,0,0.0333,0,3603.6,1,1,0.0333,0.0333,1801.8,1801.8
1218,12,266.2,266.23,10,1,208,0,0,0,0,0,0,0,1,0,0.0333,0,1801.8,0.15158,0.036053,0.15158,0.036053,0,2,0,0.0333,0,3603.6,0,2,0,0.0333,0,3603.6
1218,12,266.27,266.7,1,1,209,1,0,0.4333,0,138.47,0,1,0,0.4333,0,138.47,0,0.1302,0.027457,0.12728,0.025877,0,2,0,0.4333,0,276.94,1,1,0.4333,0.4333,138.47,138.47
1218,12,266.77,267.77,6,1,210,0.76674,0.03327,0.76667,0.033267,60.006,60.006,0,1,0,0.9999,0,60.006,0.27219,0.039431,0.2756,0.038176,1.3333,0.16665,0.66658,0.16663,120.01,60.006,0,2,0,0.9999,0,120.01
1218,12,267.9,267.93,1,1,211,1,0,0.0333,0,1801.8,0,1,0,0.0333,0,1801.8,0,0.16539,0.052893,0.16539,0.052893,0,2,0,0.0333,0,3603.6,1,1,0.0333,0.0333,1801.8,1801.8
1218,12,268.13,269.1,1,1,212,1,0,0.9667,0,62.067,0,0.27589,0.51722,0.13335,0.5,124.13,62.067,0.16153,0.034486,0.14414,0.034713,0,2,0,0.9667,0,124.13,1,1,0.9667,0.9667,62.067,62.067
1218,12,270.17,271.17,1,1,213,0.53335,0.23329,0.5333,0.23327,60.006,60.006,1,0,0.9999,0,60.006,0,0.15642,0.031599,0.16355,0.032195,0,2,0,0.9999,0,120.01,1,1,0.9999,0.9999,60.006,60.006
1218,12,271.2,271.3,1,1,214,0,1,0,0.1,0,600,1,0,0.1,0,600,0,0.092614,0.031731,0.09224,0.031646,0,2,0,0.1,0,1200,1,1,0.1,0.1,600,600
1218,12,271.77,271.83,21,1,215,0,0,0,0,0,0,0,1,0,0.0666,0,900.9,0.13382,0.032811,0.13382,0.032811,0,2,0,0.0666,0,1801.8,0,2,0,0.0666,0,1801.8
1218,12,272.97,274.53,1,1,216,1,0,1.5666,0,38.3,0,0.40423,0,0.31663,0,76.599,0,0.1578,0.027862,0.15219,0.028457,0,2,0,1.5666,0,76.599,1,1,1.5666,1.5666,38.3,38.3
1218,12,276.17,276.67,15,1,217,0,1,0,0.4999,0,120.02,0,0,0,0,0,0,0.30158,0.034116,0.31546,0.033365,0,2,0,0.4999,0,240.05,0,1,0,0.4999,0,120.02
1218,12,276.7,277.2,15,1,218,0,1,0,0.5,0,120,0,0,0,0,0,0,0.30752,0.030612,0.31199,0.031712,0,2,0,0.5,0,240,0,1,0,0.5,0,120
1218,12,277.27,277.4,15,1,219,0,1,0,0.1333,0,450.11,0,0,0,0,0,0,0.34855,0.067371,0.34817,0.067039,0,2,0,0.1333,0,900.23,0,1,0,0.1333,0,450.11
1218,12,277.57,277.63,15,1,220,0,1,0,0.0666,0,900.9,0,0,0,0,0,0,0.25312,0.047887,0.25312,0.047887,0,2,0,0.0666,0,1801.8,0,1,0,0.0666,0,900.9
1218,12,278.03,278.1,15,1,221,0,1,0,0.0667,0,899.55,0,0.9995,0,0.066667,0,899.55,0.25213,0.040591,0.25213,0.040591,0,1,0,0.0667,0,899.55,0,1,0,0.0667,0,899.55
1218,12,278.3,278.4,1,1,222,1,0,0.1,0,600,0,1,0,0.1,0,600,0,0.089417,0.035603,0.08779,0.035616,0,1,0,0.1,0,600,1,1,0.1,0.1,600,600
1218,12,278.47,278.57,1,1,223,1,0,0.0999,0,600.6,0,1,0,0.0999,0,600.6,0,0.082419,0.034787,0.082419,0.034787,0,1,0,0.0999,0,600.6,1,1,0.0999,0.0999,600.6,600.6
1218,12,278.97,279.03,2,1,224,0,0,0,0,0,0,0,1,0,0.0666,0,900.9,0.08916,0.04322,0.08916,0.04322,0,1,0,0.0666,0,900.9,0,2,0,0.0666,0,1801.8
1218,12,279.33,280.3,2,1,225,0,0.55174,0,0.26668,0,124.13,0,0.96552,0,0.46668,0,124.13,0.12623,0.049702,0.12826,0.050323,0,1,0,0.9667,0,62.067,0,1.6552,0,0.80003,0,124.13
1218,12,283.63,283.73,6,1,226,0,1,0,0.1,0,600,0,1,0,0.1,0,600,0.091544,0.045123,0.091758,0.045133,0,1,0,0.1,0,600,0,1,0,0.1,0,600
1218,12,286.5,286.57,10,1,227,0,0,0,0,900.9,0,0,1,0,0.0666,0,900.9,0.17689,0.11452,0.17689,0.11452,0,2,0,0.0666,0,1801.8,0,1,0,0.0666,0,900.9
1218,12,286.63,286.87,12,1,228,0,0.99986,0,0.23327,0,257.18,0,1,0,0.2333,0,257.18,0.15673,0.08779,0.15586,0.082038,0,1.2859,0,0.15,0,514.36,0,1,0,0.2333,0,257.18
1218,12,286.93,287.17,10,1,229,0.57122,0,0.13327,0,257.18,0,0,0.85712,0,0.099983,0,514.36,0.17149,0.09235,0.1764,0.091207,0,1,0,0.2333,0,257.18,0,1,0,0.2333,0,257.18
1218,12,287.23,287.27,10,1,230,1,0,0.0333,0,1801.8,0,0,1,0,0.0333,0,1801.8,0.12628,0.064233,0.12628,0.064233,0,1,0,0.0333,0,1801.8,0,1,0,0.0333,0,1801.8
1218,12,287.3,287.57,10,1,231,0.12503,0,0.033333,0,225.06,0,0,1,0,0.2666,0,225.06,0.12288,0.061295,0.12602,0.059552,0,1,0,0.2666,0,225.06,0,1,0,0.2666,0,225.06
1218,12,288.73,288.77,10,1,232,0,1,0,0.0333,0,1801.8,0,1,0,0.0333,0,1801.8,0.086999,0.030892,0.086999,0.030892,0,1,0,0.0333,0,1801.8,0,2,0,0.0222,0,5405.4
1218,12,290.03,291.07,15,1,233,0.93555,0,0.9667,0,58.066,0,0,0.32253,0,0.33327,0,58.066,0.1569,0.041865,0.15093,0.042116,0,1,0,1.0333,0,58.066,0,2,0,1.0333,0,116.13
1218,12,291.17,291.2,15,1,234,0,1,0,0.0333,0,1801.8,0,1,0,0.0333,0,1801.8,0,0,0,0,0,1,0,0.0333,0,1801.8,0,2,0,0.0333,0,3603.6
1218,12,291.57,296.7,21,1,235,0.7013,0.26623,3.6,0.45554,11.688,35.065,0.7013,0,1.8,0,23.377,0,0.17445,0.037764,0.16224,0.036376,0,0.94805,0,4.8666,0,11.688,1,1,5.1333,5.1333,11.688,11.688
1218,12,296.83,297.07,21,1,236,1,0,0.2333,0,257.18,0,1,0,0.2333,0,257.18,0,0.14583,0.034024,0.14264,0.033884,0,0,0,0,0,0,1,1,0.2333,0.2333,257.18,257.18
1218,12,297.17,297.4,21,1,237,1,0,0.2333,0,257.18,0,1,0,0.2333,0,257.18,0,0.19461,0.032868,0.20039,0.032875,0.28576,0,0.066667,0,257.18,0,1,1,0.2333,0.2333,257.18,257.18
1218,12,297.53,300.47,21,1,238,0.69318,0,1.0166,0,40.91,0,1,0,2.9333,0,20.455,0,0.21475,0.034374,0.18721,0.033126,1.0909,0,1.5999,0,40.91,0,0.25001,1,0.73337,2.9333,20.455,20.455
1218,12,303.77,303.87,5,1,239,0,1,0,0.0999,0,600.6,0,1,0,0.0999,0,600.6,0.15016,0.073228,0.15016,0.073228,0,2,0,0.0999,0,1201.2,0,1,0,0.0999,0,600.6
1218,12,304.27,304.53,20,1,240,1,0,0.2666,0,225.06,0,1,0,0.2666,0,225.06,0,0.20928,0.095338,0.21387,0.090664,0.87509,1,0.2333,0.2666,225.06,225.06,0,1,0,0.2666,0,225.06
1218,12,304.63,304.9,20,1,241,1,0,0.2667,0,224.97,0,1,0,0.2667,0,224.97,0,0.16588,0.060704,0.1737,0.055579,0.99988,1,0.26667,0.2667,224.97,224.97,0,1,0,0.2667,0,224.97
1218,12,309.8,310,18,1,242,0,1,0,0.2,0,300,0,1,0,0.2,0,300,0.11787,0.048303,0.11728,0.048038,0,2,0,0.2,0,600,0,2,0,0.2,0,600
1218,12,310.1,310.23,21,1,243,1,0,0.1333,0,450.11,0,0.25006,0,0.033333,0,450.11,0,0.094255,0.045136,0.094922,0.044788,2,0,0.1333,0,900.23,0,0,2,0,0.1333,0,900.23
1218,12,310.6,311.03,21,1,244,0.61543,0.15378,0.26667,0.066633,138.47,138.47,0,1,0,0.4333,0,138.47,0.13702,0.049207,0.13932,0.048728,2,0,0.4333,0,276.94,0,0,2,0,0.4333,0,276.94
1218,12,311.07,311.33,21,1,245,0,1,0,0.2666,0,225.06,0,1,0,0.2666,0,225.06,0.10572,0.048214,0.1068,0.04827,2,0,0.2666,0,450.11,0,0,2,0,0.2666,0,450.11
1218,12,313.33,313.43,15,1,246,0,1,0,0.1,0,600,0,0,0,0,0,0,0.15119,0.030785,0.12502,0.030761,0,1,0,0.1,0,600,0,2,0,0.1,0,1200
1218,12,313.47,317.5,20,1,247,0.85124,0.1157,3.4333,0.23333,14.876,29.752,0.28926,0,0.58333,0,29.752,0,0.14384,0.034905,0.14027,0.034264,0.34711,1,1.4,4.0333,14.876,14.876,1,1,4.0333,4.0333,14.876,14.876
1218,12,317.77,317.87,20,1,248,0,0,0,0,0,0,1,0,0.0999,0,600.6,0,0.12293,0.051318,0.12293,0.051318,0,1,0,0.0999,0,600.6,1,1,0.0999,0.0999,600.6,600.6
1218,12,318,318.4,20,1,249,1,0,0.4,0,150,0,1,0,0.4,0,150,0,0.10264,0.039611,0.10246,0.038238,0,1,0,0.4,0,150,0.33333,1,0.13333,0.4,150,150
1218,12,319.13,319.17,20,1,250,1,0,0.0333,0,1801.8,0,1,0,0.0333,0,1801.8,0,0.10141,0.044437,0.10141,0.044437,0,1,0,0.0333,0,1801.8,0,2,0,0.0333,0,3603.6
1218,12,319.27,319.53,20,1,251,1,0,0.2666,0,225.06,0,1,0,0.2666,0,225.06,0,0.1283,0.047733,0.12952,0.047793,0,1,0,0.2666,0,225.06,0,1.1249,0,0.14995,0,450.11
1218,12,320.1,321.13,20,1,252,0,1,0,1.0333,0,58.066,0,1,0,1.0333,0,58.066,0.12364,0.038994,0.1245,0.039469,0.19355,1,0.2,1.0333,58.066,58.066,0.58063,1,0.59997,1.0333,58.066,58.066
1218,12,322.37,323.2,20,1,253,0,1,0,0.8333,0,72.003,0,0,0,0,0,0,0.11642,0.034971,0.11715,0.035194,0,1,0,0.8333,0,72.003,1,1,0.8333,0.8333,72.003,72.003
1218,12,323.63,324.57,20,1,254,0.14286,0.71435,0.13333,0.6667,64.288,64.288,0,0.71424,0,0.6666,0,64.288,0.13043,0.041543,0.13135,0.042551,0,1.8214,0,0.84995,0,128.58,0.28576,1,0.2667,0.9333,64.288,64.288
1218,12,325.57,325.8,14,1,255,0,1,0,0.2333,0,257.18,0.85712,0,0.19997,0,257.18,0,0.16165,0.042737,0.15885,0.042756,2,0,0.2333,0,514.36,0,0,1,0,0.2333,0,257.18
1218,12,327.57,327.7,14,1,256,1,0,0.1333,0,450.11,0,0,1,0,0.1333,0,450.11,0.18,0.056124,0.17943,0.053604,1,0,0.1333,0,450.11,0,0,1,0,0.1333,0,450.11
1218,12,327.87,328.3,14,1,257,1,0,0.4333,0,138.47,0,0.38464,0.61536,0.16667,0.26663,138.47,138.47,0.17611,0.057478,0.18322,0.057628,1,0,0.4333,0,138.47,0,0,1,0,0.4333,0,138.47
1218,12,328.4,329,14,1,258,1,0,0.6,0,100,0,1,0,0.6,0,100,0,0.16623,0.058986,0.17346,0.059082,1,0,0.6,0,100,0,0,1,0,0.6,0,100
1218,12,329.77,329.97,21,1,259,0,0,0,0,0,0,0.49992,0.33333,0.099933,0.066633,300.15,300.15,0.18207,0.068819,0.18096,0.068423,0,1,0,0.1999,0,300.15,0,1,0,0.1999,0,300.15
1218,12,330.03,330.77,23,1,260,0,0.68176,0,0.49993,0,81.822,0,0.54543,0,0.19998,0,163.64,0.19807,0.065494,0.19775,0.065079,0,1,0,0.7333,0,81.822,0,1,0,0.7333,0,81.822
1218,12,330.87,331.63,21,1,261,0.78263,0,0.59997,0,78.268,0,0,1,0,0.7666,0,78.268,0.20207,0.067448,0.19808,0.068786,0,0,0,0,0,0,0,1.7392,0,0.66662,0,156.54
1218,12,331.9,331.93,3,1,262,0,0,0,0,0,0,0,1,0,0.0333,0,1801.8,0.33893,0.085267,0.33893,0.085267,0,0,0,0,0,0,0,2,0,0.0333,0,3603.6
1218,12,334.97,335.73,20,1,263,0.91308,0,0.69997,0,78.268,0,0,0.60866,0,0.2333,0,156.54,0.23072,0.050507,0.23368,0.049996,1,0,0.7666,0,78.268,0,0,1,0,0.7666,0,78.268
1218,12,336.37,336.5,6,1,264,0,0,0,0,0,0,0,1,0,0.1333,0,450.11,0.24273,0.20418,0.24284,0.20532,0,1,0,0.1333,0,450.11,0,1,0,0.1333,0,450.11
1218,12,336.6,336.8,10,1,265,0,0,0,0,0,0,0,1,0,0.2,0,300,0.19762,0.093809,0.19857,0.088606,0,1,0,0.2,0,300,0,1,0,0.2,0,300
1218,12,336.97,337.43,10,1,266,0,0.85712,0,0.19997,0,257.18,0,1,0,0.4666,0,128.59,0.1142,0.040917,0.11505,0.039049,0,0,0,0,0,0,0,1,0,0.4666,0,128.59
1218,12,339.13,339.37,10,1,267,0,1,0,0.2333,0,257.18,0,0,0,0,0,0,0.090391,0.033719,0.094609,0.033075,0,0,0,0,0,0,0,1,0,0.2333,0,257.18
1218,12,340.37,340.6,2,1,268,0,1,0,0.2333,0,257.18,0,1,0,0.2333,0,257.18,0.084376,0.03937,0.084023,0.039772,0,0,0,0,0,0,0,1,0,0.2333,0,257.18
1218,12,341.03,341.07,15,1,269,0,1,0,0.0333,0,1801.8,0,1,0,0.0333,0,1801.8,0.099245,0.032424,0.099245,0.032424,0,0,0,0,0,0,0,1,0,0.0333,0,1801.8
1218,12,341.47,341.93,15,1,270,0,1,0,0.4666,0,128.59,0,1,0,0.4666,0,128.59,0.080326,0.030918,0.080352,0.030928,0,0.071367,0,0.0333,0,128.59,0,2,0,0.4666,0,257.18
1218,12,343.43,344.23,1,1,271,1,0,0.8,0,75,0,1,0,0.8,0,75,0,0.13371,0.037342,0.1318,0.037152,0,1,0,0.8,0,75,1,1,0.8,0.8,75,75
1218,12,344.27,346.6,1,1,272,0.9,0,2.1,0,25.715,0,1,0,2.3333,0,25.715,0,0.14357,0.028088,0.13586,0.029742,0,1,0,2.3333,0,25.715,1,1,2.3333,2.3333,25.715,25.715
1218,12,348.5,348.63,10,1,273,0,0,0,0,0,0,0,1,0,0.1333,0,450.11,0.10811,0.052455,0.10841,0.052783,0,1,0,0.1333,0,450.11,0,1.4999,0,0.099967,0,900.23
1218,12,348.93,348.97,10,1,274,0,1,0,0.0333,0,1801.8,0,1,0,0.0333,0,1801.8,0.11441,0.05585,0.11441,0.05585,0,1,0,0.0333,0,1801.8,0,1,0,0.0333,0,1801.8
1218,12,349.3,349.53,10,1,275,0,0,0,0,0,0,0.57137,0.14288,0.1333,0.033333,257.18,257.18,0.1139,0.046777,0.11316,0.046542,0,1,0,0.2333,0,257.18,0,1,0,0.2333,0,257.18
1218,12,350.83,350.9,10,1,276,0,0,0,0,0,0,0,1,0,0.0667,0,899.55,0.18155,0.071998,0.18155,0.071998,0,1,0,0.0667,0,899.55,1,1,0.0667,0.0667,899.55,899.55
1218,12,350.93,353.23,10,1,277,0.4058,0.52172,0.93333,1.2,26.087,26.087,0,0.49277,0,1.1334,0,26.087,0.26411,0.049313,0.26695,0.047266,0,1,0,2.3,0,26.087,1,1,2.3,2.3,26.087,26.087
1218,12,353.67,354.07,15,1,278,0,1,0,0.3999,0,150.04,0,0,0,0,0,0,0.18999,0.055008,0.18818,0.055463,0,1,0,0.3999,0,150.04,0,2,0,0.3999,0,300.08
1218,12,354.17,354.4,1,1,279,1,0,0.2333,0,257.18,0,0,0,0,0,0,0,0.1723,0.043323,0.17254,0.043298,0,1,0,0.2333,0,257.18,1,1,0.2333,0.2333,257.18,257.18
1218,12,354.73,355.23,15,1,280,0,1,0,0.5,0,120,0,0.93327,0,0.46663,0,120,0.30395,0.063499,0.30869,0.064314,0,1,0,0.5,0,120,0.86673,1,0.43337,0.5,120,120
1218,12,357.83,358.07,15,1,281,0,1,0,0.2333,0,257.18,0,0,0,0,0,0,0.27221,0.04417,0.28704,0.044788,0.42835,0,0.099933,0,257.18,0,0,1,0,0.2333,0,257.18
1218,12,358.6,358.77,15,1,282,0,1,0,0.1666,0,360.14,0,0,0,0,0,0,0.33022,0.045422,0.32853,0.045717,1,0,0.1666,0,360.14,0,0,1,0,0.1666,0,360.14
1218,12,359.43,359.73,1,1,283,1,0,0.3,0,200,0,0,1,0,0.3,0,200,0.18728,0.032909,0.16727,0.032818,0,1,0,0.3,0,200,0,0.99989,0,0.29997,0,200
1218,12,360.3,360.33,10,1,284,0,1,0,0.0333,0,1801.8,0,1,0,0.0333,0,1801.8,0.11572,0.036132,0.11572,0.036132,0,1,0,0.0333,0,1801.8,0,1,0,0.0333,0,1801.8
1218,12,360.4,360.47,15,1,285,0,1,0,0.0666,0,900.9,0,1,0,0.0666,0,900.9,0.1245,0.038582,0.1245,0.038582,1,0,0.0666,0,900.9,0,0,1,0,0.0666,0,900.9
1218,12,360.5,360.8,21,1,286,0,1,0,0.3,0,200,0,0.66667,0,0.1,0,400,0.35715,0.036766,0.35372,0.037937,0,1,0,0.3,0,200,0,1,0,0.3,0,200
1218,12,360.97,361,15,1,287,0,1,0,0.0333,0,1801.8,0,1,0,0.0333,0,1801.8,0,0,0,0,1,0,0.0333,0,1801.8,0,0,1,0,0.0333,0,1801.8
1218,12,361.17,361.4,1,1,288,1,0,0.2333,0,257.18,0,0,0,0,0,0,0,0.17087,0.038304,0.15317,0.039418,0,1,0,0.2333,0,257.18,0,1,0,0.2333,0,257.18
1218,12,361.47,361.77,15,1,289,0,1,0,0.2999,0,200.07,0,0.11093,0,0.033267,0,200.07,0.19513,0.04515,0.19184,0.043721,1,0,0.2999,0,200.07,0,0,1,0,0.2999,0,200.07
1218,12,362.17,362.27,1,1,290,1,0,0.0999,0,600.6,0,0,0.66667,0,0.0666,0,600.6,0.17999,0.034931,0.17999,0.034931,0,1,0,0.0999,0,600.6,0,1,0,0.0999,0,600.6
1218,12,362.5,362.57,10,1,291,0,1,0,0.0666,0,900.9,0,1,0,0.0666,0,900.9,0.086224,0.03193,0.086224,0.03193,0,2,0,0.0666,0,1801.8,0,1,0,0.0666,0,900.9
1218,12,364.3,364.37,1,1,292,0,1,0,0.0666,0,900.9,1,0,0.0666,0,900.9,0,0.2064,0.061481,0.2064,0.061481,0,2,0,0.0666,0,1801.8,0,1,0,0.0666,0,900.9
1218,12,364.4,364.63,15,1,293,0,0.42863,0,0.1,0,257.18,0,1,0,0.2333,0,257.18,0.2061,0.063918,0.20671,0.061334,2,0,0.2333,0,514.36,0,0,1,0,0.2333,0,257.18
1218,12,364.73,365.53,15,1,294,0,0.87496,0,0.69997,0,75,0,1,0,0.8,0,75,0.33209,0.058125,0.33998,0.058848,1.125,0,0.45002,0,150,0,0,1,0,0.8,0,75
1218,12,365.53,365.63,1,1,295,1,0,0.1,0,600,0,1,0,0.1,0,600,0,0.31838,0.051448,0.31966,0.051265,0,1.333,0,0.06665,0,1200,0,1,0,0.1,0,600
1218,12,365.63,365.97,21,1,296,0,1,0,0.3333,0,180.02,0,1,0,0.3333,0,180.02,0.42303,0.060938,0.36038,0.04954,0,2,0,0.3333,0,360.04,0,1,0,0.3333,0,180.02
1218,12,365.97,366.03,20,1,297,0,1,0,0.0666,0,900.9,0,1,0,0.0666,0,900.9,0.1495,0.033318,0.1495,0.033318,0,2,0,0.0666,0,1801.8,0,1,0,0.0666,0,900.9
1218,12,368.93,369.03,20,1,298,0,1,0,0.1,0,600,0,1,0,0.1,0,600,0.12026,0.060758,0.12003,0.060866,0,1.3337,0,0.066683,0,1200,0,1,0,0.1,0,600
1218,12,369.67,370.2,22,1,299,0,1,0,0.5333,0,112.51,0,0.62498,0,0.3333,0,112.51,0.13949,0.045084,0.14228,0.044978,2,0,0.5333,0,225.01,0,0,1,0,0.5333,0,112.51
1218,12,371.23,371.4,22,1,300,0,1,0,0.1667,0,359.93,0,0.20016,0,0.033367,0,359.93,0.12137,0.052293,0.12153,0.052202,2,0,0.1667,0,719.86,0,0,1,0,0.08335,0,719.86
1218,12,371.6,371.9,22,1,301,0,1,0,0.3,0,200,0,1,0,0.3,0,200,0.16232,0.060124,0.16373,0.060453,1.4444,0,0.21667,0,400,0,0,1,0,0.3,0,200
1218,12,372.03,372.1,10,1,302,0,0.00049975,0,1.6667e-05,0,1799.1,0,1,0,0.0667,0,899.55,0.14932,0.058552,0.14932,0.058552,0,1,0,0.0667,0,899.55,0,1,0,0.0667,0,899.55
1218,12,374.03,374.2,22,1,303,0.9998,0,0.16667,0,359.93,0,0,1,0,0.1667,0,359.93,0.20417,0.042494,0.19852,0.04319,1,0,0.1667,0,359.93,0,0,1.0002,0,0.083367,0,719.86
1218,12,374.33,374.37,20,1,304,0,1,0,0.0333,0,1801.8,0,1,0,0.0333,0,1801.8,0.10187,0.042913,0.10187,0.042913,0,1,0,0.0333,0,1801.8,0,1,0,0.0333,0,1801.8
1218,12,374.4,374.47,20,1,305,0,1,0,0.0666,0,900.9,0,1,0,0.0666,0,900.9,0.10437,0.040963,0.10437,0.040963,0,1,0,0.0666,0,900.9,0,1,0,0.0666,0,900.9
1218,12,374.5,374.57,20,1,306,0,0,0,0,0,900.9,0,1,0,0.0666,0,900.9,0.105,0.042902,0.105,0.042902,0,1,0,0.0666,0,900.9,0,1,0,0.0666,0,900.9
1218,12,374.73,375.03,20,1,307,0,1,0,0.3,0,200,0,1,0,0.3,0,200,0.0996,0.041126,0.099398,0.041498,0,1,0,0.3,0,200,0,1,0,0.3,0,200
1218,12,375.2,375.93,20,1,308,0,1,0,0.7333,0,81.822,0,1,0,0.7333,0,81.822,0.08793,0.034778,0.088011,0.032899,0,1,0,0.7333,0,81.822,0,2,0,0.7333,0,163.64
1218,12,379.03,379.07,22,1,309,0,1,0,0.0333,0,1801.8,0,1,0,0.0333,0,1801.8,0.10394,0.03758,0.10394,0.03758,1.001,0,0.016667,0,3603.6,0,0,2,0,0.0333,0,3603.6
1218,12,379.23,379.53,22,1,310,0,1,0,0.3,0,200,1,0,0.3,0,200,0,0.15321,0.03877,0.16338,0.038198,1,0,0.3,0,200,0,0,2,0,0.3,0,400
1218,12,380.23,380.27,15,1,311,0,1,0,0.0333,0,1801.8,0,0,0,0,0,0,0.1001,0.043761,0.1001,0.043761,0,1,0,0.0333,0,1801.8,0,2,0,0.0333,0,3603.6
1218,12,380.7,380.87,20,1,312,0,0,0,0,0,0,0,1,0,0.1666,0,360.14,0.16867,0.056554,0.17488,0.055957,0,2,0,0.1666,0,720.29,0,2,0,0.1666,0,720.29
1218,12,381.33,381.47,20,1,313,0,0,0,0,0,0,0,1,0,0.1333,0,450.11,0.13913,0.053199,0.13948,0.053467,0,2,0,0.1333,0,900.23,0,2,0,0.1333,0,900.23
1218,12,382.17,382.47,22,1,314,0,1,0,0.2999,0,200.07,1,0,0.2999,0,200.07,0,0.10459,0.037015,0.10472,0.036962,2,0,0.2999,0,400.13,0,0,2,0,0.2999,0,400.13
1218,12,383.2,383.47,22,1,315,0,1,0,0.2666,0,225.06,0,0,0,0,0,0,0.11553,0.04273,0.11788,0.04311,2,0,0.2666,0,450.11,0,0,2,0,0.2666,0,450.11
1218,12,384.07,384.13,15,1,316,0,1,0,0.0666,0,900.9,0,1,0,0.0666,0,900.9,0.13635,0.042518,0.13635,0.042518,0,2,0,0.0666,0,1801.8,0,2,0,0.0666,0,1801.8
1218,12,384.13,384.37,1,1,317,1,0,0.2333,0,257.18,0,0,1,0,0.2333,0,257.18,0.092341,0.039304,0.092637,0.039718,0,2,0,0.2333,0,514.36,0,2,0,0.2333,0,514.36
1218,12,384.93,385.43,15,1,318,0,1,0,0.5,0,120,0,1,0,0.5,0,120,0.084839,0.037555,0.085378,0.037531,0,2,0,0.5,0,240,0,2,0,0.5,0,240
1218,12,391.03,391.23,20,1,319,0,1,0,0.2,0,300,0,1,0,0.2,0,300,0.10308,0.044832,0.10289,0.044866,0,0,0,0,0,0,0,2,0,0.2,0,600
1218,12,391.83,392.47,15,1,320,0,0.42107,0,0.26667,0,94.742,0,0.57887,0,0.3666,0,94.742,0.18252,0.064295,0.19221,0.060249,0,0.57887,0,0.3666,0,94.742,0,2,0,0.6333,0,189.48
1218,12,392.53,392.87,20,1,321,0,0,0,0,0,0,0,0.70017,0,0.23337,0,180.02,0.17317,0.069089,0.17406,0.062437,0,1,0,0.3333,0,180.02,0,2,0,0.3333,0,360.04
1218,12,392.97,393.63,23,1,322,0.75008,0,0.5,0,90.009,0,0,0.94999,0,0.31663,0,180.02,0.18606,0.0576,0.19729,0.058964,0,0.70002,0,0.46663,0,90.009,0,2,0,0.6666,0,180.02
1218,12,393.63,393.67,16,1,323,0,0,0,0,0,0,0,1,0,0.0333,0,1801.8,0.087598,0.040002,0.087598,0.040002,0,0,0,0,0,0,0,2,0,0.0333,0,3603.6
1218,12,393.93,394.07,4,1,324,0,0,0,0,0,0,0,1,0,0.1333,0,450.11,0.11147,0.050994,0.11182,0.050494,0,0.99975,0,0.13327,0,450.11,0,2,0,0.1333,0,900.23
1218,12,394.4,399.67,22,1,325,0.42404,0.20886,0.74442,0.55,34.178,22.785,0.37341,0,0.65553,0,34.178,0,0.17824,0.04263,0.17513,0.041107,0,0.63925,0,3.3667,0,11.393,1,1,5.2666,5.2666,11.393,11.393
1218,12,402.63,402.67,15,1,326,0,0,0,0,0,0,0,1,0,0.0333,0,1801.8,0.1,0.033157,0.1,0.033157,0,0,0,0,0,0,0,0.999,0,0.033267,0,1801.8
1218,12,402.93,403.37,20,1,327,0,0.99992,0,0.43327,0,138.47,0,0.76921,0,0.16665,0,276.94,0.10485,0.039401,0.10469,0.038501,0,0,0,0,0,0,0,2,0,0.4333,0,276.94
1218,12,404.27,404.6,1,1,328,0,1,0,0.3333,0,180.02,0,1,0,0.3333,0,180.02,0.15846,0.036391,0.15899,0.036337,0,0,0,0,0,0,1,1,0.3333,0.3333,180.02,180.02
1218,12,404.63,405,1,1,329,0,1,0,0.3667,0,163.62,0,1,0,0.3667,0,163.62,0.14728,0.03479,0.14251,0.034761,0,0,0,0,0,0,1,1,0.3667,0.3667,163.62,163.62
1218,12,405.23,406.1,20,1,330,0,0.57694,0,0.25002,0,138.46,0,0.96154,0,0.83337,0,69.228,0.088808,0.033703,0.089066,0.032846,0,0,0,0,0,0,0,1.7308,0,0.75003,0,138.46
1218,12,406.63,406.8,1,1,331,0.00019996,0.79984,3.3333e-05,0.13333,359.93,359.93,0,0.40012,0,0.0667,0,359.93,0.092441,0.035002,0.091536,0.034966,0,0,0,0,0,0,1,1,0.1667,0.1667,359.93,359.93
1218,12,407.9,407.93,20,1,332,0,0,0,0,0,0,0,1,0,0.0333,0,1801.8,0.079215,0.03989,0.079215,0.03989,0,0,0,0,0,0,0,2,0,0.0333,0,3603.6
1218,12,408.13,408.27,20,1,333,0,0.75044,0,0.10003,0,450.11,0,1,0,0.1333,0,450.11,0.10114,0.048375,0.099105,0.048191,0,0,0,0,0,0,0,2,0,0.1333,0,900.23
1218,12,408.47,408.97,20,1,334,0,0.13323,0,0.0666,0,120.02,0,0.40001,0,0.19997,0,120.02,0.16727,0.056312,0.17146,0.057323,0,1,0,0.4999,0,120.02,0,2,0,0.4999,0,240.05
1218,12,409,409.07,20,1,335,0,1,0,0.0666,0,900.9,0,0,0,0,0,0,0.1036,0.043027,0.1036,0.043027,0,1,0,0.0666,0,900.9,0,2,0,0.0666,0,1801.8
1218,12,409.33,411.2,22,1,336,0,0.60715,0,1.1334,0,32.142,0,0.71427,0,1.3333,0,32.142,0.11628,0.032601,0.11437,0.033031,1,0,1.8667,0,32.142,0,0,1.2679,0,1.1834,0,64.285
1218,12,412.63,412.77,22,1,337,0,0,0,0,0,0,0,1,0,0.1333,0,450.11,0.16445,0.037283,0.16074,0.037095,1,1,0.1333,0.1333,450.11,450.11,0,1,0,0.1333,0,450.11
1218,12,417.27,417.5,1,1,338,1,0,0.2333,0,257.18,0,1,0,0.2333,0,257.18,0,0.41332,0.061065,0.41253,0.059301,1,1,0.2333,0.2333,257.18,257.18,0,1,0,0.2333,0,257.18
1218,12,417.53,417.77,15,1,339,0,1,0,0.2333,0,257.18,0,1,0,0.2333,0,257.18,0.42788,0.060421,0.43843,0.060174,1,1,0.2333,0.2333,257.18,257.18,0,1,0,0.2333,0,257.18
1218,12,417.8,418.17,1,1,340,1,0,0.3666,0,163.67,0,1,0,0.3666,0,163.67,0,0.37367,0.058569,0.3746,0.058806,1,1,0.3666,0.3666,163.67,163.67,0,1,0,0.3666,0,163.67
1218,12,418.87,419.93,1,1,341,0,0.62501,0,0.66663,0,56.254,1,0,1.0666,0,56.254,0,0.31442,0.036557,0.3106,0.039213,1,1,1.0666,1.0666,56.254,56.254,0,1.1562,0,0.61662,0,112.51
1218,12,419.93,420.17,20,1,342,0,1,0,0.2333,0,257.18,0,1,0,0.2333,0,257.18,0.085439,0.031532,0.085417,0.031609,0,2,0,0.2333,0,514.36,0,1,0,0.2333,0,257.18
1218,12,420.17,420.53,15,1,343,1,0,0.3666,0,163.67,0,0,1,0,0.3666,0,163.67,0.4298,0.03509,0.43322,0.035261,1,1,0.3666,0.3666,163.67,163.67,0,1,0,0.3666,0,163.67
1218,12,420.53,420.6,20,1,344,0,1,0,0.0667,0,899.55,0,1,0,0.0667,0,899.55,0.070488,0.027737,0.070488,0.027737,0,2,0,0.0667,0,1799.1,0,1,0,0.0667,0,899.55
1218,12,420.67,420.7,1,1,345,0,1,0,0.0333,0,1801.8,1,0,0.0333,0,1801.8,0,0,0,0,0,1,1,0.0333,0.0333,1801.8,1801.8,0,1,0,0.0333,0,1801.8
1218,12,420.77,420.83,20,1,346,0,1,0,0.0666,0,900.9,0,1,0,0.0666,0,900.9,0.068656,0.030018,0.068656,0.030018,0,2,0,0.0666,0,1801.8,0,1.5,0,0.04995,0,1801.8
1218,12,421.1,421.33,1,1,347,0,1,0,0.2333,0,257.18,1,0,0.2333,0,257.18,0,0.38787,0.032501,0.38707,0.031782,1,1,0.2333,0.2333,257.18,257.18,1,1,0.2333,0.2333,257.18,257.18
1218,12,421.63,422,1,1,348,0,1,0,0.3667,0,163.62,1,0,0.3667,0,163.62,0,0.53464,0.03379,0.5379,0.034137,1,1,0.3667,0.3667,163.62,163.62,1,0.99991,0.3667,0.36667,163.62,163.62
1218,12,422.03,423.57,15,1,349,0.71743,0.23909,1.1,0.3666,39.131,39.131,0,0.86956,0,0.44443,0,117.39,0.33813,0.059418,0.34882,0.050278,1,1,1.5333,1.5333,39.131,39.131,0.80439,1,1.2334,1.5333,39.131,39.131
1218,12,424.57,424.6,15,1,350,0,1,0,0.0333,0,1801.8,0,1,0,0.0333,0,1801.8,0,0,0,0,1,1,0.0333,0.0333,1801.8,1801.8,0,1,0,0.0333,0,1801.8
1218,12,424.67,425.77,15,1,351,0,0.87884,0,0.96663,0,54.55,0,0.75761,0,0.41665,0,109.1,0.1651,0.041599,0.16561,0.041369,1,1,1.0999,1.0999,54.55,54.55,0,1.5757,0,0.57772,0,163.65
1218,12,425.87,426.07,12,1,352,0,0,0,0,0,0,0,1,0,0.1999,0,300.15,0.099476,0.040787,0.099678,0.041015,0,2,0,0.1999,0,600.3,0,2,0,0.1999,0,600.3
1218,12,426.2,426.23,12,1,353,0,0,0,0,0,0,0,1,0,0.0333,0,1801.8,0.090645,0.039564,0.090645,0.039564,0,1,0,0.0333,0,1801.8,0,1,0,0.0333,0,1801.8
1218,12,426.8,426.93,1,1,354,0,1,0,0.1333,0,450.11,0,1,0,0.1333,0,450.11,0.13712,0.055377,0.13761,0.055512,0,1,0,0.1333,0,450.11,0,2,0,0.1333,0,900.23
1218,12,427.27,427.5,21,1,355,0,0,0,0,0,0,0,1,0,0.2333,0,257.18,0.15466,0.066811,0.15518,0.067032,0,1,0,0.2333,0,257.18,0,1.2856,0,0.14997,0,514.36
1218,12,429.17,429.63,15,1,356,0,0.50007,0,0.23333,0,128.59,0.42856,0.5,0.19997,0.2333,128.59,128.59,0.13472,0.052545,0.13535,0.059135,1,0,0.4666,0,128.59,0,0,2,0,0.4666,0,257.18
1218,12,429.83,430.07,15,1,357,1,0,0.2333,0,257.18,0,1,0,0.2333,0,257.18,0,0.1716,0.070156,0.17266,0.070815,0.57165,0,0.13337,0,257.18,0,0,2,0,0.2333,0,514.36
1218,12,430.27,430.3,15,1,358,1,0,0.0333,0,1801.8,0,1,0,0.0333,0,1801.8,0,0,0,0,0,0,0,0,0,0,0,0,2,0,0.0333,0,3603.6
1218,12,433.03,433.07,8,1,359,0,0,0,0,0,0,1,0,0.0333,0,1801.8,0,0.10012,0.041728,0.10012,0.041728,0,1,0,0.0333,0,1801.8,1,1,0.0333,0.0333,1801.8,1801.8
1218,12,433.13,433.4,8,1,360,0.74991,0,0.2,0,224.97,0,1,0,0.2667,0,224.97,0,0.10569,0.038849,0.10558,0.038055,0,1,0,0.2667,0,224.97,1,1,0.2667,0.2667,224.97,224.97
1218,12,433.67,433.93,8,1,361,1,0,0.2666,0,225.06,0,1,0,0.2666,0,225.06,0,0.086495,0.037998,0.085957,0.037948,0,1,0,0.2666,0,225.06,1,1,0.2666,0.2666,225.06,225.06
1218,12,434.1,434.27,8,1,362,1,0,0.1666,0,360.14,0,1,0,0.1666,0,360.14,0,0.086602,0.031459,0.087988,0.031383,0,1,0,0.1666,0,360.14,1,1,0.1666,0.1666,360.14,360.14
1218,12,434.43,434.57,8,1,363,0.75044,0,0.10003,0,450.11,0,1,0,0.1333,0,450.11,0,0.088993,0.033025,0.090251,0.032839,0,1,0,0.1333,0,450.11,1,1,0.1333,0.1333,450.11,450.11
1218,12,435.13,435.37,15,1,364,0.28547,0,0.0666,0,257.18,0,0,0.42878,0,0.10003,0,257.18,0.21264,0.10624,0.21916,0.12309,0.57122,0.99986,0.13327,0.23327,257.18,257.18,0,2,0,0.2333,0,514.36
1218,12,435.4,435.7,15,1,365,1,0,0.3,0,200,0,0,0,0,0,0,0,0.23705,0.1023,0.24044,0.10794,1,1,0.3,0.3,200,200,0,2,0,0.3,0,400
1218,12,436.27,436.53,15,1,366,1,0,0.2666,0,225.06,0,0,0.75006,0,0.19997,0,225.06,0.19163,0,0.19575,0,1,1,0.2666,0.2666,225.06,225.06,0,2,0,0.17773,0,675.17
1218,12,436.57,436.67,5,1,367,0,0,0,0,0,0,0,0.667,0,0.066633,0,600.6,0.15171,0.036668,0.15171,0.036668,0,2,0,0.0999,0,1201.2,0,2,0,0.0999,0,1201.2
1218,12,436.73,437,1,1,368,0,0.62492,0,0.16667,0,224.97,0,1,0,0.2667,0,224.97,0.27891,0.086443,0.27646,0.087971,0,2,0,0.2667,0,449.94,0,2,0,0.2667,0,449.94
1218,12,437.43,438.07,16,1,369,0,0,0,0,0,0,1,0,0.6333,0,94.742,0,0.16896,0.050327,0.16857,0.054011,0,1.6841,0,0.53328,0,189.48,0.94731,1,0.59993,0.6333,94.742,94.742
1218,12,438.07,438.2,10,1,370,0,0,0,0,0,0,0,1,0,0.1333,0,450.11,0.13779,0.055175,0.13798,0.054976,0,2,0,0.1333,0,900.23,1,1,0.1333,0.1333,450.11,450.11
1218,12,438.5,439.7,16,1,371,0.27778,0,0.33333,0,50,0,0,0.97222,0,1.1667,0,50,0.27972,0.034133,0.27648,0.031292,0,2,0,1.2,0,100,1,1,1.2,1.2,50,50
1218,12,439.8,443.8,15,1,372,0.058333,0.83333,0.23333,3.3333,15,15,0.175,0.79167,0.35,3.1667,30,15,0.36971,0.053946,0.3766,0.052018,2,0,4,0,30,0,0,2,0,4,0,30
1218,12,448.57,448.6,21,1,373,0,1,0,0.0333,0,1801.8,0,0,0,0,0,0,0,0,0,0,0,1,0,0.0333,0,1801.8,0,1,0,0.0333,0,1801.8
1218,12,448.73,452,15,1,374,0.92857,0,3.0334,0,18.367,0,0.69387,0.13265,1.1333,0.43333,36.734,18.367,0.37565,0.046872,0.36192,0.045656,1.8673,0,1.525,0,73.469,0,0,1.102,0,1.8,0,36.734
1218,12,453,453.23,15,1,375,0,1,0,0.2333,0,257.18,1,0,0.2333,0,257.18,0,0.22557,0.042677,0.22751,0.043129,2,0,0.2333,0,514.36,0,0,1,0,0.2333,0,257.18
1218,12,453.3,454.5,15,1,376,0,1,0,1.2,0,50,0.58333,0.41667,0.7,0.5,50,50,0.39007,0.056188,0.42531,0.057191,2,0,1.2,0,100,0,0,1,0,1.2,0,50
1218,12,454.87,456.77,15,1,377,0,1,0,1.8999,0,31.581,0,1,0,1.8999,0,31.581,0.47471,0.043904,0.48292,0.034899,1.2807,0.33332,1.2166,0.63327,63.161,31.581,0,1,0,1.8999,0,31.581
1218,12,482.17,482.8,21,1,378,0.57893,0,0.36663,0,94.742,0,0,0.89473,0,0.28332,0,189.48,0.15331,0.065768,0.15143,0.065425,0,2,0,0.6333,0,189.48,0,1,0,0.6333,0,94.742
1218,12,483.07,483.17,16,1,379,0,0.66667,0,0.0666,0,600.6,1,0,0.0999,0,600.6,0,0.13212,0.073332,0.13212,0.073332,2,0,0.0999,0,1201.2,0,0,1,0,0.0999,0,600.6
1218,12,484.8,484.97,16,1,380,0.59984,0,0.099933,0,360.14,0,0,0.19968,0,0.033267,0,360.14,0.17918,0.046025,0.17427,0.047064,2,0,0.1666,0,720.29,0,0,1,0,0.1666,0,360.14
1218,12,485.03,485.17,3,1,381,0,1,0,0.1333,0,450.11,0,1,0,0.1333,0,450.11,0.25557,0.061259,0.2576,0.061832,0,2,0,0.1333,0,900.23,0,1,0,0.1333,0,450.11
1218,12,485.27,485.3,16,1,382,1,0,0.0333,0,1801.8,0,0,1,0,0.0333,0,1801.8,0,0,0,0,2,0,0.0333,0,3603.6,0,0,1,0,0.0333,0,1801.8
1218,12,485.4,485.53,16,1,383,1,0,0.1333,0,450.11,0,0,1,0,0.1333,0,450.11,0.25285,0.049404,0.25669,0.050399,2,0,0.1333,0,900.23,0,0,1,0,0.1333,0,450.11
1218,12,486.33,490.93,16,1,384,0.75362,0.21015,1.7333,0.48335,26.087,26.087,0.71738,7.2464e-06,1.65,3.3333e-05,26.087,13.043,0.2301,0.050421,0.22508,0.042069,1,0.10145,4.6,0.46667,13.043,13.043,0,1,0,4.6,0,13.043
1218,12,490.97,491.83,16,1,385,1,0,0.8666,0,69.236,0,1,0,0.8666,0,69.236,0,0.26795,0.047466,0.26314,0.042756,1,0,0.8666,0,69.236,0,0,1,0,0.8666,0,69.236
1218,12,492.43,492.57,20,1,386,1,0,0.1333,0,450.11,0,0,0,0,0,0,0,0.10142,0.048435,0.10198,0.048372,0,1.2496,0,0.083283,0,900.23,0,1,0,0.1333,0,450.11
1218,12,494.63,494.77,20,1,387,0,1,0,0.1333,0,450.11,0,0.99975,0,0.13327,0,450.11,0.12358,0.058976,0.12438,0.059023,0,2,0,0.1333,0,900.23,0,1,0,0.1333,0,450.11
1218,12,497.17,499.6,16,1,388,0.58904,0.36987,1.4333,0.9,24.658,24.658,1,0,2.4333,0,24.658,0,0.2209,0.052691,0.20698,0.050998,1,0,2.4333,0,24.658,0,0,1,0,2.4333,0,24.658
1218,12,499.6,499.63,21,1,389,0,0,0,0,0,0,0,1,0,0.0333,0,1801.8,0.25418,0.123,0.25418,0.123,0,1,0,0.0333,0,1801.8,0,1,0,0.0333,0,1801.8
1218,12,499.67,499.83,21,1,390,0,0,0,0,0,0,0,1,0,0.1666,0,360.14,0.19795,0.10726,0.19875,0.10679,0,1,0,0.1666,0,360.14,0,1,0,0.1666,0,360.14
1218,12,500.1,500.13,16,1,391,0,0,0,0,0,0,0,1,0,0.0333,0,1801.8,0.14515,0.050537,0.14515,0.050537,1,0,0.0333,0,1801.8,0,0,1,0,0.0333,0,1801.8
1218,12,500.17,500.47,15,1,392,0,0,0,0,0,0,0,0.66656,0,0.09995,0,400.13,0.1457,0.061275,0.14526,0.054451,0,1,0,0.2999,0,200.07,0,1,0,0.2999,0,200.07
1218,12,500.8,501.33,16,1,393,0.68754,0,0.36667,0,112.51,0,0,1,0,0.5333,0,112.51,0.23852,0.10537,0.23773,0.10503,1,0,0.5333,0,112.51,0,0,1,0,0.5333,0,112.51
1218,12,503.43,503.53,20,1,394,0,0,0,0,0,0,0,1,0,0.1,0,600,0.11939,0.050953,0.12152,0.051763,0,0,0,0,0,0,0,1,0,0.1,0,600
1218,12,503.63,504.17,21,1,395,0,0,0,0,0,0,0,1,0,0.5333,0,112.51,0.21187,0.063013,0.22244,0.061836,0,0,0,0,0,0,0,1,0,0.5333,0,112.51
1218,12,504.23,506.47,23,1,396,0,0.40299,0,0.9,0,26.866,0,0.23882,0,0.53337,0,26.866,0.23625,0.061437,0.22492,0.057366,0,0,0,0,0,0,0,1,0,2.2333,0,26.866
1218,12,506.5,506.6,23,1,397,0,0,0,0,0,0,0,0,0,0,0,0,0.20601,0.026176,0.20838,0.025594,0,0,0,0,0,0,0,1,0,0.1,0,600
1218,12,506.63,506.77,23,1,398,0,0,0,0,0,0,0,0,0,0,0,0,0.17286,0.055682,0.17183,0.055771,0,0,0,0,0,0,0,1,0,0.1333,0,450.11
1218,12,506.77,506.8,21,1,399,0,0,0,0,0,0,0,0,0,0,0,0,0,0,0,0,0,0,0,0,0,0,0,1,0,0.0333,0,1801.8
1218,12,506.8,507.1,23,1,400,0,0,0,0,0,0,0,0,0,0,0,0,0.20004,0.066696,0.20556,0.066619,0,0,0,0,0,0,0,1.5556,0,0.23333,0,400
1218,12,507.1,507.13,21,1,401,0,0,0,0,0,0,0,0,0,0,0,0,0.11318,0.036838,0.11318,0.036838,0,0,0,0,0,0,0,2,0,0.0333,0,3603.6
1218,12,507.17,507.23,23,1,402,0,0,0,0,0,0,0,0,0,0,0,0,0.20949,0.048587,0.20949,0.048587,0,0,0,0,0,0,0,2,0,0.0666,0,1801.8
1218,12,507.23,507.27,14,1,403,0,0,0,0,0,0,0,0,0,0,0,0,0.073428,0,0.073428,0,0,0,0,0,0,0,1,1,0.0333,0.0333,1801.8,1801.8
1218,12,507.27,508.03,23,1,404,0,0.34786,0,0.26667,0,78.268,0,0,0,0,0,0,0.14601,0.063847,0.15375,0.05402,0,0,0,0,0,0,0,2,0,0.7666,0,156.54
1218,12,508.77,508.93,23,1,405,0,0,0,0,0,0,0,1,0,0.1666,0,360.14,0.16106,0.039691,0.16343,0.037266,0,0,0,0,0,0,0,2,0,0.1666,0,720.29
1218,12,508.93,509,18,1,406,0,0,0,0,0,0,0,1,0,0.0667,0,899.55,0.17898,0.059633,0.17898,0.059633,0,0,0,0,0,0,0,2,0,0.0667,0,1799.1
1218,12,509.07,509.1,14,1,407,0,0,0,0,0,0,1,0,0.0333,0,1801.8,0,0,0,0,0,0,0,0,0,0,0,1,1,0.0333,0.0333,1801.8,1801.8
1218,12,510.9,510.93,18,1,408,0,1,0,0.0333,0,1801.8,0,1,0,0.0333,0,1801.8,0.15823,0.056368,0.15823,0.056368,0,0,0,0,0,0,0,2,0,0.0333,0,3603.6
1218,12,511.03,511.53,14,1,409,0,1,0,0.5,0,120,1,0,0.5,0,120,0,0.20142,0.058536,0.2082,0.058732,0,0,0,0,0,0,1,1,0.5,0.5,120,120
1218,12,511.57,513.33,21,1,410,0,1,0,1.7666,0,33.964,0,0.20752,0,0.1833,0,67.927,0.16848,0.057312,0.16549,0.05434,0,0,0,0,0,0,0,2,0,1.7666,0,67.927
1218,12,513.4,514.27,14,1,411,0.19225,0.76929,0.1666,0.66667,69.236,69.236,1,0,0.8666,0,69.236,0,0.25174,0.082182,0.2514,0.075286,0.038388,0,0.033267,0,69.236,0,1,1,0.8666,0.8666,69.236,69.236
1218,12,514.4,514.47,21,1,412,0,1,0,0.0666,0,900.9,0,1,0,0.0666,0,900.9,0.14355,0.058692,0.14355,0.058692,0,1,0,0.0666,0,900.9,0,2,0,0.0666,0,1801.8
1218,12,515,515.73,14,1,413,1,0,0.7333,0,81.822,0,1,0,0.7333,0,81.822,0,0.36658,0.061495,0.3747,0.054838,1.5454,0,0.56663,0,163.64,0,0,2,0,0.7333,0,163.64
1218,12,515.77,516.5,14,1,414,1,0,0.7333,0,81.822,0,0.77272,0.090913,0.56663,0.066667,81.822,81.822,0.39683,0.056652,0.3906,0.055606,1.7727,0,0.43331,0,245.47,0,0,1.9091,0,0.69997,0,163.64
1218,12,516.53,517.43,14,1,415,1,0,0.9,0,66.667,0,0.18515,0.6667,0.16663,0.60003,66.667,66.667,0.24575,0.053399,0.21419,0.05096,1.1111,0,0.50002,0,133.33,0,0,1.7407,0,0.78332,0,133.33
1218,12,517.5,518.47,20,1,416,0,1,0,0.9666,0,62.073,0,1,0,0.9666,0,62.073,0.11774,0.042508,0.11953,0.04178,0,1,0,0.9666,0,62.073,0,1.7931,0,0.57773,0,186.22
1218,12,518.57,518.93,20,1,417,0,0,0,0,0,0,0,1,0,0.3666,0,163.67,0.11807,0.051469,0.1191,0.051514,0,1,0,0.3666,0,163.67,0,2,0,0.3666,0,327.33
1218,12,518.93,518.97,14,1,418,0,0,0,0,0,0,1,0,0.0333,0,1801.8,0,0.16294,0.060265,0.16294,0.060265,1,0,0.0333,0,1801.8,0,0,2,0,0.0333,0,3603.6
1218,12,518.97,519.4,20,1,419,0,0.38464,0,0.16667,0,138.47,0,1,0,0.4333,0,138.47,0.12048,0.045208,0.1207,0.045126,0,1,0,0.4333,0,138.47,0,2,0,0.4333,0,276.94
1218,12,519.43,519.47,20,1,420,0,1,0,0.0333,0,1801.8,0,1,0,0.0333,0,1801.8,0.11333,0.045821,0.11333,0.045821,0,1,0,0.0333,0,1801.8,0,2,0,0.0333,0,3603.6
1218,12,519.6,520.07,20,1,421,0,1,0,0.4666,0,128.59,0,0.85727,0,0.4,0,128.59,0.11654,0.042399,0.11573,0.041112,0,1,0,0.4666,0,128.59,0,2,0,0.4666,0,257.18
1218,12,520.23,520.33,20,1,422,0,1,0,0.1,0,600,0,0,0,0,0,0,0.10522,0.047283,0.10537,0.047341,0,1,0,0.1,0,600,0,2,0,0.1,0,1200
1218,12,520.47,520.5,20,1,423,0,1,0,0.0333,0,1801.8,0,0,0,0,0,0,0,0,0,0,0,1,0,0.0333,0,1801.8,0,2,0,0.0333,0,3603.6
1218,12,520.53,520.57,20,1,424,0,1,0,0.0333,0,1801.8,0,0,0,0,0,0,0.098887,0.045683,0.098887,0.045683,0,1,0,0.0333,0,1801.8,0,2,0,0.0333,0,3603.6
1218,12,520.7,522.43,14,1,425,0.6923,0.3077,1.2,0.53333,34.616,34.616,0.17308,0,0.3,0,34.616,0,0.17626,0.044295,0.17658,0.04317,1,0,1.7333,0,34.616,0,0,2,0,1.7333,0,69.232
1218,12,522.8,522.93,14,1,426,1,0,0.1333,0,450.11,0,1,0,0.1333,0,450.11,0,0.13614,0.051671,0.13673,0.051672,1,0,0.1333,0,450.11,0,0,2,0,0.1333,0,900.23
1218,12,523.03,524.3,14,1,427,1,0,1.2667,0,47.367,0,1,0,1.2667,0,47.367,0,0.18324,0.044522,0.17325,0.044235,1.4474,0,0.91668,0,94.734,0,0,2,0,1.2667,0,94.734
1218,12,524.37,524.97,20,1,428,0,0.66672,0,0.39997,0,100.02,0,1,0,0.5999,0,100.02,0.10538,0.037164,0.10354,0.037036,0,1,0,0.5999,0,100.02,0,2,0,0.5999,0,200.03
1218,12,524.97,526.1,14,1,429,0,0,0,0,0,0,1,0,1.1333,0,52.943,0,0.16389,0.035209,0.16105,0.035467,1,0,1.1333,0,52.943,0,0,2,0,1.1333,0,105.89
1218,12,526.27,526.4,14,1,430,0,1,0,0.1333,0,450.11,1,0,0.1333,0,450.11,0,0.13963,0.040032,0.13822,0.040717,1,0,0.1333,0,450.11,0,0,2,0,0.1333,0,900.23
1218,12,526.7,526.77,20,1,431,0,1,0,0.0666,0,900.9,0,1,0,0.0666,0,900.9,0.090031,0.030211,0.090031,0.030211,0,1,0,0.0666,0,900.9,0,2,0,0.0666,0,1801.8
1218,12,527.17,527.27,1,1,432,0,0,0,0,0,0,0,1,0,0.0999,0,600.6,0.09686,0.030168,0.09686,0.030168,0,1,0,0.0999,0,600.6,1,1,0.0999,0.0999,600.6,600.6
1218,12,527.57,527.67,1,1,433,0,0,0,0,0,0,0,1,0,0.0999,0,600.6,0.10638,0.031854,0.10638,0.031854,0,1,0,0.0999,0,600.6,1,1,0.0999,0.0999,600.6,600.6
1218,12,527.9,528.23,14,1,434,0.79998,0,0.26663,0,180.02,0,0.30003,0.29993,0.1,0.099967,180.02,180.02,0.18815,0.04011,0.18918,0.039769,1.0999,0,0.1833,0,360.04,0,0,2,0,0.3333,0,360.04
1218,12,528.67,528.73,14,1,435,0,1,0,0.0666,0,900.9,0.5,0,0.0333,0,900.9,0,0.10937,0.048794,0.10937,0.048794,2,0,0.0666,0,1801.8,0,0,2,0,0.0666,0,1801.8
1218,12,528.93,529.43,15,1,436,0,0.26667,0,0.066667,0,240,0,1,0,0.5,0,120,0.2039,0.075094,0.19609,0.070111,0,1,0,0.5,0,120,0,2,0,0.5,0,240
1218,12,529.5,529.57,15,1,437,0,1,0,0.0666,0,900.9,0,1,0,0.0666,0,900.9,0.2394,0.13745,0.2394,0.13745,0,1,0,0.0666,0,900.9,0,1,0,0.0333,0,1801.8
1218,12,529.57,529.73,18,1,438,0,1,0,0.1666,0,360.14,0,1,0,0.1666,0,360.14,0.21848,0.12767,0.21853,0.1276,0,1,0,0.1666,0,360.14,0,1,0,0.1666,0,360.14
1218,12,529.73,529.77,16,1,439,0,1,0,0.0333,0,1801.8,0,1,0,0.0333,0,1801.8,0.10723,0,0.10723,0,0,1,0,0.0333,0,1801.8,0,1,0,0.0333,0,1801.8
1218,12,529.77,529.97,18,1,440,0,1,0,0.1999,0,300.15,0.16642,0,0.033267,0,300.15,0,0.23874,0,0.23812,0,0,1,0,0.1999,0,300.15,0,1,0,0.1999,0,300.15
1218,12,529.97,530,15,1,441,0,1,0,0.0333,0,1801.8,0,1,0,0.0333,0,1801.8,0,0,0,0,0,1,0,0.0333,0,1801.8,0,1,0,0.0333,0,1801.8
1218,12,530.03,530.83,18,1,442,0,1,0,0.8,0,75,1,0,0.8,0,75,0,0.28918,0.13937,0.30019,0.14224,0,1,0,0.8,0,75,0.62496,1,0.49997,0.8,75,75
1218,12,530.83,531,14,1,443,1,0,0.1667,0,359.93,0,0,1,0,0.1667,0,359.93,0.11891,0.058218,0.11814,0.056965,1,0,0.1667,0,359.93,0,0,2,0,0.1667,0,719.86
1218,12,531.07,531.47,2,1,444,0,0.50004,0,0.19997,0,150.04,0,0.33333,0,0.1333,0,150.04,0.12604,0.050057,0.12722,0.049371,0,1,0,0.19995,0,300.08,0,2,0,0.3999,0,300.08
1218,12,531.73,531.77,18,1,445,0,0,0,0,0,0,0,0,0,0,0,0,0.23279,0.06457,0.23279,0.06457,0,1,0,0.0333,0,1801.8,1,1,0.0333,0.0333,1801.8,1801.8
1218,12,531.77,531.97,5,1,446,0,0,0,0,0,0,0,0,0,0,0,0,0.11098,0.041858,0.10828,0.041483,0,0.66667,0,0.13327,0,300.15,0,2,0,0.1999,0,600.3
1218,12,532.1,532.23,1,1,447,0,0,0,0,0,0,0,0,0,0,0,0,0.10074,0.049337,0.10009,0.049381,0,2,0,0.1333,0,900.23,0,2,0,0.1333,0,900.23
1218,12,532.23,535.23,18,1,448,0.99999,0,3,0,20,0,0.28889,0,0.43333,0,40,0,0.17819,0.03397,0.18051,0.032897,0,1.3445,0,1.3445,0,60,1,1,3,3,20,20
1218,12,535.63,536.27,18,1,449,1,0,0.6333,0,94.742,0,0,0,0,0,0,0,0.23439,0.024148,0.2374,0.024139,0,1,0,0.6333,0,94.742,1,1,0.6333,0.6333,94.742,94.742
1219,12,42.5,42.667,15,1,1,0,1,0,0.1666,0,360.14,0,0,0,0,0,0,0.10653,0.026423,0.10719,0.027468,0,2,0,0.1666,0,720.29,0,1,0,0.1666,0,360.14
1219,12,42.733,43.6,15,1,2,0,1,0,0.8667,0,69.228,0,0,0,0,0,0,0.089074,0.021715,0.095236,0.020515,0,2,0,0.8667,0,138.46,0,1.7307,0,0.75002,0,138.46
1219,12,43.6,44.067,11,1,3,1,0,0.4666,0,128.59,0,0,0,0,0,0,0,0.19357,0.023702,0.19579,0.022537,2,0,0.4666,0,257.18,0,0,2,0,0.4666,0,257.18
1219,12,44.067,44.133,15,1,4,0,1,0,0.0666,0,900.9,0,0,0,0,0,0,0.059619,0.016819,0.059619,0.016819,0,2,0,0.0666,0,1801.8,0,2,0,0.0666,0,1801.8
1219,12,44.267,44.367,15,1,5,0,1,0,0.0999,0,600.6,0,0,0,0,0,0,0.061406,0.01897,0.061406,0.01897,0,2,0,0.0999,0,1201.2,0,2,0,0.0999,0,1201.2
1219,12,44.533,44.667,15,1,6,0,1,0,0.1333,0,450.11,0,1,0,0.1333,0,450.11,0.087554,0.021993,0.086465,0.022071,0,1.7504,0,0.11667,0,900.23,0,2,0,0.1333,0,900.23
1219,12,44.7,44.933,23,1,7,0,1,0,0.2333,0,257.18,0,1,0,0.2333,0,257.18,0.096353,0.020864,0.10066,0.021206,0,1,0,0.2333,0,257.18,0,1.5715,0,0.18332,0,514.36
1219,12,45.167,45.2,1,1,8,0,1,0,0.0333,0,1801.8,0,1,0,0.0333,0,1801.8,0,0,0,0,0,1,0,0.0333,0,1801.8,0,1,0,0.0333,0,1801.8
1219,12,45.267,45.367,11,1,9,1,0,0.0999,0,600.6,0,1,0,0.0999,0,600.6,0,0.13869,0.015756,0.13869,0.015756,1,0,0.0999,0,600.6,0,0,1,0,0.0999,0,600.6
1219,12,46.533,46.567,11,1,10,1,0,0.0333,0,1801.8,0,1,0,0.0333,0,1801.8,0,0.073389,0.020694,0.073389,0.020694,1,0,0.0333,0,1801.8,0,0,1,0,0.0333,0,1801.8
1219,12,47.233,47.8,23,1,11,0,0.76472,0,0.43337,0,105.88,0,0.17646,0,0.1,0,105.88,0.15996,0.025648,0.18085,0.026482,0,1,0,0.5667,0,105.88,0,2,0,0.5667,0,211.75
1219,12,48,48.033,23,1,12,0,0,0,0,0,0,0,1,0,0.0333,0,1801.8,0.13364,0.05802,0.13364,0.05802,0,1,0,0.0333,0,1801.8,0,2,0,0.0333,0,3603.6
1219,12,48.067,48.333,23,1,13,0,0,0,0,0,0,0,1,0,0.2666,0,225.06,0.17876,0.06128,0.18332,0.062902,0,0.24994,0,0.066633,0,225.06,0,2,0,0.2666,0,450.11
1219,12,48.367,48.433,23,1,14,0,0,0,0,0,0,0,1,0,0.0666,0,900.9,0.14373,0.060263,0.14373,0.060263,0,0,0,0,0,0,0,2,0,0.0666,0,1801.8
1219,12,48.533,48.8,16,1,15,0,0,0,0,0,0,0,1,0,0.2667,0,224.97,0.16593,0.057054,0.16732,0.056375,0,0,0,0,0,0,0,1.875,0,0.25003,0,449.94
1219,12,48.967,49.367,16,1,16,0,0,0,0,0,0,0,0.83329,0,0.16662,0,300.08,0.1638,0.049393,0.17137,0.04907,0,0,0,0,0,0,0,1,0,0.3999,0,150.04
1219,12,49.6,53.167,3,1,17,0.94394,0,3.3667,0,16.823,0,0.59814,0,2.1333,0,16.823,0,0.23561,0.034865,0.19986,0.033799,1.028,0,1.2222,0,50.468,0,0,1,0,3.5666,0,16.823
1219,12,54.2,54.533,3,1,18,0,1,0,0.3333,0,180.02,1,0,0.3333,0,180.02,0,0.13654,0.048176,0.14294,0.047968,1,0,0.3333,0,180.02,0,0,1,0,0.3333,0,180.02
1219,12,54.667,54.933,3,1,19,0,1,0,0.2666,0,225.06,0,1,0,0.2666,0,225.06,0.13152,0.053742,0.13319,0.054084,0.24994,1,0.066633,0.2666,225.06,225.06,0,1,0,0.2666,0,225.06
1219,12,55.4,55.567,15,1,20,0,1,0,0.1666,0,360.14,0,1,0,0.1666,0,360.14,0.15415,0.068936,0.15353,0.068207,0,2,0,0.1666,0,720.29,0,1,0,0.1666,0,360.14
1219,12,56.167,56.2,21,1,21,0,1,0,0.0333,0,1801.8,0,1,0,0.0333,0,1801.8,0,0,0,0,0,2,0,0.0333,0,3603.6,0,1,0,0.0333,0,1801.8
1219,12,56.667,56.8,15,1,22,0,0.25006,0,0.033333,0,450.11,0,1,0,0.1333,0,450.11,0.12109,0.04223,0.1202,0.041665,0,1.7499,0,0.11663,0,900.23,0,1,0,0.1333,0,450.11
1219,12,58.5,58.533,15,1,23,0,1,0,0.0333,0,1801.8,0,0,0,0,0,0,0.097412,0.041193,0.097412,0.041193,0,1,0,0.0333,0,1801.8,0,2,0,0.0333,0,3603.6
1219,12,58.6,58.667,15,1,24,0,1,0,0.0666,0,900.9,0,0,0,0,0,0,0.090033,0.039013,0.090033,0.039013,0,0,0,0,0,0,0,2,0,0.0666,0,1801.8
1219,12,60.6,60.7,15,1,25,0,1,0,0.1,0,600,0,1,0,0.1,0,600,0.095002,0.032955,0.095,0.032118,0,1,0,0.1,0,600,0,2,0,0.1,0,1200
1219,12,62.833,63.267,15,1,26,0,1,0,0.4333,0,138.47,0,0.84607,0,0.1833,0,276.94,0.15247,0.059441,0.15081,0.057466,0,1,0,0.4333,0,138.47,0,1,0,0.4333,0,138.47
1219,12,63.4,68.533,20,1,27,1,0,5.1333,0,11.688,0,0.66234,0,1.7,0,23.377,0,0.1583,0.039298,0.12365,0.036862,1.2792,0,2.1889,0,35.065,0,0,1,0,5.1333,0,11.688
1219,12,68.733,71.033,20,1,28,1,0,2.3,0,26.087,0,0.13043,0.30435,0.3,0.7,26.087,26.087,0.10043,0.026875,0.1014,0.02168,1,0,2.3,0,26.087,0,0,1,0,2.3,0,26.087
1219,12,71.167,71.867,20,1,29,1,0,0.6999,0,85.727,0,1,0,0.6999,0,85.727,0,0.095986,0,0.099108,0,1,0,0.6999,0,85.727,0,0,1,0,0.6999,0,85.727
1219,12,72.233,75.967,20,1,30,1,0,3.7333,0,16.072,0,0.1518,0.24106,0.5667,0.89993,16.072,16.072,0.12212,0,0.12686,0,1,0,3.7333,0,16.072,0,0,1,0,3.7333,0,16.072
1219,12,76.067,76.833,20,1,31,1,0,0.7666,0,78.268,0,0,1,0,0.7666,0,78.268,0.098414,0.013271,0.1017,0.013271,1,0,0.7666,0,78.268,0,0,1,0,0.7666,0,78.268
1219,12,77.133,77.7,20,1,32,1,0,0.5667,0,105.88,0,0,1,0,0.5667,0,105.88,0.063496,0,0.064596,0,1,0,0.5667,0,105.88,0,0,1.1176,0,0.31668,0,211.75
1219,12,77.933,77.967,15,1,33,0,0,0,0,0,0,0,1,0,0.0333,0,1801.8,0.066523,0.020689,0.066523,0.020689,0,1,0,0.0333,0,1801.8,0,2,0,0.0333,0,3603.6
1219,12,77.967,78.233,23,1,34,0.87509,0,0.2333,0,225.06,0,0,1,0,0.2666,0,225.06,0.15729,0.036796,0.15819,0.034947,0,1,0,0.2666,0,225.06,1,1,0.2666,0.2666,225.06,225.06
1219,12,78.267,79.8,23,1,35,0.65217,0.32609,0.99997,0.5,39.131,39.131,0.69567,0.23911,1.0667,0.36663,39.131,39.131,0.143,0.040319,0.14491,0.038092,0,0.76086,0,1.1666,0,39.131,0.65217,1,0.49998,1.5333,78.263,39.131
1219,12,80.267,82.933,23,1,36,0.97501,0,2.6,0,22.501,0,0.43749,0.1,0.5833,0.26667,45.001,22.501,0.21501,0.057493,0.22604,0.054475,0.37501,0.3625,1,0.96663,22.501,22.501,0.23751,1,0.31667,2.6666,45.001,22.501
1219,12,83,83.767,23,1,37,1,0,0.7666,0,78.268,0,1,0,0.7666,0,78.268,0,0.17987,0.053967,0.19244,0.057026,0.39125,0,0.29993,0,78.268,0,0,1,0,0.7666,0,78.268
1219,12,83.833,84.667,15,1,38,0.55994,0.40006,0.4666,0.33337,72.003,72.003,0.27993,0.48006,0.23327,0.40003,72.003,72.003,0.15937,0.043176,0.15788,0.042958,0,1.16,0,0.48332,0,144.01,0,1,0,0.8333,0,72.003
1219,12,86.2,87.367,15,1,39,1,0,1.1666,0,51.432,0,0.51432,0,0.6,0,51.432,0,0.28266,0.038914,0.28844,0.038404,0.97143,0.057146,1.1333,0.066667,51.432,51.432,0.45717,1.1142,0.53333,0.64993,51.432,102.86
1219,12,87.4,88.533,23,1,40,0,1,0,1.1333,0,52.943,0.64705,0.2353,0.7333,0.26667,52.943,52.943,0.16851,0.037629,0.18186,0.037384,0,1,0,1.1333,0,52.943,0.29413,1,0.33333,1.1333,52.943,52.943
1219,12,88.567,88.933,15,1,41,1,0,0.3666,0,163.67,0,0,1,0,0.3666,0,163.67,0.2057,0.053555,0.20051,0.05301,1,0,0.3666,0,163.67,0,0,1,0,0.3666,0,163.67
1219,12,89.267,89.433,15,1,42,1,0,0.1666,0,360.14,0,0,0.60004,0,0.099967,0,360.14,0.2014,0.056467,0.20261,0.056062,0,0,0,0,0,0,0,1,0,0.1666,0,360.14
1219,12,89.667,89.867,23,1,43,0,1,0,0.1999,0,300.15,0,0,0,0,0,0,0.18793,0.051927,0.18849,0.051811,0,0,0,0,0,0,0,1,0,0.1999,0,300.15
1219,12,90.6,90.8,23,1,44,0,1,0,0.2,0,300,0,0,0,0,0,0,0.15294,0.047399,0.15286,0.047863,0,0,0,0,0,0,0,1,0,0.2,0,300
1219,12,91.267,91.367,23,1,45,0,1,0,0.0999,0,600.6,0,0,0,0,0,0,0.18355,0.056526,0.18355,0.056526,0,0,0,0,0,0,0,1,0,0.0999,0,600.6
1219,12,91.567,91.933,15,1,46,0.63639,0.36361,0.2333,0.1333,163.67,163.67,0,0,0,0,0,0,0.20901,0.057319,0.21223,0.056322,0,0.090835,0,0.0333,0,163.67,0,1,0,0.3666,0,163.67
1219,12,92.167,92.267,15,1,47,0,1,0,0.0999,0,600.6,0,0,0,0,0,0,0.20674,0.054997,0.20674,0.054997,0,1,0,0.0999,0,600.6,0,1,0,0.0999,0,600.6
1219,12,92.7,92.8,15,1,48,0,1,0,0.1,0,600,0,0,0,0,0,0,0.20353,0.073089,0.20174,0.072762,0,1,0,0.1,0,600,0,1,0,0.1,0,600
1219,12,92.967,93.2,15,1,49,0,1,0,0.2333,0,257.18,0,0,0,0,0,0,0.20198,0.067147,0.20251,0.066084,0,0.57151,0,0.13333,0,257.18,0,1,0,0.2333,0,257.18
1219,12,93.7,93.933,22,1,50,0.42863,0.57137,0.1,0.1333,257.18,257.18,0,0,0,0,0,0,0.18895,0.051974,0.18552,0.050364,1.5714,0,0.1833,0,514.36,0,0,1,0,0.2333,0,257.18
1219,12,94.467,94.567,15,1,51,0.667,0,0.066633,0,600.6,0,0,0,0,0,0,0,0.16237,0.045797,0.16237,0.045797,0.333,1,0.033267,0.0999,600.6,600.6,0,1,0,0.0999,0,600.6
1219,12,94.733,94.833,22,1,52,1,0,0.1,0,600,0,0,0,0,0,0,0,0.18242,0.053203,0.18305,0.053839,1,1,0.1,0.1,600,600,0,1,0,0.1,0,600
1219,12,94.867,95.733,23,1,53,0,1,0,0.8666,0,69.236,0,0,0,0,0,0,0.24816,0.042352,0.24951,0.042578,0,1.7307,0,0.49996,0,207.71,0,1,0,0.8666,0,69.236
1219,12,95.767,96.333,23,1,54,0,1,0,0.5666,0,105.89,0,0,0,0,0,0,0.25933,0.042615,0.26988,0.042636,0,2,0,0.5666,0,211.79,0,1,0,0.5666,0,105.89
1219,12,96.6,96.7,23,1,55,0,1,0,0.1,0,600,0,1,0,0.1,0,600,0.20808,0.057897,0.21012,0.058046,0,2,0,0.1,0,1200,0,1,0,0.1,0,600
1219,12,96.8,96.867,22,1,56,0,0.4995,0,0.033267,0,900.9,0,1,0,0.0666,0,900.9,0.17891,0.058974,0.17891,0.058974,2,0,0.0666,0,1801.8,0,0,1,0,0.0666,0,900.9
1219,12,97.167,98,15,1,57,0.83999,0.12,0.69997,0.1,72.003,72.003,0,0,0,0,0,0,0.17549,0.066709,0.16687,0.064967,0.56002,1,0.46667,0.8333,72.003,72.003,0,1,0,0.8333,0,72.003
1219,12,98,99.967,20,1,58,1,0,1.9666,0,30.51,0,0.35591,0,0.69993,0,30.51,0,0.12594,0.064807,0.12141,0.061045,0,1.7966,0,1.7666,0,61.019,0,1,0,1.9666,0,30.51
1219,12,100.13,100.17,15,1,59,0,1,0,0.0333,0,1801.8,0,1,0,0.0333,0,1801.8,0.14297,0.060576,0.14297,0.060576,0,1,0,0.0333,0,1801.8,0,1,0,0.0333,0,1801.8
1219,12,100.27,101.83,20,1,60,1,0,1.5666,0,38.3,0,0.042534,0,0.066633,0,38.3,0,0.1209,0.040663,0.1247,0.036348,0.93619,1,1.4666,1.5666,38.3,38.3,0,1.617,0,1.2666,0,76.599
1219,12,103.7,103.83,18,1,61,0,0,0,0,0,0,0,0,0,0,0,0,0.06478,0.016891,0.063815,0.016709,0,1,0,0.1333,0,450.11,0,1,0,0.1333,0,450.11
1219,12,104.13,104.33,18,1,62,0,0,0,0,0,0,0,0,0,0,0,0,0.05527,0.015824,0.055345,0.015714,0,1,0,0.2,0,300,0,1,0,0.2,0,300
1219,12,106.1,106.2,23,1,63,0,0.66667,0,0.066667,0,600,0,0,0,0,0,0,0.10668,0.020446,0.10816,0.019981,0,1,0,0.1,0,600,0,2,0,0.1,0,1200
1219,12,106.27,107.93,22,1,64,1,0,1.6666,0,36.001,0,0.28001,0,0.46667,0,36.001,0,0.18782,0.026491,0.18835,0.026548,1.96,0,1.6333,0,72.003,0,0,1.96,0,1.0889,0,108
1219,12,109.23,109.5,23,1,65,0,1,0,0.2667,0,224.97,0,0.49994,0,0.13333,0,224.97,0.17306,0.036154,0.17407,0.036046,0,2,0,0.2667,0,449.94,0,1.9999,0,0.26668,0,449.94
1219,12,109.63,109.73,23,1,66,0,1,0,0.1,0,600,0,1,0,0.1,0,600,0.20137,0.036393,0.20136,0.03627,0,2,0,0.1,0,1200,0,2,0,0.1,0,1200
1219,12,109.83,109.97,22,1,67,1,0,0.1333,0,450.11,0,1,0,0.1333,0,450.11,0,0.17858,0.036664,0.17906,0.036886,2,0,0.1333,0,900.23,0,0,2,0,0.1333,0,900.23
1219,12,110.27,110.4,23,1,68,0,0,0,0,0,0,0,1,0,0.1333,0,450.11,0.12565,0.030195,0.12878,0.031563,0,2,0,0.1333,0,900.23,0,2,0,0.1333,0,900.23
1219,12,112.6,113.77,23,1,69,0,0.94291,0,1.1,0,51.432,0,0,0,0,0,0,0.17036,0.036097,0.16816,0.036246,0,1.5715,0,0.91663,0,102.86,0,2,0,1.1666,0,102.86
1219,12,113.77,113.8,3,1,70,0,0,0,0,0,0,0,0,0,0,0,0,0,0,0,0,0,1,0,0.01665,0,3603.6,0,2,0,0.0333,0,3603.6
1219,12,114.47,114.5,22,1,71,0,0,0,0,0,0,0,0,0,0,0,0,0,0,0,0,1,0,0.0333,0,1801.8,0,0,2,0,0.0333,0,3603.6
1219,12,115.13,115.27,23,1,72,0,0,0,0,0,0,0,0,0,0,0,0,0.07408,0.0057243,0.072681,0.0057129,0,1,0,0.1333,0,450.11,0,2,0,0.1333,0,900.23
1219,12,115.67,115.7,16,1,73,0,0,0,0,0,0,0,0,0,0,0,0,0,0,0,0,0,1,0,0.0333,0,1801.8,0,2,0,0.0333,0,3603.6
1219,12,118.73,118.77,7,1,74,0,0,0,0,0,0,0,0,0,0,0,0,0.050303,0.011484,0.050303,0.011484,0,1,0,0.0333,0,1801.8,0,2,0,0.0333,0,3603.6
1219,12,119.7,119.77,3,1,75,0,0.4995,0,0.033267,0,900.9,0,0,0,0,0,0,0.091934,0.028327,0.091934,0.028327,0,1,0,0.0666,0,900.9,0,2,0,0.0666,0,1801.8
1219,12,122.33,124.03,15,1,76,0.13725,0,0.23333,0,35.294,0,0,0,0,0,0,0,0.16005,0.022719,0.17271,0.025593,0,1,0,1.7,0,35.294,0,1.8628,0,1.0556,0,105.88
1219,12,124.7,124.9,23,1,77,0,1,0,0.2,0,300,0,0,0,0,0,0,0.1029,0.029686,0.10488,0.02835,0,1,0,0.2,0,300,0,1,0,0.2,0,300
1219,12,130.3,130.47,23,1,78,0,0,0,0,0,0,0,0,0,0,0,0,0.15935,0.038314,0.16058,0.03805,0,0,0,0,0,0,0,1,0,0.1666,0,360.14
1219,12,141.37,141.53,20,1,79,0,0,0,0,0,0,0,0,0,0,0,0,0.12127,0.029196,0.12366,0.028687,0,0,0,0,0,0,0,1,0,0.1666,0,360.14
1219,12,159.57,160.27,3,1,80,0,0,0,0,0,0,0,0,0,0,0,0,0.12152,0.042174,0.12126,0.040606,0,0,0,0,0,0,0,1,0,0.6999,0,85.727
1219,12,160.43,161.07,3,1,81,0,0,0,0,0,0,0,0,0,0,0,0,0.10738,0.03452,0.10932,0.03762,0,0.78941,0,0.49993,0,94.742,0,1,0,0.6333,0,94.742
1219,12,162.93,163.1,23,1,82,1,0,0.1667,0,359.93,0,0,0,0,0,0,0,0.30885,0.030484,0.32074,0.029856,1,0,0.1667,0,359.93,0,0,0.9998,0,0.16667,0,359.93
1219,12,163.1,163.23,3,1,83,0,1,0,0.1333,0,450.11,0,0,0,0,0,0,0.086981,0.023679,0.089665,0.02381,0,1,0,0.1333,0,450.11,0,1,0,0.1333,0,450.11
1219,12,165.2,167.7,23,1,84,0.08,0.85333,0.2,1.0667,24,48,0,1,0,2.5,0,24,0.19396,0.027879,0.15682,0.02764,0.77333,0,0.96667,0,48,0,0,1.5333,0,1.9167,0,48
1219,12,168.37,168.6,23,1,85,0,1,0,0.2333,0,257.18,0,0,0,0,0,0,0.209,0.048172,0.20737,0.04761,0,0,0,0,0,0,0,1,0,0.2333,0,257.18
1219,12,168.87,169.33,23,1,86,0,1,0,0.4666,0,128.59,0,0,0,0,0,0,0.18153,0.028858,0.17184,0.028126,0,0,0,0,0,0,0,1.5714,0,0.36662,0,257.18
1219,12,169.37,169.5,23,1,87,0,1,0,0.1333,0,450.11,0,0,0,0,0,0,0.16772,0.026667,0.16771,0.026589,0,0,0,0,0,0,0,2,0,0.1333,0,900.23
1219,12,169.57,170.23,23,1,88,0,1,0,0.6666,0,90.009,0,0.60001,0,0.39997,0,90.009,0.16304,0.034479,0.16328,0.037394,0,0.19997,0,0.1333,0,90.009,0,1.2,0,0.39995,0,180.02
1219,12,180.03,180.8,23,1,89,0,1,0,0.7667,0,78.257,0,1,0,0.7667,0,78.257,0.21094,0.050161,0.20531,0.049588,0,0.04352,0,0.033367,0,78.257,0,0.99996,0,0.38333,0,156.51
1219,12,181.57,181.77,3,1,90,0.66683,0,0.1333,0,300.15,0,0,1,0,0.1999,0,300.15,0.12295,0.03882,0.1232,0.038635,0,0,0,0,0,0,0,1,0,0.1999,0,300.15
1219,12,182.1,183.87,23,1,91,0,1,0,0.8833,0,67.927,0,0.52832,0,0.46667,0,67.927,0.13641,0.029798,0.13909,0.03019,0,0,0,0,0,0,0,2,0,1.7666,0,67.927
1219,12,190.1,190.2,2,1,92,0,1,0,0.1,0,600,0,1,0,0.1,0,600,0.10726,0.030324,0.10871,0.029607,0,1,0,0.1,0,600,0,1,0,0.1,0,600
1219,12,193.3,193.4,23,1,93,0,1,0,0.1,0,600,0,1,0,0.1,0,600,0.12582,0.035663,0.12636,0.035853,0,1,0,0.1,0,600,0,1,0,0.1,0,600
1219,12,193.63,194.3,23,1,94,0,0.95,0,0.31668,0,179.99,0,0.45003,0,0.30003,0,89.996,0.12899,0.032606,0.12819,0.032523,0,1.2,0,0.40002,0,179.99,0,1,0,0.6667,0,89.996
1219,12,194.47,195,23,1,95,0,1,0,0.5333,0,112.51,0,0,0,0,0,0,0.11197,0.027169,0.11077,0.026095,0,1.875,0,0.49997,0,225.01,0,1,0,0.5333,0,112.51
1219,12,195.43,195.47,23,1,96,0,1,0,0.0333,0,1801.8,0,0,0,0,0,0,0.12104,0.030948,0.12104,0.030948,0,2,0,0.0333,0,3603.6,0,1,0,0.0333,0,1801.8
1219,12,196.4,197.43,10,1,97,1,0,1.0333,0,58.066,0,0,0,0,0,0,0,0.16766,0.039658,0.14792,0.038521,1.871,0,0.64442,0,174.2,0,0,1,0,1.0333,0,58.066
1219,12,197.6,197.97,10,1,98,1,0,0.3666,0,163.67,0,0,0,0,0,0,0,0.13675,0.045357,0.13696,0.046093,2,0,0.3666,0,327.33,0,0,1,0,0.3666,0,163.67
1219,12,198,199.07,10,1,99,1,0,1.0666,0,56.254,0,0.9375,0,0.99993,0,56.254,0,0.14842,0.03911,0.14417,0.038125,1.5313,0,0.81663,0,112.51,0,0,1,0,1.0666,0,56.254
1219,12,199.43,199.8,23,1,100,0,1,0,0.3667,0,163.62,0,0.9091,0,0.33337,0,163.62,0.11942,0.027372,0.11974,0.026603,0,2,0,0.3667,0,327.24,0,1,0,0.3667,0,163.62
1219,12,200.1,201.23,23,1,101,0,1,0,1.1333,0,52.943,0,0.44116,0,0.49997,0,52.943,0.10883,0.028878,0.10834,0.029088,0,2,0,1.1333,0,105.89,0,1,0,1.1333,0,52.943
1219,12,201.33,202.4,23,1,102,0,0.12503,0,0.13337,0,56.248,0,3.1249e-05,0,3.3333e-05,0,56.248,0.088228,0.021351,0.087005,0.021955,0,2,0,1.0667,0,112.5,0,1,0,1.0667,0,56.248
1219,12,204.9,205,23,1,103,0,1,0,0.1,0,600,0,1,0,0.1,0,600,0.12372,0.040983,0.12391,0.040963,0,2,0,0.1,0,1200,0,1,0,0.1,0,600
1219,12,209.33,209.4,23,1,104,0,1,0,0.0667,0,899.55,0,1,0,0.0667,0,899.55,0.094906,0.023411,0.094906,0.023411,0,1,0,0.0667,0,899.55,0,0.9995,0,0.033333,0,1799.1
1219,12,209.47,209.5,23,1,105,0,1,0,0.0333,0,1801.8,0,1,0,0.0333,0,1801.8,0,0,0,0,0,1,0,0.01665,0,3603.6,0,1,0,0.0333,0,1801.8
1219,12,209.8,210.2,23,1,106,0,0.83333,0,0.16667,0,300,0,0.33333,0,0.13333,0,150,0.10529,0.024807,0.10429,0.024625,0,1.4167,0,0.28333,0,300,0,1.75,0,0.35,0,300
1219,12,210.53,211.33,23,1,107,0,0.79167,0,0.31667,0,150,0,0.83333,0,0.33333,0,150,0.10821,0.024975,0.11139,0.024912,0,1.6667,0,0.66668,0,150,0,1.375,0,0.55002,0,150
1219,12,212.73,216.5,2,1,108,0.14159,0.070805,0.26667,0.2667,31.858,15.929,0,0.91151,0,1.1445,0,47.787,0.13054,0.031462,0.13387,0.031666,0,1.6903,0,1.5917,0,63.716,0,1.6814,0,2.1111,0,47.787
1219,12,216.53,216.67,1,1,109,0,0,0,0,0,0,0,1,0,0.1333,0,450.11,0.15787,0.054685,0.16203,0.057229,0,2,0,0.1333,0,900.23,1,1,0.1333,0.1333,450.11,450.11
1219,12,216.73,218.87,1,1,110,0.99998,0,2.1333,0,28.125,0,0,1,0,1.0666,0,56.251,0.13929,0.035011,0.13445,0.034193,0,2,0,2.1333,0,56.251,1,1,2.1333,2.1333,28.125,28.125
1219,12,218.87,219.13,15,1,111,0,1,0,0.2666,0,225.06,0,1,0,0.2666,0,225.06,0.15306,0.035696,0.13594,0.034808,0,2,0,0.2666,0,450.11,1,1,0.2666,0.2666,225.06,225.06
1219,12,221.63,221.83,1,1,112,1,0,0.2,0,300,0,1,0,0.2,0,300,0,0.064089,0.01932,0.063809,0.019021,0,1,0,0.2,0,300,1,1,0.2,0.2,300,300
1219,12,221.87,222.57,1,1,113,1,0,0.6999,0,85.727,0,1,0,0.6999,0,85.727,0,0.094397,0.025406,0.099941,0.028119,0.047531,1,0.033267,0.6999,85.727,85.727,1,1,0.6999,0.6999,85.727,85.727
1219,12,222.9,223.4,1,1,114,1,0,0.5,0,120,0,0.26667,0,0.13333,0,120,0,0.10214,0.025584,0.10029,0.024914,1,1,0.5,0.5,120,120,0.73333,1,0.36667,0.5,120,120
1219,12,223.47,224.33,23,1,115,0,0.88461,0,0.3833,0,138.47,0,0.80772,0,0.69997,0,69.236,0.16299,0.037119,0.17979,0.037286,0,1.8462,0,0.79995,0,138.47,0,1.1154,0,0.4833,0,138.47
1219,12,224.37,225.67,23,1,116,0,0.69236,0,0.9,0,46.157,0,0.23076,0,0.29997,0,46.157,0.16912,0.043762,0.17304,0.047134,0,1,0,1.2999,0,46.157,0,1.8975,0,1.2332,0,92.315
1219,12,233.57,234.2,23,1,117,0,1,0,0.6333,0,94.742,0,1,0,0.6333,0,94.742,0.10283,0.02921,0.095563,0.030307,0,1,0,0.6333,0,94.742,0,1,0,0.6333,0,94.742
1219,12,237.7,238.17,23,1,118,0,1,0,0.4666,0,128.59,0,0.78568,0,0.1833,0,257.18,0.18881,0.043786,0.18941,0.038993,0,1,0,0.4666,0,128.59,0,1,0,0.2333,0,257.18
1219,12,238.47,238.87,23,1,119,0,1,0,0.3999,0,150.04,0,1,0,0.3999,0,150.04,0.15734,0.049847,0.16727,0.049423,0,1,0,0.3999,0,150.04,0,1,0,0.3999,0,150.04
1219,12,241.8,243.03,21,1,120,0,0.27028,0,0.33333,0,48.65,0,0,0,0,0,0,0.22923,0.032744,0.22266,0.033892,1,1,1.2333,1.2333,48.65,48.65,0,1.6216,0,0.99997,0,97.3
1219,12,243.47,244.57,21,1,121,0.39398,0.4545,0.43333,0.24995,54.55,109.1,0,0,0,0,0,0,0.27915,0.032513,0.30062,0.032207,1,1,1.0999,1.0999,54.55,54.55,0,2,0,1.0999,0,109.1
1219,12,244.67,246,23,1,122,0,1,0,1.3333,0,45.001,0,0,0,0,0,0,0.083476,0.022754,0.084971,0.022892,0,2,0,1.3333,0,90.002,0,2,0,1.3333,0,90.002
1219,12,246.17,246.5,23,1,123,0,0.69997,0,0.11665,0,360.04,0,0.50005,0,0.16667,0,180.02,0.11987,0.03167,0.12446,0.027429,0,2,0,0.3333,0,360.04,0,2,0,0.3333,0,360.04
1219,12,246.6,246.63,23,1,124,0,1,0,0.0333,0,1801.8,0,1,0,0.0333,0,1801.8,0.16676,0.059073,0.16676,0.059073,0,2,0,0.0333,0,3603.6,0,2,0,0.0333,0,3603.6
1219,12,247.77,249.03,21,1,125,0.92107,0,1.1666,0,47.371,0,0.44739,0,0.56667,0,47.371,0,0.20208,0.047071,0.19495,0.045953,1.8158,0,1.15,0,94.742,0,0,2,0,1.2666,0,94.742
1219,12,249.2,250.27,21,1,126,0.68754,0.2187,0.73333,0.23327,56.254,56.254,0,0,0,0,0,0,0.324,0.040552,0.30464,0.042704,1.5625,0,0.8333,0,112.51,0,0,2,0,1.0666,0,112.51
1219,12,250.3,250.33,21,1,127,0,1,0,0.0333,0,1801.8,0,0,0,0,0,0,0.14333,0.030652,0.14333,0.030652,1,0,0.0333,0,1801.8,0,0,2,0,0.0333,0,3603.6
1219,12,250.47,250.53,23,1,128,0,1,0,0.0666,0,900.9,0,0,0,0,0,0,0.092969,0.026808,0.092969,0.026808,0,1,0,0.0666,0,900.9,0,2,0,0.0666,0,1801.8
1219,12,250.57,250.9,23,1,129,0,0.69997,0,0.2333,0,180.02,0,0,0,0,0,0,0.090383,0.023988,0.091829,0.02386,0,1,0,0.3333,0,180.02,0,2,0,0.3333,0,360.04
1219,12,251.73,251.8,23,1,130,0,0,0,0,0,0,0,0,0,0,0,0,0.10225,0.02663,0.10225,0.02663,0,1,0,0.0667,0,899.55,0,2,0,0.0667,0,1799.1
1219,12,251.9,252.1,21,1,131,0,0,0,0,0,0,0,0,0,0,0,0,0.12638,0.033307,0.12646,0.033264,1,0,0.2,0,300,0,0,2,0,0.2,0,600
1219,12,252.37,252.43,23,1,132,0,1,0,0.0666,0,900.9,0,0,0,0,0,0,0.1041,0.031814,0.1041,0.031814,0,1,0,0.0666,0,900.9,0,2,0,0.0666,0,1801.8
1219,12,252.67,254.57,23,1,133,0,1,0,1.8999,0,31.581,0,0.75439,0,1.4333,0,31.581,0.11857,0.028617,0.12163,0.029403,0,1,0,1.8999,0,31.581,0,1.7193,0,1.0888,0,94.742
1219,12,254.87,255.7,23,1,134,0,1,0,0.8333,0,72.003,0,0.71999,0,0.59997,0,72.003,0.094722,0.02537,0.10297,0.02672,0,0.51998,0,0.4333,0,72.003,0,2,0,0.8333,0,144.01
1219,12,273.7,273.77,15,1,135,0,1,0,0.0666,0,900.9,0,1,0,0.0666,0,900.9,0.089442,0.030154,0.089442,0.030154,0,2,0,0.0666,0,1801.8,0,1,0,0.0666,0,900.9
1219,12,273.9,273.97,15,1,136,0,1,0,0.0666,0,900.9,0,1,0,0.0666,0,900.9,0.097609,0.032201,0.097609,0.032201,0,2,0,0.0666,0,1801.8,0,1,0,0.0666,0,900.9
1219,12,285.27,285.3,24,1,137,0,1,0,0.0333,0,1801.8,0,1,0,0.0333,0,1801.8,0,0,0,0,0,2,0,0.0333,0,3603.6,0,1,0,0.0333,0,1801.8
1219,12,286.8,287.33,17,1,138,1,0,0.5333,0,112.51,0,1,0,0.5333,0,112.51,0,0.23167,0.056115,0.2271,0.055229,2,0,0.5333,0,225.01,0,0,1,0,0.5333,0,112.51
1219,12,295.63,295.8,15,1,139,1,0,0.1667,0,359.93,0,0,1,0,0.1667,0,359.93,0.22438,0.069542,0.22159,0.068845,0,1,0,0.1667,0,359.93,0,0.9998,0,0.16667,0,359.93
1219,12,295.87,296.03,15,1,140,1,0,0.1666,0,360.14,0,0,1,0,0.1666,0,360.14,0.16948,0.058547,0.16837,0.058352,0,1,0,0.1666,0,360.14,0,1,0,0.1666,0,360.14
1219,12,296.47,296.73,1,1,141,1,0,0.2666,0,225.06,0,0,1,0,0.2666,0,225.06,0.22947,0.052903,0.23306,0.05149,1,0,0.2666,0,225.06,0,0,1,0,0.2666,0,225.06
1219,12,296.8,297.23,1,1,142,1,0,0.4333,0,138.47,0,0,1,0,0.4333,0,138.47,0.26171,0.068643,0.26895,0.068147,1,0.84614,0.4333,0.36663,138.47,138.47,0,1,0,0.4333,0,138.47
1219,12,297.3,297.77,15,1,143,0,1,0,0.4666,0,128.59,0,1,0,0.2333,0,257.18,0.43665,0.067037,0.46889,0.067105,1,1,0.4666,0.4666,128.59,128.59,0,1,0,0.4666,0,128.59
1219,12,298.03,298.17,15,1,144,0,0.49987,0,0.033317,0,900.23,0,1,0,0.1333,0,450.11,0.21604,0.072984,0.21883,0.073254,1,1,0.1333,0.1333,450.11,450.11,0,1,0,0.1333,0,450.11
1219,12,298.27,298.53,23,1,145,0,1,0,0.2666,0,225.06,0,0.87509,0,0.2333,0,225.06,0.14055,0.041087,0.14187,0.040993,0,2,0,0.2666,0,450.11,0,1,0,0.2666,0,225.06
1219,12,298.57,298.83,23,1,146,0,1,0,0.2666,0,225.06,0,0.12491,0,0.0333,0,225.06,0.1464,0.041401,0.14802,0.041414,0,2,0,0.2666,0,450.11,0,1,0,0.2666,0,225.06
1219,12,299.07,300.83,23,1,147,0,1,0,1.7666,0,33.964,0,0.73584,0,0.64997,0,67.927,0.21086,0.045543,0.22376,0.046761,0,1.0377,0,0.36665,0,169.82,0,1,0,1.7666,0,33.964
1219,12,305.93,306.4,23,1,148,0,1,0,0.4667,0,128.56,0,1,0,0.4667,0,128.56,0.089954,0.019775,0.093384,0.018921,0,0.071495,0,0.033367,0,128.56,0,2,0,0.4667,0,257.12
1219,12,307.33,308.17,23,1,149,0,1,0,0.8333,0,72.003,0,1,0,0.8333,0,72.003,0.075913,0.017836,0.071318,0.018184,0,0,0,0,0,0,0,2,0,0.8333,0,144.01
1219,12,317.37,317.57,23,1,150,0,0.49992,0,0.099933,0,300.15,0,0,0,0,0,0,0.1326,0.032105,0.13339,0.032263,0,1.8336,0,0.18327,0,600.3,0,1,0,0.1999,0,300.15
1219,12,317.8,319.73,23,1,151,0,1,0,0.96665,0,62.07,0,0.55172,0,1.0666,0,31.035,0.12503,0.02483,0.12565,0.025056,0,1,0,1.9333,0,31.035,0,1,0,1.9333,0,31.035
1219,12,320.03,320.7,23,1,152,0,1,0,0.6667,0,89.996,0,0,0,0,0,0,0.11835,0.024572,0.12276,0.024252,0,1,0,0.6667,0,89.996,0,1.4999,0,0.5,0,179.99
1219,12,322.5,322.53,8,1,153,1,0,0.0333,0,1801.8,0,0,1,0,0.0333,0,1801.8,0.059759,0.022246,0.059759,0.022246,1,1,0.0333,0.0333,1801.8,1801.8,1,1,0.0333,0.0333,1801.8,1801.8
1219,12,322.63,322.8,8,1,154,1,0,0.1667,0,359.93,0,0,1,0,0.1667,0,359.93,0.068763,0.031478,0.06734,0.030817,1,1,0.1667,0.1667,359.93,359.93,1,1,0.1667,0.1667,359.93,359.93
1219,12,323.07,323.83,8,1,155,0.21737,0.21737,0.16663,0.16663,78.268,78.268,0,1,0,0.7666,0,78.268,0.12338,0.020682,0.11924,0.018368,1,1,0.7666,0.7666,78.268,78.268,0.21737,1.4783,0.16663,0.56662,78.268,156.54
1219,12,323.87,324.13,23,1,156,0,1,0,0.2666,0,225.06,0,0.62503,0,0.16663,0,225.06,0.079173,0.022353,0.075439,0.022491,0,2,0,0.2666,0,450.11,0,1.7501,0,0.23328,0,450.11
1219,12,324.17,324.37,23,1,157,0,1,0,0.1999,0,300.15,0,0,0,0,0,0,0.074585,0.020859,0.07625,0.021183,0,2,0,0.1999,0,600.3,0,1,0,0.1999,0,300.15
1219,12,329.67,329.8,6,1,158,0,0.74994,0,0.099967,0,450.11,0,0,0,0,0,0,0.17367,0.062339,0.17357,0.062324,1,1,0.1333,0.1333,450.11,450.11,0,2,0,0.1333,0,900.23
1219,12,329.97,331,23,1,159,0,0.90325,0,0.93333,0,58.066,0,0.61292,0,0.63333,0,58.066,0.12709,0.027673,0.12347,0.0253,0,2,0,1.0333,0,116.13,0,1,0,1.0333,0,58.066
1219,12,331.13,333.1,23,1,160,0,1,0,1.9667,0,30.508,0,0.27118,0,0.53333,0,30.508,0.094776,0.019697,0.09265,0.02001,0,1.9153,0,1.8834,0,61.016,0,1,0,1.9667,0,30.508
1219,12,334.8,334.83,21,1,161,0,1,0,0.0333,0,1801.8,0,0,0,0,0,0,0.16839,0.074852,0.16839,0.074852,0,1,0,0.0333,0,1801.8,0,1,0,0.0333,0,1801.8
1219,12,376.47,376.9,15,1,162,0,0,0,0,0,0,0,1,0,0.4333,0,138.47,0.14073,0.0369,0.13179,0.037425,0,2,0,0.4333,0,276.94,0,1,0,0.4333,0,138.47
1219,12,377.03,379.47,23,1,163,0,0.9589,0,1.1666,0,49.316,0,0.91781,0,1.1167,0,49.316,0.13197,0.037607,0.13403,0.036689,0,1.7945,0,2.1833,0,49.316,0,1,0,2.4333,0,24.658
1219,12,380.27,380.3,10,1,164,1,0,0.0333,0,1801.8,0,0,1,0,0.0333,0,1801.8,0,0,0,0,2,0,0.0333,0,3603.6,0,0,2,0,0.0333,0,3603.6
1219,12,380.37,380.4,10,1,165,1,0,0.0333,0,1801.8,0,0,1,0,0.0333,0,1801.8,0,0,0,0,2,0,0.0333,0,3603.6,0,0,2,0,0.0333,0,3603.6
1219,12,380.53,381.6,10,1,166,1,0,1.0667,0,56.248,0,0,0.9375,0,0.50002,0,112.5,0.25794,0.055106,0.27542,0.054741,1.6875,0,0.60002,0,168.74,0,0,2,0,1.0667,0,112.5
1219,12,381.63,381.93,23,1,167,0,1,0,0.3,0,200,0,1,0,0.3,0,200,0.13625,0.040725,0.13679,0.039816,0,2,0,0.3,0,400,0,2,0,0.3,0,400
1219,12,381.97,382,10,1,168,1,0,0.0333,0,1801.8,0,0,1,0,0.0333,0,1801.8,0,0,0,0,2,0,0.0333,0,3603.6,0,0,2,0,0.0333,0,3603.6
1219,12,382,382.03,21,1,169,0,1,0,0.0333,0,1801.8,0,1,0,0.0333,0,1801.8,0.30807,0.065073,0.30807,0.065073,0,2,0,0.0333,0,3603.6,0,2,0,0.0333,0,3603.6
1219,12,382.03,383.6,10,1,170,0.9149,0,1.4334,0,38.297,38.297,0,1,0,1.5667,0,38.297,0.25778,0.041512,0.2567,0.041423,2,0,1.5667,0,76.594,0,0,2,0,1.5667,0,76.594
1219,12,383.73,384.93,23,1,171,0,1,0,1.2,0,50,0,1,0,1.2,0,50,0.0865,0.024551,0.085757,0.023818,0,1.3056,0,0.78335,0,100,0,2,0,1.2,0,100
1219,12,385.23,386.07,24,1,172,1,0,0.8333,0,72.003,0,1,0,0.8333,0,72.003,0,0.1177,0.018821,0.10898,0.016828,0.87996,0.96008,0.73327,0.80003,72.003,72.003,0.88008,1,0.73337,0.8333,72.003,72.003
1219,12,386.13,386.27,24,1,173,1,0,0.1333,0,450.11,0,0.50038,0,0.0667,0,450.11,0,0.20143,0.030572,0.19722,0.030125,1,0,0.1333,0,450.11,0,0,1,0,0.1333,0,450.11
1219,12,386.53,386.57,23,1,174,0,1,0,0.0333,0,1801.8,0,0,0,0,0,0,0.11443,0.043871,0.11443,0.043871,0,2,0,0.0333,0,3603.6,0,1,0,0.0333,0,1801.8
1219,12,386.63,386.83,23,1,175,0,1,0,0.2,0,300,0,0,0,0,0,0,0.11782,0.037115,0.11812,0.037101,0,2,0,0.2,0,600,0,1,0,0.2,0,300
1219,12,387.27,388.67,23,1,176,0,0,0,0,0,0,0,0.047575,0,0.0666,0,42.86,0.091129,0.024499,0.094352,0.021428,0,2,0,1.3999,0,85.72,0,1,0,1.3999,0,42.86
1219,12,388.73,389.8,23,1,177,0,0.15625,0,0.16667,0,56.248,0,1,0,1.0667,0,56.248,0.085297,0.020816,0.080552,0.019272,0,2,0,1.0667,0,112.5,0,1.375,0,0.73335,0,112.5
1219,12,390.1,393.6,23,1,178,0,1,0,3.5,0,17.143,0,1,0,3.5,0,17.143,0.09947,0.024202,0.096341,0.024007,0,0.038095,0,0.13333,0,17.143,0,1.7905,0,2.0889,0,51.429
1219,12,394.23,394.77,15,1,179,0,0.68754,0,0.36667,0,112.51,0,1,0,0.5333,0,112.51,0.15341,0.038033,0.15317,0.0381,0,0,0,0,0,0,0,2,0,0.5333,0,225.01
1219,12,394.8,395.87,23,1,180,0,0.81249,0,0.8666,0,56.254,0,1,0,1.0666,0,56.254,0.08767,0.023556,0.091611,0.023036,0,0,0,0,0,0,0,1.5313,0,0.81663,0,112.51
1219,12,397.27,397.33,24,1,181,1,0,0.0666,0,900.9,0,0,0,0,0,0,0,0.061875,0.017161,0.061875,0.017161,1,0,0.0666,0,900.9,0,0,1,0,0.0666,0,900.9
1219,12,397.4,397.47,10,1,182,0,1,0,0.0666,0,900.9,0,0,0,0,0,0,0.28537,0.036421,0.28537,0.036421,0,1,0,0.0666,0,900.9,0,1,0,0.0666,0,900.9
1219,12,397.5,397.57,24,1,183,1,0,0.0666,0,900.9,0,0,0,0,0,0,0,0.15111,0.034248,0.15111,0.034248,1.4995,0,0.049933,0,1801.8,0,0,1,0,0.0666,0,900.9
1219,12,397.57,397.6,7,1,184,0,1,0,0.0333,0,1801.8,0,0,0,0,0,0,0,0,0,0,0,2,0,0.0333,0,3603.6,0,1,0,0.0333,0,1801.8
1219,12,397.6,398.3,24,1,185,1,0,0.7,0,85.714,0,0,0,0,0,0,0,0.21451,0.046372,0.19699,0.045007,2,0,0.7,0,171.43,0,0,1,0,0.7,0,85.714
1219,12,398.57,398.7,24,1,186,1,0,0.1333,0,450.11,0,0,0,0,0,0,0,0.17301,0.05111,0.1775,0.051054,1,0,0.1333,0,450.11,0,0,1,0,0.1333,0,450.11
1219,12,398.97,400.13,23,1,187,0,1,0,1.1666,0,51.432,0,0,0,0,0,0,0.14335,0.03394,0.14895,0.033517,0,1.4,0,0.81662,0,102.86,0,1,0,1.1666,0,51.432
1219,12,400.23,400.33,23,1,188,0,1,0,0.1,0,600,0,0,0,0,0,0,0.10877,0.034638,0.10896,0.034596,0,2,0,0.1,0,1200,0,1,0,0.1,0,600
1219,12,400.4,400.7,23,1,189,0,1,0,0.3,0,200,0,0,0,0,0,0,0.11054,0.034815,0.10898,0.03492,0,2,0,0.3,0,400,0,1,0,0.3,0,200
1219,12,400.77,400.9,23,1,190,0,1,0,0.1333,0,450.11,0,0,0,0,0,0,0.13745,0.04758,0.13943,0.047696,0,1,0,0.1333,0,450.11,0,1,0,0.1333,0,450.11
1219,12,401.33,402.6,15,1,191,0,1,0,0.63335,0,94.734,0,0,0,0,0,0,0.17129,0.050377,0.16643,0.049653,0,1,0,1.2667,0,47.367,0,1,0,1.2667,0,47.367
1219,12,413.43,413.63,6,1,192,0.8335,0,0.1667,0,300,0,0,0,0,0,0,0,0.16763,0.066878,0.16847,0.065093,1,0,0.2,0,300,0,0,1,0,0.2,0,300
1219,12,414.63,415.93,23,1,193,0,0.66667,0,0.28889,0,138.46,0,0.92308,0,0.6,0,92.308,0.13978,0.034106,0.14036,0.034843,0,0.076949,0,0.10003,0,46.154,0,2,0,1.3,0,92.308
1219,12,416.23,418.03,7,1,194,1,0,1.8,0,33.333,0,0.57406,0.22224,1.0333,0.40003,33.333,33.333,0.12616,0.048726,0.12855,0.047139,0.29628,0,0.5333,0,33.333,0,0,2,0,1.8,0,66.667
1219,12,425.9,426.2,23,1,195,0,1,0,0.3,0,200,0,1,0,0.3,0,200,0.14925,0.045377,0.15229,0.045743,0,0,0,0,0,0,0,1,0,0.3,0,200
1219,12,426.37,426.67,23,1,196,0,1,0,0.2999,0,200.07,0,1,0,0.2999,0,200.07,0.12205,0.039998,0.12318,0.039888,0,0,0,0,0,0,0,1,0,0.2999,0,200.07
1219,12,426.87,429.77,23,1,197,0,1,0,2.8999,0,20.69,0,0.50573,0,0.73328,0,41.381,0.11913,0.032538,0.11924,0.033197,0,0,0,0,0,0,0,1.5172,0,1.4666,0,62.071
1219,12,432.17,432.27,23,1,198,0,0,0,0,0,0,0,0,0,0,0,0,0.1259,0.031313,0.1259,0.031313,0,1,0,0.0999,0,600.6,0,2,0,0.0999,0,1201.2
1219,12,432.33,433.43,22,1,199,0.99997,0,1.1,0,54.545,0,0,0,0,0,0,0,0.27443,0.051289,0.27189,0.048318,1.9394,0,1.0666,0,109.09,0,0,2,0,1.1,0,109.09
1219,12,433.6,434.5,22,1,200,0.96296,0,0.86667,0,66.667,0,0,0.66667,0,0.6,0,66.667,0.20308,0.050413,0.19891,0.05091,2,0,0.9,0,133.33,0,0,2,0,0.9,0,133.33
1219,12,434.6,436.97,23,1,201,0,0.94369,0,2.2333,0,25.353,0,0.042255,0,0.1,0,25.353,0.10783,0.034068,0.109,0.033614,0,2,0,2.3666,0,50.706,0,2,0,2.3666,0,50.706
1219,12,437.2,437.23,23,1,202,0,0,0,0,0,0,0,0,0,0,0,0,0.065264,0.02498,0.065264,0.02498,0,2,0,0.0333,0,3603.6,0,2,0,0.0333,0,3603.6
1219,12,437.73,437.77,23,1,203,0,0,0,0,0,0,0,0,0,0,0,0,0.094495,0.033157,0.094495,0.033157,0,2,0,0.0333,0,3603.6,0,2,0,0.0333,0,3603.6
1219,12,437.8,437.97,23,1,204,0,0,0,0,0,0,0,0,0,0,0,0,0.10302,0.032824,0.10359,0.032928,0,2,0,0.1666,0,720.29,0,2,0,0.1666,0,720.29
1219,12,438,438.03,22,1,205,1,0,0.0333,0,1801.8,0,0,0,0,0,0,0,0.12665,0.04908,0.12665,0.04908,2,0,0.0333,0,3603.6,0,0,2,0,0.0333,0,3603.6
1219,12,438.1,442.33,22,1,206,1,0,4.2333,0,14.173,0,0,0,0,0,0,0,0.18546,0.047525,0.18594,0.046977,1.937,0,2.7333,0,42.52,0,0,1.8347,0,2.5889,0,42.52
1219,12,443.47,443.5,23,1,207,0,1,0,0.0333,0,1801.8,0,1,0,0.0333,0,1801.8,0,0,0,0,0,2,0,0.0333,0,3603.6,0,1,0,0.0333,0,1801.8
1219,12,443.77,444.03,23,1,208,0,1,0,0.2666,0,225.06,0,0.75006,0,0.19997,0,225.06,0.17822,0.0461,0.17624,0.045362,0,1,0,0.2666,0,225.06,0,1,0,0.2666,0,225.06
1219,12,459.03,459.3,15,1,209,0,1,0,0.2667,0,224.97,0,0,0,0,0,0,0.13241,0.056902,0.12873,0.056791,0,2,0,0.2667,0,449.94,0,1,0,0.2667,0,224.97
1219,12,459.73,460.07,23,1,210,0,0.39984,0,0.13327,0,180.02,0,1,0,0.3333,0,180.02,0.11723,0.037304,0.11807,0.036892,0,2,0,0.3333,0,360.04,0,1,0,0.3333,0,180.02
1219,12,460.13,460.5,23,1,211,0,1,0,0.3667,0,163.62,0,1,0,0.3667,0,163.62,0.12258,0.036705,0.12503,0.036219,0,2,0,0.3667,0,327.24,0,1,0,0.3667,0,163.62
1219,12,460.73,460.83,23,1,212,0,1,0,0.1,0,600,0,1,0,0.1,0,600,0.10179,0.041213,0.10141,0.041649,0,2,0,0.1,0,1200,0,1,0,0.1,0,600
1219,12,461.27,461.3,23,1,213,0,1,0,0.0333,0,1801.8,0,1,0,0.0333,0,1801.8,0,0,0,0,0,2,0,0.0333,0,3603.6,0,1,0,0.0333,0,1801.8
1219,12,461.57,461.77,23,1,214,0,1,0,0.1999,0,300.15,0,1,0,0.1999,0,300.15,0.12192,0.039631,0.1224,0.040322,0,2,0,0.1999,0,600.3,0,1.1664,0,0.11658,0,600.3
1219,12,461.9,462.77,23,1,215,0,1,0,0.8666,0,69.236,0,0.73083,0,0.63333,0,69.236,0.14398,0.04279,0.15065,0.042961,0,2,0,0.8666,0,138.47,0,1,0,0.8666,0,69.236
1219,12,462.9,464.93,23,1,216,0,1,0,2.0333,0,29.509,0,0.11474,0,0.2333,0,29.509,0.12017,0.037847,0.11725,0.038486,0,2,0,2.0333,0,59.017,0,1,0,2.0333,0,29.509
1219,12,465.03,465.47,21,1,217,0.99992,0,0.43327,0,138.47,0,7.6929e-05,0,3.3333e-05,0,138.47,0,0.19914,0.046231,0.17438,0.0464,1,1,0.4333,0.4333,138.47,138.47,0,1,0,0.4333,0,138.47
1219,12,465.5,465.53,23,1,218,0,1,0,0.0333,0,1801.8,0,0,0,0,0,0,0.11963,0.036602,0.11963,0.036602,0,2,0,0.0333,0,3603.6,0,1,0,0.0333,0,1801.8
1219,12,466.23,466.3,23,1,219,0,1,0,0.0667,0,899.55,0,0,0,0,0,0,0.094422,0.031623,0.094422,0.031623,0,2,0,0.0667,0,1799.1,0,1,0,0.0667,0,899.55
1219,12,466.3,466.73,21,1,220,1,0,0.4333,0,138.47,0,0,0,0,0,0,0,0.20417,0.034531,0.20508,0.034334,1,1,0.4333,0.4333,138.47,138.47,0,1,0,0.4333,0,138.47
1219,12,466.73,467.2,23,1,221,0,1,0,0.4667,0,128.56,0,0.42854,0,0.2,0,128.56,0.11212,0.030459,0.11167,0.030655,0,2,0,0.4667,0,257.12,0,1,0,0.4667,0,128.56
1219,12,467.23,467.4,23,1,222,0,1,0,0.1667,0,359.93,0,1,0,0.1667,0,359.93,0.096991,0.031058,0.098161,0.031072,0,2,0,0.1667,0,719.86,0,1,0,0.1667,0,359.93
1219,12,467.4,468.3,21,1,223,0.48148,0.44444,0.43333,0.4,66.667,66.667,0.62963,0,0.56667,0,66.667,0,0.20167,0.040479,0.19531,0.040824,1,1,0.9,0.9,66.667,66.667,0,1,0,0.9,0,66.667
1219,12,468.5,468.63,21,1,224,0,1,0,0.1333,0,450.11,0,0,0,0,0,0,0.16473,0.04328,0.16456,0.043308,1,1,0.1333,0.1333,450.11,450.11,0,1,0,0.1333,0,450.11
1219,12,468.63,469.3,23,1,225,0,0.30003,0,0.10002,0,179.99,0,0,0,0,0,0,0.11515,0.043438,0.11593,0.04351,0,2,0,0.6667,0,179.99,0,1,0,0.6667,0,89.996
1219,12,469.4,469.47,23,1,226,0,1,0,0.0666,0,900.9,0,0,0,0,0,0,0.11327,0.048371,0.11327,0.048371,0,2,0,0.0666,0,1801.8,0,1,0,0.0666,0,900.9
1219,12,469.5,469.53,21,1,227,0,1,0,0.0333,0,1801.8,0,0,0,0,0,0,0.14526,0.049833,0.14526,0.049833,1,1,0.0333,0.0333,1801.8,1801.8,0,1,0,0.0333,0,1801.8
1219,12,469.63,469.67,23,1,228,0,1,0,0.0333,0,1801.8,0,0,0,0,0,0,0.11627,0.046428,0.11627,0.046428,0,2,0,0.0333,0,3603.6,0,1,0,0.0333,0,1801.8
1219,12,469.77,470.1,21,1,229,0,1,0,0.3333,0,180.02,0,0,0,0,0,0,0.1941,0.045944,0.19534,0.045634,1,1,0.3333,0.3333,180.02,180.02,0,1,0,0.3333,0,180.02
1219,12,470.3,470.57,23,1,230,0,1,0,0.2666,0,225.06,0,0,0,0,0,0,0.14525,0.046602,0.14728,0.046431,0,2,0,0.2666,0,450.11,0,1,0,0.2666,0,225.06
1219,12,470.8,472.47,23,1,231,0,1,0,0.8333,0,72.003,0,1,0,1.6666,0,36.001,0.20071,0.061468,0.19995,0.057374,0,1.56,0,0.86662,0,108,0,1,0,1.6666,0,36.001
1219,12,472.63,472.8,6,1,232,1,0,0.1667,0,359.93,0,0.00019996,0,3.3333e-05,0,359.93,0,0.20091,0.056548,0.2009,0.056392,2,0,0.1667,0,719.86,0,0,1,0,0.1667,0,359.93
1219,12,472.83,473.47,6,1,233,0.94747,0,0.60003,0,94.742,0,0.26307,0,0.1666,0,94.742,0,0.20496,0.053272,0.20888,0.052675,2,0,0.6333,0,189.48,0,0,1,0,0.6333,0,94.742
1219,12,473.53,473.8,23,1,234,0,0,0,0,0,0,0,0.12511,0,0.033367,0,224.97,0.1097,0.034401,0.11158,0.034124,0,2,0,0.2667,0,449.94,0,1,0,0.2667,0,224.97
1219,12,473.83,474.73,23,1,235,0,0.074037,0,0.066633,0,66.667,0,0,0,0,0,0,0.10253,0.024851,0.097982,0.02322,0,2,0,0.9,0,133.33,0,1,0,0.9,0,66.667
1219,12,474.77,475.67,6,1,236,1,0,0.8999,0,66.674,0,0.40738,0,0.3666,0,66.674,0,0.20667,0.048509,0.20582,0.048686,1.8148,0,0.81658,0,133.35,0,0,1,0,0.8999,0,66.674
1219,12,475.83,476.83,23,1,237,0,1,0,1,0,60,0,1,0,1,0,60,0.15855,0.050486,0.15678,0.05118,0,1.8333,0,0.61111,0,180,0,1,0,1,0,60
1219,12,477.1,477.6,23,1,238,0,1,0,0.5,0,120,0,1,0,0.5,0,120,0.11999,0.04891,0.11978,0.049927,0,2,0,0.5,0,240,0,1,0,0.5,0,120
1219,12,477.8,478.13,23,1,239,0,1,0,0.3333,0,180.02,0,1,0,0.3333,0,180.02,0.12724,0.048139,0.12672,0.048153,0,2,0,0.3333,0,360.04,0,1,0,0.3333,0,180.02
1219,12,478.23,478.37,6,1,240,1,0,0.1333,0,450.11,0,1,0,0.1333,0,450.11,0,0.1432,0.049676,0.14437,0.049567,2,0,0.1333,0,900.23,0,0,1,0,0.1333,0,450.11
1219,12,478.47,478.5,6,1,241,1,0,0.0333,0,1801.8,0,1,0,0.0333,0,1801.8,0,0,0,0,0,2,0,0.0333,0,3603.6,0,0,1,0,0.0333,0,1801.8
1219,12,479.07,479.47,23,1,242,0,1,0,0.3999,0,150.04,0,1,0,0.3999,0,150.04,0.14949,0.064515,0.1507,0.064387,0,2,0,0.2666,0,450.11,0,1,0,0.3999,0,150.04
1219,12,479.5,479.53,23,1,243,0,1,0,0.0333,0,1801.8,0,1,0,0.0333,0,1801.8,0.14531,0.064608,0.14531,0.064608,0,2,0,0.0333,0,3603.6,0,1,0,0.0333,0,1801.8
1219,12,480.1,480.53,23,1,244,0,0.92307,0,0.19998,0,276.94,0,0.69228,0,0.29997,0,138.47,0.13743,0.060186,0.13779,0.060928,0,1,0,0.4333,0,138.47,0,1,0,0.4333,0,138.47
1219,12,480.57,480.7,23,1,245,0,1,0,0.1333,0,450.11,0,1,0,0.1333,0,450.11,0.13425,0.065442,0.13425,0.065632,0,1,0,0.1333,0,450.11,0,1,0,0.1333,0,450.11
1219,12,480.73,480.87,23,1,246,0,1,0,0.1333,0,450.11,0,1,0,0.1333,0,450.11,0.14629,0.06496,0.14663,0.063748,0,0.00025006,0,3.3333e-05,0,450.11,0,1,0,0.1333,0,450.11
1219,12,481.7,481.9,23,1,247,0,1,0,0.2,0,300,0,0.5,0,0.1,0,300,0.1608,0.04913,0.16343,0.049373,0,0,0,0,0,0,0,1,0,0.2,0,300
1219,12,482.2,482.4,23,1,248,0,1,0,0.2,0,300,0,1,0,0.2,0,300,0.17467,0.058795,0.17465,0.058585,0,1,0,0.2,0,300,0,1,0,0.2,0,300
1219,12,482.47,482.9,21,1,249,0,1,0,0.4333,0,138.47,0,0,0,0,0,0,0.20339,0.059347,0.19701,0.059968,1,0,0.4333,0,138.47,0,0,1,0,0.4333,0,138.47
1219,12,482.97,484.77,23,1,250,0,0.79628,0,0.47774,0,100.01,0,0.61111,0,1.0999,0,33.335,0.18382,0.055947,0.18361,0.056097,0,0.79628,0,0.71662,0,66.67,0,1,0,1.7999,0,33.335
1219,12,484.8,486.27,3,1,251,0.8864,0.068139,1.3,0.099933,40.911,40.911,0.43184,0,0.63333,0,40.911,0,0.36777,0.045983,0.37784,0.046165,1.7727,0,1.2999,0,81.822,0,0,1,0,1.4666,0,40.911
1219,12,486.63,486.87,15,1,252,0.42878,0.14259,0.10003,0.033267,257.18,257.18,0,0.85741,0,0.20003,0,257.18,0.13024,0.054096,0.12858,0.054058,0,1.5717,0,0.18333,0,514.36,0,1,0,0.2333,0,257.18
1219,12,486.9,486.93,3,1,253,0,1,0,0.0333,0,1801.8,0,0,0,0,0,0,0.16656,0.053758,0.16656,0.053758,1,0,0.0333,0,1801.8,0,0,1,0,0.0333,0,1801.8
1219,12,487.07,487.1,15,1,254,0,1,0,0.0333,0,1801.8,0,0,0,0,0,0,0,0,0,0,0,1,0,0.0333,0,1801.8,0,1,0,0.0333,0,1801.8
1219,12,487.17,487.23,15,1,255,0,1,0,0.0666,0,900.9,0,0,0,0,0,0,0.11812,0.051851,0.11812,0.051851,0,1,0,0.0666,0,900.9,0,1,0,0.0666,0,900.9
1219,12,487.3,487.63,15,1,256,0,1,0,0.3333,0,180.02,0,0,0,0,0,0,0.12108,0.055946,0.12166,0.05556,0,1,0,0.3333,0,180.02,0,1,0,0.3333,0,180.02
1219,12,489.17,490.37,15,1,257,0,0.91666,0,0.36663,0,150.01,0,1,0,1.1999,0,50.004,0.1592,0.067871,0.16,0.068748,0,1.5,0,0.89995,0,100.01,0,1,0,1.1999,0,50.004
1219,12,490.4,491.1,15,1,258,0,0.90476,0,0.63333,0,85.714,0,1,0,0.7,0,85.714,0.1747,0.081197,0.17493,0.082318,0,1.6667,0,0.58333,0,171.43,0,1,0,0.7,0,85.714
1219,12,491.23,491.27,23,1,259,0,0,0,0,0,0,0,0.001001,0,3.3333e-05,0,1801.8,0.13211,0.058609,0.13211,0.058609,0,2,0,0.0333,0,3603.6,0,1,0,0.0333,0,1801.8
1219,12,491.3,491.9,3,1,260,0.88889,0,0.53333,0,100,0,0.66667,0,0.4,0,100,0,0.26151,0.043097,0.26073,0.037591,1,0.5,0.6,0.3,100,100,0,1,0,0.6,0,100
1219,12,491.97,492.83,3,1,261,1,0,0.8666,0,69.236,0,0,0,0,0,0,0,0.37663,0.086301,0.41171,0.085421,1.5385,0,0.66663,0,138.47,0,0,1,0,0.8666,0,69.236
1219,12,492.9,493.13,15,1,262,0,1,0,0.2333,0,257.18,0,0,0,0,0,0,0.18253,0.090105,0.18027,0.089637,0,1,0,0.2333,0,257.18,0,1,0,0.2333,0,257.18
1219,12,493.53,493.93,15,1,263,0,1,0,0.4,0,150,0,1,0,0.4,0,150,0.21662,0.09669,0.22292,0.09552,0,0.66658,0,0.26663,0,150,0,1,0,0.4,0,150
1219,12,493.93,493.97,3,1,264,1,0,0.0333,0,1801.8,0,0,1,0,0.0333,0,1801.8,0.16289,0.066823,0.16289,0.066823,1,0,0.0333,0,1801.8,0,0,1,0,0.0333,0,1801.8
1219,12,493.97,494.2,15,1,265,0,1,0,0.11665,0,514.36,0,1,0,0.2333,0,257.18,0.22943,0.08573,0.23011,0.082705,0,1,0,0.2333,0,257.18,0,1,0,0.2333,0,257.18
1219,12,494.27,495.37,15,1,266,0,0.84853,0,0.9333,0,54.55,0,1,0,1.0999,0,54.55,0.20301,0.09244,0.2,0.092922,0,0.6667,0,0.7333,0,54.55,0,1.2121,0,0.44439,0,163.65
1219,12,495.4,495.43,16,1,267,0,0,0,0,0,0,0,1,0,0.0333,0,1801.8,0.17561,0.057315,0.17561,0.057315,0,0,0,0,0,0,0,2,0,0.0333,0,3603.6
1219,12,495.67,497.9,23,1,268,0,0.95522,0,1.0666,0,53.732,0,1,0,2.2333,0,26.866,0.15665,0.034601,0.15679,0.03364,0,0,0,0,0,0,0,1.2836,0,1.4333,0,53.732
1219,12,497.97,499,23,1,269,0,1,0,1.0333,0,58.066,0,1,0,1.0333,0,58.066,0.215,0.053906,0.22154,0.05247,0,1.3549,0,0.7,0,116.13,0,1,0,1.0333,0,58.066
1219,12,499.4,499.53,15,1,270,1,0,0.1333,0,450.11,0,0,1,0,0.1333,0,450.11,0.11492,0.046652,0.11406,0.046524,0,1,0,0.1333,0,450.11,0,1,0,0.1333,0,450.11
1219,12,511.1,511.47,21,1,271,0,0,0,0,0,0,0,0,0,0,0,0,0.10573,0.044743,0.10547,0.044652,0,0,0,0,0,0,0,1,0,0.3666,0,163.67
1219,12,511.57,511.9,23,1,272,0,0,0,0,0,0,0,0,0,0,0,0,0.14738,0.055277,0.14773,0.054923,0,0,0,0,0,0,0,1,0,0.3333,0,180.02
1219,12,512.17,512.5,23,1,273,0,1,0,0.3333,0,180.02,0,0.30003,0,0.1,0,180.02,0.12121,0.031305,0.12178,0.030216,0,0,0,0,0,0,0,1.4999,0,0.16664,0,540.05
1219,12,512.57,512.87,23,1,274,0,1,0,0.2999,0,200.07,0,1,0,0.2999,0,200.07,0.10605,0.02921,0.10554,0.028698,0,0,0,0,0,0,0,2,0,0.2999,0,400.13
1219,12,522.87,522.9,23,1,275,0,1,0,0.0333,0,1801.8,0,1,0,0.0333,0,1801.8,0,0,0,0,0,2,0,0.0333,0,3603.6,0,1,0,0.0333,0,1801.8
1219,12,523.57,524.83,23,1,276,0,1,0,1.2666,0,47.371,0,1,0,1.2666,0,47.371,0.11877,0.029296,0.11113,0.027723,0,0,0,0,0,0,0,1.9211,0,1.2166,0,94.742
1219,12,524.93,525.17,23,1,277,0,1,0,0.2333,0,257.18,0,1,0,0.2333,0,257.18,0.095911,0.028996,0.09585,0.02917,0,0,0,0,0,0,0,2,0,0.2333,0,514.36
1220,12,33.7,33.933,23,1,1,0,0,0,0,0,0,0,1,0,0.2333,0,257.18,0.11429,0.027448,0.11704,0.026999,0,0,0,0,0,0,0,1,0,0.2333,0,257.18
1220,12,35.033,35.433,23,1,2,0,0.08325,0,0.0333,0,150,0,1,0,0.4,0,150,0.12144,0.03311,0.12323,0.032822,0,0,0,0,0,0,0,1,0,0.4,0,150
1220,12,35.9,36.1,23,1,3,0,1,0,0.2,0,300,0,0,0,0,0,0,0.10235,0.035899,0.10232,0.036155,0,0,0,0,0,0,0,1,0,0.2,0,300
1220,12,36.167,37,23,1,4,0,1,0,0.8333,0,72.003,0,0,0,0,0,0,0.12415,0.036133,0.12495,0.035966,0,0,0,0,0,0,0,1,0,0.8333,0,72.003
1220,12,37.2,37.333,23,1,5,0,1,0,0.1333,0,450.11,0,0,0,0,0,0,0.10468,0.036169,0.10436,0.036038,0,0,0,0,0,0,0,1,0,0.1333,0,450.11
1220,12,37.733,37.9,23,1,6,0,1,0,0.1667,0,359.93,0,0,0,0,0,0,0.10156,0.032367,0.10126,0.032348,0,0,0,0,0,0,0,1,0,0.1667,0,359.93
1220,12,38.133,38.2,23,1,7,0,1,0,0.0667,0,899.55,0,0.50025,0,0.033367,0,899.55,0.10364,0.031657,0.10364,0.031657,0,0,0,0,0,0,0,1,0,0.0667,0,899.55
1220,12,38.3,38.567,23,1,8,0,0.12503,0,0.033333,0,225.06,0,0,0,0,0,0,0.093319,0.029877,0.093203,0.029409,0,0,0,0,0,0,0,1,0,0.2666,0,225.06
1220,12,38.8,39.2,1,1,9,0,0.83333,0,0.16667,0,300,0,0,0,0,0,0,0.083818,0.030141,0.082471,0.029821,0,0,0,0,0,0,0,1,0,0.4,0,150
1220,12,40.1,40.233,23,1,10,0,0.75019,0,0.1,0,450.11,0,0,0,0,0,0,0.080965,0.024949,0.081123,0.024899,0,0,0,0,0,0,0,1,0,0.1333,0,450.11
1220,12,40.467,41.567,23,1,11,0,0.78792,0,0.43332,0,109.1,0,0.54544,0,0.59993,0,54.55,0.1031,0.025122,0.10293,0.025093,0,0,0,0,0,0,0,1,0,1.0999,0,54.55
1220,12,46,46.3,5,1,12,0,1,0,0.3,0,200,0,1,0,0.3,0,200,0.11103,0.031973,0.11182,0.031774,0,0,0,0,0,0,0,1,0,0.3,0,200
1220,12,46.367,46.633,5,1,13,0,1,0,0.2666,0,225.06,0,1,0,0.2666,0,225.06,0.098914,0.028593,0.099844,0.028603,0,0,0,0,0,0,0,1,0,0.2666,0,225.06
1220,12,46.667,46.7,5,1,14,0,1,0,0.0333,0,1801.8,0,0,0,0,0,0,0,0,0,0,0,0,0,0,0,0,0,1,0,0.0333,0,1801.8
1220,12,47.367,47.467,23,1,15,0,1,0,0.0999,0,600.6,0,1,0,0.0999,0,600.6,0.12477,0.038099,0.12477,0.038099,0,1,0,0.0999,0,600.6,0,1,0,0.0999,0,600.6
1220,12,48.733,48.8,23,1,16,0,0,0,0,0,0,0,1,0,0.0667,0,899.55,0.11708,0.034194,0.11708,0.034194,0,2,0,0.0667,0,1799.1,0,1,0,0.0667,0,899.55
1220,12,48.933,49.9,23,1,17,0,0.65515,0,0.63333,0,62.067,0,0.72411,0,0.7,0,62.067,0.11238,0.028457,0.10506,0.028721,0,2,0,0.9667,0,124.13,0,1,0,0.9667,0,62.067
1220,12,51.033,51.267,23,1,18,0.42835,0.2859,0.099933,0.0667,257.18,257.18,0,1,0,0.2333,0,257.18,0.16212,0.037292,0.16155,0.037233,0,2,0,0.2333,0,514.36,0,2,0,0.2333,0,514.36
1220,12,51.467,51.833,23,1,19,0.18176,0.63639,0.066633,0.2333,163.67,163.67,0,1,0,0.3666,0,163.67,0.16632,0.037921,0.16441,0.037684,0,1,0,0.3666,0,163.67,0,2,0,0.3666,0,327.33
1220,12,51.967,52.6,23,1,20,0,1,0,0.6333,0,94.742,0,0.42102,0,0.26663,0,94.742,0.13878,0.032852,0.138,0.032851,0,1.6842,0,0.53332,0,189.48,0,2,0,0.6333,0,189.48
1220,12,64.2,64.433,15,1,21,1,0,0.2333,0,257.18,0,1,0,0.2333,0,257.18,0,0.1671,0.035308,0.1707,0.034912,1,0,0.2333,0,257.18,0,0,1,0,0.2333,0,257.18
1220,12,65.633,66.167,15,1,22,0,1,0,0.5333,0,112.51,0,0.87499,0,0.23332,0,225.01,0.10612,0.029801,0.1066,0.02971,0,0,0,0,0,0,0,1,0,0.5333,0,112.51
1220,12,66.367,66.833,15,1,23,0,1,0,0.4666,0,128.59,0,0.85719,0,0.39997,0,128.59,0.13511,0.031582,0.14014,0.031137,0,0,0,0,0,0,0,1,0,0.4666,0,128.59
1220,12,77.867,78.6,23,1,24,0,1,0,0.7333,0,81.822,0,1,0,0.7333,0,81.822,0.15531,0.041202,0.15902,0.041415,0,1.2273,0,0.44998,0,163.64,0,1,0,0.7333,0,81.822
1220,12,86.267,87.8,15,1,25,0.19563,0.41305,0.29997,0.63333,39.131,39.131,0.89132,0,1.3667,0,39.131,0,0.14296,0.037124,0.13577,0.035922,0.54347,0,0.8333,0,39.131,0,0,1,0,1.5333,0,39.131
1220,12,88.133,88.367,15,1,26,0,0,0,0,0,0,0,0,0,0,0,0,0.15162,0.045455,0.15387,0.04465,0,0,0,0,0,0,0,1,0,0.2333,0,257.18
1220,12,88.433,88.8,15,1,27,0,0.4545,0,0.16667,0,163.62,0.99991,0,0.36667,0,163.62,0,0.15464,0.047804,0.15595,0.047611,0,0,0,0,0,0,0,1,0,0.3667,0,163.62
1220,12,92.367,92.533,15,1,28,0,1,0,0.1666,0,360.14,0,1,0,0.1666,0,360.14,0.093708,0.026932,0.093848,0.026908,0,0,0,0,0,0,0,2,0,0.1666,0,720.29
1220,12,103.6,103.77,15,1,29,0,1,0,0.1666,0,360.14,0,0,0,0,0,0,0.12674,0.043012,0.12986,0.04219,0,0,0,0,0,0,0,1,0,0.1666,0,360.14
1220,12,103.9,103.97,15,1,30,0,0.4995,0,0.033267,0,900.9,0,0,0,0,0,0,0.15196,0.048814,0.15196,0.048814,0,0,0,0,0,0,0,1,0,0.0666,0,900.9
1220,12,104.07,104.13,5,1,31,0,1,0,0.0666,0,900.9,0,0.5,0,0.0333,0,900.9,0.14219,0.051463,0.14219,0.051463,0,0,0,0,0,0,0,1,0,0.0666,0,900.9
1220,12,104.83,104.87,23,1,32,0,0,0,0,0,0,0,1,0,0.0333,0,1801.8,0.17349,0.059904,0.17349,0.059904,0,0,0,0,0,0,0,1,0,0.0333,0,1801.8
1220,12,104.9,105.33,15,1,33,0,0.92307,0,0.39997,0,138.47,0,1,0,0.4333,0,138.47,0.11734,0.036788,0.1143,0.034316,0,0,0,0,0,0,0,1,0,0.4333,0,138.47
1220,12,105.67,105.73,15,1,34,0,1,0,0.0666,0,900.9,0,1,0,0.0666,0,900.9,0.10957,0.033053,0.10957,0.033053,0,1,0,0.0666,0,900.9,0,1,0,0.0666,0,900.9
1220,12,112.53,113.63,15,1,35,0,1,0,1.1,0,54.545,0,0,0,0,0,0,0.096032,0.030112,0.096354,0.029136,0,1,0,1.1,0,54.545,0,0.99997,0,1.1,0,54.545
1220,12,113.87,115.5,18,1,36,0,0.81632,0,0.44443,0,110.21,0,0.77553,0,1.2667,0,36.735,0.15079,0.035435,0.15627,0.035709,0,1.7959,0,1.4667,0,73.471,0,1,0,1.6333,0,36.735
1220,12,116,116.33,15,1,37,0,0,0,0,0,0,0,1,0,0.3333,0,180.02,0.10914,0.032746,0.10843,0.032308,0,1.3999,0,0.2333,0,360.04,0,1,0,0.3333,0,180.02
1220,12,116.8,116.97,15,1,38,0,0,0,0,0,0,0,1,0,0.1666,0,360.14,0.13623,0.048486,0.13802,0.049034,0,2,0,0.1666,0,720.29,0,1,0,0.1666,0,360.14
1220,12,117.1,117.17,3,1,39,0,0,0,0,0,0,0,0.5005,0,0.033333,0,900.9,0.1313,0.051389,0.1313,0.051389,0,2,0,0.0666,0,1801.8,0,1,0,0.0666,0,900.9
1220,12,118.43,118.47,15,1,40,0,1,0,0.0333,0,1801.8,0,1,0,0.0333,0,1801.8,0.1368,0.056479,0.1368,0.056479,0,1.001,0,0.016667,0,3603.6,0,1,0,0.0333,0,1801.8
1220,12,118.5,118.97,15,1,41,0,0.35705,0,0.0833,0,257.18,0,1,0,0.4666,0,128.59,0.16319,0.043312,0.16657,0.041496,0,1,0,0.4666,0,128.59,0,1,0,0.4666,0,128.59
1220,12,119.07,120.27,15,1,42,0,0.69442,0,0.27774,0,150.01,0,0.33336,0,0.4,0,50.004,0.21031,0.050135,0.14565,0.041644,0,0.083312,0,0.099967,0,50.004,0,1,0,1.1999,0,50.004
1220,12,120.53,121,15,1,43,0,0.28577,0,0.13337,0,128.56,0,0.64281,0,0.3,0,128.56,0.12749,0.037113,0.12924,0.035361,0,0,0,0,0,0,0,1,0,0.4667,0,128.56
1220,12,121.17,121.87,15,1,44,0,0.47626,0,0.33333,0,85.727,0,1,0,0.6999,0,85.727,0.13429,0.036641,0.13169,0.035875,0,1,0,0.6999,0,85.727,0,1,0,0.6999,0,85.727
1220,12,123.47,123.7,15,1,45,0,1,0,0.2333,0,257.18,0,0,0,0,0,0,0.15914,0.038729,0.15978,0.038032,0,1,0,0.2333,0,257.18,0,1,0,0.2333,0,257.18
1220,12,123.7,123.73,23,1,46,0,1,0,0.0333,0,1801.8,0,0,0,0,0,0,0.17071,0.045292,0.17071,0.045292,0,1,0,0.0333,0,1801.8,0,1,0,0.0333,0,1801.8
1220,12,127.1,127.2,15,1,47,0,1,0,0.1,0,600,0,1,0,0.1,0,600,0.10539,0.036078,0.10425,0.035815,0,0,0,0,0,0,0,1.6667,0,0.083333,0,1200
1220,12,132.6,133.2,15,1,48,0,1,0,0.6,0,100,0,1,0,0.6,0,100,0.17856,0.039049,0.18409,0.039674,0,1.3889,0,0.41667,0,200,0,1,0,0.6,0,100
1220,12,133.47,133.77,15,1,49,0,1,0,0.2999,0,200.07,0,1,0,0.2999,0,200.07,0.17359,0.037968,0.17466,0.037556,0,2,0,0.2999,0,400.13,0,1,0,0.2999,0,200.07
1220,12,135.17,135.47,15,1,50,0,1,0,0.2999,0,200.07,0,1,0,0.2999,0,200.07,0.11437,0.036644,0.11611,0.036919,0,1,0,0.2999,0,200.07,0,1,0,0.2999,0,200.07
1220,12,136.77,137.83,15,1,51,0,1,0,1.0666,0,56.254,0,0,0,0,0,0,0.11089,0.031821,0.11293,0.032156,0,0.71873,0,0.3833,0,112.51,0,1,0,1.0666,0,56.254
1220,12,138.53,139.17,7,1,52,0.52634,5.2634e-05,0.33333,3.3333e-05,94.742,94.742,0,1,0,0.6333,0,94.742,0.06136,0,0.061393,0,0,1,0,0.6333,0,94.742,0,1,0,0.6333,0,94.742
1220,12,140.83,140.93,12,1,53,0,1,0,0.1,0,600,0,0.66633,0,0.066633,0,600,0.077067,0.036867,0.078359,0.037052,0,1,0,0.1,0,600,0,1,0,0.1,0,600
1220,12,141.07,141.33,12,1,54,0,0.87509,0,0.2333,0,225.06,0,1,0,0.2666,0,225.06,0.072874,0.023934,0.071038,0.022342,0,1,0,0.2666,0,225.06,0,1,0,0.2666,0,225.06
1220,12,142.03,142.07,12,1,55,0,0.001001,0,3.3333e-05,0,1801.8,0,1,0,0.0333,0,1801.8,0.065703,0.029844,0.065703,0.029844,0,1,0,0.0333,0,1801.8,0,2,0,0.0333,0,3603.6
1220,12,142.17,142.2,12,1,56,0,0,0,0,0,0,0,1,0,0.0333,0,1801.8,0,0,0,0,0,1,0,0.0333,0,1801.8,0,2,0,0.0333,0,3603.6
1220,12,142.33,142.37,12,1,57,0,1,0,0.0333,0,1801.8,0,1,0,0.0333,0,1801.8,0.084053,0.042053,0.084053,0.042053,0,1,0,0.0333,0,1801.8,0,2,0,0.0333,0,3603.6
1220,12,142.5,142.6,12,1,58,0,1,0,0.1,0,600,0,0.66667,0,0.066667,0,600,0.078664,0.038112,0.07875,0.037955,0,1,0,0.1,0,600,0,2,0,0.1,0,1200
1220,12,143.3,146.93,20,1,59,0.65138,0,1.1833,0,33.028,0,0.41284,0.16514,0.74998,0.2,33.028,49.542,0.095838,0.033745,0.086582,0.034102,0.84404,0,3.0666,0,16.514,0,0,1,0,3.6333,0,16.514
1220,12,147.13,147.2,20,1,60,0,0,0,0,899.55,0,1,0,0.0667,0,899.55,0,0.10979,0.039708,0.10979,0.039708,1,0,0.03335,0,1799.1,0,0,1,0,0.0667,0,899.55
1220,12,147.4,147.5,20,1,61,1,0,0.1,0,600,0,1,0,0.1,0,600,0,0.087384,0.031847,0.088125,0.032091,2,0,0.1,0,1200,0,0,1,0,0.1,0,600
1220,12,147.93,148,1,1,62,0,1,0,0.0667,0,899.55,0,1,0,0.0667,0,899.55,0.085249,0.03287,0.085249,0.03287,0,2,0,0.0667,0,1799.1,0,1,0,0.0667,0,899.55
1220,12,148.8,148.93,15,1,63,0,1,0,0.1333,0,450.11,0,1,0,0.1333,0,450.11,0.10929,0.039503,0.10849,0.039424,0,2,0,0.1333,0,900.23,0,1,0,0.1333,0,450.11
1220,12,149.47,150.7,20,1,64,1,0,1.2333,0,48.65,0,1,0,1.2333,0,48.65,0,0.1636,0.06011,0.15388,0.060338,2,0,1.2333,0,97.3,0,0,1,0,1.2333,0,48.65
1220,12,150.93,151.1,20,1,65,1,0,0.1667,0,359.93,0,1,0,0.1667,0,359.93,0,0.13514,0.057306,0.13464,0.05718,2,0,0.1667,0,719.86,0,0,1,0,0.1667,0,359.93
1220,12,151.3,151.37,20,1,66,1,0,0.0666,0,900.9,0,1,0,0.0666,0,900.9,0,0.10965,0.053042,0.10965,0.053042,2,0,0.0666,0,1801.8,0,0,1,0,0.0666,0,900.9
1220,12,152.03,152.23,15,1,67,0,0,0,0,0,0,0,0.66683,0,0.13337,0,300,0.10614,0.033346,0.10574,0.033337,0,2,0,0.2,0,600,0,1,0,0.2,0,300
1220,12,152.33,152.47,20,1,68,0,0.49962,0,0.0666,0,450.11,0,0,0,0,0,0,0.12008,0.036514,0.11922,0.036523,1,0,0.1333,0,450.11,0,0,1,0,0.1333,0,450.11
1220,12,152.57,152.8,20,1,69,0,1,0,0.2333,0,257.18,0.71439,0,0.16667,0,257.18,0,0.12745,0.036208,0.12736,0.03669,1,0,0.2333,0,257.18,0,0,1,0,0.2333,0,257.18
1220,12,161.9,162.03,15,1,70,0,1,0,0.1333,0,450.11,0,0,0,0,0,0,0.10467,0.041772,0.10409,0.041839,0,2,0,0.1333,0,900.23,0,1,0,0.1333,0,450.11
1220,12,163.8,163.9,15,1,71,1,0,0.1,0,600,0,0,1,0,0.1,0,600,0.11481,0.03836,0.11493,0.03849,0,0,0,0,600,0,0,1,0,0.1,0,600
1220,12,163.97,164,15,1,72,1,0,0.0333,0,1801.8,0,0,1,0,0.0333,0,1801.8,0,0,0,0,1,0,0.0333,0,1801.8,0,0,1,0,0.0333,0,1801.8
1220,12,164.13,164.2,23,1,73,0,0,0,0,0,0,0,1,0,0.0667,0,899.55,0.18783,0.058358,0.18783,0.058358,0,1,0,0.0667,0,899.55,0,1,0,0.0667,0,899.55
1220,12,164.23,164.6,23,1,74,0,0,0,0,0,0,0,1,0,0.3667,0,163.62,0.19429,0.057871,0.19556,0.058619,0,1,0,0.3667,0,163.62,0,1,0,0.3667,0,163.62
1220,12,175.13,175.5,20,1,75,0,0.090901,0,0.033333,0,163.62,0,1,0,0.3667,0,163.62,0.11279,0.047164,0.11262,0.048467,0,0,0,0,0,0,0,1,0,0.3667,0,163.62
1220,12,176.13,176.2,15,1,76,0,0,0,0,0,0,0,1,0,0.0667,0,899.55,0.10622,0.059116,0.10622,0.059116,0,0,0,0,0,0,0,0.9995,0,0.066667,0,899.55
1220,12,179.2,180.03,23,1,77,0,0.79999,0,0.33332,0,144.01,0,0.92,0,0.38332,0,144.01,0.10369,0.032607,0.10509,0.032473,0,1,0,0.8333,0,72.003,0,1,0,0.8333,0,72.003
1220,12,180.43,180.87,23,1,78,0,0,0,0,0,0,0,1,0,0.4333,0,138.47,0.10773,0.039178,0.10835,0.037373,0,0,0,0,0,0,0,0.99992,0,0.43327,0,138.47
1220,12,181,181.23,23,1,79,0,0.42849,0,0.099967,0,257.18,0,1,0,0.2333,0,257.18,0.10872,0.04062,0.11215,0.040694,0,0,0,0,0,0,0,1,0,0.2333,0,257.18
1220,12,182.8,183.1,12,1,80,0,1,0,0.3,0,200,0,1,0,0.3,0,200,0.096024,0.037934,0.096953,0.037684,0,1,0,0.3,0,200,0,1,0,0.3,0,200
1220,12,190.63,190.7,9,1,81,0,0,0,0,0,0,0,1,0,0.0667,0,899.55,0.073665,0.023878,0.073665,0.023878,0,2,0,0.0667,0,1799.1,0,1,0,0.0667,0,899.55
1220,12,190.83,190.93,9,1,82,0,0,0,0,0,0,0,1,0,0.1,0,600,0.071252,0.027299,0.070752,0.027329,0,2,0,0.1,0,1200,0,1,0,0.1,0,600
1220,12,190.93,191,14,1,83,0,0.9995,0,0.066667,0,899.55,0,1,0,0.0667,0,899.55,0.12018,0.036038,0.12018,0.036038,0,2,0,0.0667,0,1799.1,0,1,0,0.0667,0,899.55
1220,12,198.17,198.33,5,1,84,0,1,0,0.1666,0,360.14,0,1,0,0.1666,0,360.14,0.11418,0.038343,0.11386,0.038619,0,1.6,0,0.13328,0,720.29,0,2,0,0.1666,0,720.29
1220,12,198.77,198.8,5,1,85,0,1,0,0.0333,0,1801.8,0,1,0,0.0333,0,1801.8,0,0,0,0,0,0,0,0,0,0,0,2,0,0.0333,0,3603.6
1220,12,199.07,199.13,6,1,86,0,0,0,0,0,0,0,1,0,0.0666,0,900.9,0.14411,0.050052,0.14411,0.050052,0,0,0,0,0,0,1,1,0.0666,0.0666,900.9,900.9
1220,12,199.2,199.6,1,1,87,0.75,0,0.3,0,150,0,1,0,0.4,0,150,0,0.23661,0.039775,0.23584,0.037998,0,0,0,0,0,0,1,1,0.4,0.4,150,150
1220,12,199.67,200.2,1,1,88,1,0,0.5333,0,112.51,0,1,0,0.5333,0,112.51,0,0.18514,0.034124,0.18338,0.033875,0,0,0,0,0,0,0.50003,1,0.26667,0.5333,112.51,112.51
1220,12,200.63,200.73,20,1,89,0,1,0,0.1,0,600,0,1,0,0.1,0,600,0.22655,0.058084,0.2277,0.058315,0,0,0,0,0,0,0,2,0,0.1,0,1200
1220,12,200.87,201.37,15,1,90,0,1,0,0.4999,0,120.02,0,1,0,0.4999,0,120.02,0.23708,0.049009,0.23886,0.04897,0,0,0,0,0,0,0,2,0,0.4999,0,240.05
1220,12,201.4,201.43,20,1,91,0,1,0,0.0333,0,1801.8,0,1,0,0.0333,0,1801.8,0.27471,0.05297,0.27471,0.05297,0,0,0,0,0,0,0,2,0,0.0333,0,3603.6
1220,12,201.93,202.13,20,1,92,0,1,0,0.2,0,300,0,0.66683,0,0.13337,0,300,0.23869,0.053364,0.2399,0.053782,0,0,0,0,0,0,0,2,0,0.2,0,600
1220,12,202.17,202.43,1,1,93,1,0,0.2666,0,225.06,0,0,0,0,0,0,0,0.24295,0.053443,0.24938,0.055013,0,0,0,0,0,0,1,1,0.2666,0.2666,225.06,225.06
1220,12,202.93,203.37,1,1,94,1,0,0.4333,0,138.47,0,0,0,0,0,0,0,0.1956,0.044442,0.18521,0.038904,0,0,0,0,0,0,0,1,0,0.4333,0,138.47
1220,12,203.67,203.83,1,1,95,1,0,0.1666,0,360.14,0,0,0,0,0,0,0,0.21416,0.053165,0.21441,0.054615,0.39996,0,0.066633,0,360.14,0,0,1,0,0.1666,0,360.14
1220,12,204,204.17,1,1,96,1,0,0.1666,0,360.14,0,0.19968,0,0.033267,0,360.14,0,0.14554,0.029157,0.14693,0.029289,1,0,0.1666,0,360.14,0,0,1,0,0.1666,0,360.14
1220,12,211.4,211.87,23,1,97,0,0.42849,0,0.19993,0,128.59,0,1,0,0.4666,0,128.59,0.1196,0.035967,0.12073,0.035739,0,0,0,0,0,0,0,1,0,0.4666,0,128.59
1220,12,212.03,212.7,23,1,98,0,0.95,0,0.31668,0,179.99,0,4.9998e-05,0,3.3333e-05,0,89.996,0.1157,0.029229,0.11607,0.029647,0,0,0,0,0,0,0,0.99995,0,0.33333,0,179.99
1220,12,213.9,214.67,23,1,99,0,0.39134,0,0.3,0,78.268,0,0.13036,0,0.049967,0,156.54,0.088837,0.029539,0.09082,0.029874,0,0,0,0,0,0,0,1,0,0.7666,0,78.268
1220,12,215.1,215.2,23,1,100,0,0,0,0,0,0,0,1,0,0.1,0,600,0.092266,0.032185,0.097396,0.03283,0,0,0,0,0,0,0,1,0,0.1,0,600
1220,12,216.33,216.47,20,1,101,0,0,0,0,0,0,0,0,0,0,0,0,0.084958,0.037722,0.085337,0.037963,0,0.74969,0,0.099933,0,450.11,0,1,0,0.1333,0,450.11
1220,12,224.1,224.67,15,1,102,0.17649,0.70585,0.1,0.39993,105.89,105.89,0,0.29403,0,0.1666,0,105.89,0.089824,0.028975,0.085547,0.026839,0,0,0,0,0,0,0,1,0,0.5666,0,105.89
1220,12,224.8,225.2,15,1,103,0,0,0,0,0,0,0,1,0,0.4,0,150,0.10179,0.030395,0.098945,0.030482,0,0,0,0,0,0,0,1,0,0.4,0,150
1220,12,225.43,225.47,15,1,104,0,0,0,0,0,0,0,1,0,0.0333,0,1801.8,0.090313,0.028865,0.090313,0.028865,0,0,0,0,0,0,0,1,0,0.0333,0,1801.8
1220,12,227.13,227.3,15,1,105,0,0,0,0,0,0,1,0,0.1667,0,359.93,0,0.13343,0.040106,0.1349,0.03678,0,0,0,0,0,0,0,1,0,0.1667,0,359.93
1220,12,227.33,227.4,20,1,106,0,0,0,0,0,0,0,1,0,0.0667,0,899.55,0.092451,0.040723,0.092451,0.040723,0,0,0,0,0,0,0,1,0,0.0667,0,899.55
1220,12,227.63,227.7,22,1,107,0,0,0,0,0,0,0,0.00049975,0,3.3333e-05,0,899.55,0.052655,0,0.052655,0,0,0,0,0,0,0,0,1,0,0.0667,0,899.55
1220,12,230,230.03,15,1,108,0,1,0,0.0333,0,1801.8,0,1,0,0.0333,0,1801.8,0.1102,0.030995,0.1102,0.030995,0,0,0,0,0,0,0,1,0,0.0333,0,1801.8
1220,12,233.63,234.27,15,1,109,0,5.2634e-05,0,3.3333e-05,0,94.742,0,1,0,0.6333,0,94.742,0.092041,0.02964,0.091289,0.028812,0,0,0,0,0,0,0,1,0,0.6333,0,94.742
1220,12,234.6,234.9,15,1,110,0,1,0,0.3,0,200,0,1,0,0.15,0,400,0.086345,0.033393,0.086237,0.03346,0,0,0,0,0,0,0,1,0,0.3,0,200
1220,12,240.9,241.1,1,1,111,0,0.5,0,0.1,300,300,0,1,0,0.2,0,300,0.16791,0.052711,0.17185,0.051743,0,2,0,0.2,0,600,1,1,0.2,0.2,300,300
1220,12,241.57,241.67,15,1,112,0,0.33333,0,0.0333,0,600.6,0,0.33333,0,0.0333,0,600.6,0.16312,0.05352,0.16312,0.05352,0,1,0,0.0999,0,600.6,0,2,0,0.0999,0,1201.2
1220,12,241.9,241.97,23,1,113,0,0,0,0,0,0,0,1,0,0.0666,0,900.9,0.1006,0.038211,0.1006,0.038211,0,1,0,0.0666,0,900.9,0,2,0,0.0666,0,1801.8
1220,12,257.8,258.2,5,1,114,0,0,0,0,0,0,0,0,0,0,0,0,0.11343,0.050655,0.11326,0.050996,0,0,0,0,0,0,0,1,0,0.4,0,150
1220,12,258.63,259.67,5,1,115,0,0.25807,0,0.26667,0,58.066,0,0.93548,0,0.48332,0,116.13,0.13084,0.042392,0.13101,0.040211,0,0.54834,0,0.5666,0,58.066,0,1,0,1.0333,0,58.066
1220,12,261.23,261.27,3,1,116,0,1,0,0.0333,0,1801.8,0,0,0,0,0,0,0.15044,0.046815,0.15044,0.046815,0,0,0,0,0,0,0,1,0,0.0333,0,1801.8
1220,12,261.47,261.5,15,1,117,0,0,0,0,0,0,0,0,0,0,0,0,0,0,0,0,0,0,0,0,0,0,0,1,0,0.0333,0,1801.8
1220,12,269.33,269.57,15,1,118,0,1,0,0.2333,0,257.18,0,0,0,0,0,0,0.12509,0.034354,0.12458,0.03443,0,0,0,0,0,0,0,0.99986,0,0.23327,0,257.18
1220,12,277.67,278.23,23,1,119,0,0.1176,0,0.066633,0,105.89,0,0.35292,0,0.19997,0,105.89,0.16777,0.051528,0.16843,0.050697,0,2,0,0.5666,0,211.79,0,1,0,0.5666,0,105.89
1220,12,278.5,278.77,10,1,120,1,0,0.2666,0,225.06,0,1,0,0.2666,0,225.06,0,0.1655,0.065382,0.16734,0.062048,2,0,0.2666,0,450.11,0,0,1,0,0.2666,0,225.06
1220,12,278.93,280.33,10,1,121,0.90479,0,1.2667,0,42.857,0,1,0,1.4,0,42.857,0,0.19206,0.063766,0.18217,0.063234,1.7381,0,0.81111,0,128.57,0,0,1,0,1.4,0,42.857
1220,12,280.97,281.07,15,1,122,0,1,0,0.0999,0,600.6,0,0,0,0,0,0,0.11404,0.041088,0.11404,0.041088,0,2,0,0.0999,0,1201.2,0,1,0,0.0999,0,600.6
1220,12,281.33,281.43,15,1,123,0,1,0,0.1,0,600,0,1,0,0.1,0,600,0.11269,0.03784,0.11367,0.037805,0,2,0,0.1,0,1200,0,1,0,0.1,0,600
1220,12,282.53,282.63,15,1,124,0,0.667,0,0.0667,0,600,0,0,0,0,0,0,0.095993,0.040798,0.096185,0.040354,0,2,0,0.1,0,1200,0,1,0,0.1,0,600
1220,12,283.87,284.13,15,1,125,0,1,0,0.2666,0,225.06,0,0.75006,0,0.19997,0,225.06,0.11434,0.040787,0.11502,0.040647,0,2,0,0.2666,0,450.11,0,1,0,0.2666,0,225.06
1220,12,284.6,284.77,15,1,126,0,1,0,0.1666,0,360.14,0,0,0,0,0,0,0.10557,0.035577,0.10547,0.035728,0,2,0,0.1666,0,720.29,0,1,0,0.1666,0,360.14
1220,12,285.13,285.2,15,1,127,0,1,0,0.0667,0,899.55,0,0,0,0,0,0,0.11655,0.034214,0.11655,0.034214,0,2,0,0.0667,0,1799.1,0,1,0,0.0667,0,899.55
1220,12,285.8,285.97,15,1,128,0,0,0,0,0,0,0,0,0,0,0,0,0.10531,0.037478,0.10547,0.037378,0,2,0,0.1666,0,720.29,0,1,0,0.1666,0,360.14
1220,12,286.57,287.17,15,1,129,0,0.88893,0,0.53327,0,100.02,0,1,0,0.5999,0,100.02,0.16462,0.047982,0.16043,0.047176,0,2,0,0.5999,0,200.03,0,1,0,0.5999,0,100.02
1220,12,288.3,288.8,15,1,130,0,1,0,0.5,0,120,0,0,0,0,0,0,0.16645,0.058995,0.16987,0.057292,0,2,0,0.5,0,240,0,1,0,0.5,0,120
1220,12,288.8,288.87,5,1,131,0,1,0,0.0666,0,900.9,0,0,0,0,0,0,0.12219,0.046515,0.12219,0.046515,0,2,0,0.0666,0,1801.8,0,1,0,0.0666,0,900.9
1220,12,289.13,289.2,5,1,132,0,1,0,0.0667,0,899.55,0,1,0,0.0667,0,899.55,0.14056,0.044597,0.14056,0.044597,0,2,0,0.0667,0,1799.1,0,1,0,0.0667,0,899.55
1220,12,289.2,289.7,15,1,133,0,0.33333,0,0.16667,0,120,0,0.73333,0,0.36667,0,120,0.16099,0.057062,0.16325,0.056617,0,2,0,0.5,0,240,0,1,0,0.5,0,120
1220,12,290.2,290.27,15,1,134,0,0,0,0,0,0,0,0,0,0,0,0,0.14643,0.055404,0.14643,0.055404,0,2,0,0.0666,0,1801.8,0,1,0,0.0666,0,900.9
1220,12,290.53,290.63,15,1,135,0,1,0,0.1,0,600,0,0,0,0,0,0,0.13212,0.052067,0.1321,0.052029,0,2,0,0.1,0,1200,0,1,0,0.1,0,600
1220,12,291.23,291.37,15,1,136,0,1,0,0.1333,0,450.11,0,0.24956,0,0.033267,0,450.11,0.15106,0.048694,0.15104,0.049026,0,2,0,0.1333,0,900.23,0,1,0,0.1333,0,450.11
1220,12,291.73,291.83,10,1,137,1,0,0.1,0,600,0,0,1,0,0.1,0,600,0.22655,0.056362,0.21463,0.0555,1,0,0.1,0,600,0,0,1,0,0.1,0,600
1220,12,291.97,292.07,10,1,138,1,0,0.0999,0,600.6,0,0,1,0,0.0999,0,600.6,0.16513,0.053418,0.16513,0.053418,1,0,0.0999,0,600.6,0,0,1,0,0.0999,0,600.6
1220,12,292.13,292.43,15,1,139,0,1,0,0.3,0,200,0,1,0,0.3,0,200,0.13242,0.049585,0.13158,0.049809,0,1.5554,0,0.23332,0,400,0,1,0,0.3,0,200
1220,12,293.17,293.33,23,1,140,0,0,0,0,0,0,0,1,0,0.1666,0,360.14,0.13328,0.04587,0.1332,0.045831,0,1.1999,0,0.09995,0,720.29,0,1,0,0.1666,0,360.14
1220,12,293.7,293.73,23,1,141,0,1,0,0.0333,0,1801.8,0,1,0,0.0333,0,1801.8,0.13216,0.049479,0.13216,0.049479,0,1,0,0.0333,0,1801.8,0,1,0,0.0333,0,1801.8
1220,12,295.1,295.13,23,1,142,0,1,0,0.0333,0,1801.8,0,1,0,0.0333,0,1801.8,0.12373,0.042668,0.12373,0.042668,0,2,0,0.0333,0,3603.6,0,1,0,0.0333,0,1801.8
1220,12,295.2,295.47,23,1,143,0,1,0,0.2666,0,225.06,0,1,0,0.2666,0,225.06,0.13187,0.045723,0.13148,0.04643,0,2,0,0.2666,0,450.11,0,1,0,0.2666,0,225.06
1220,12,295.5,295.6,23,1,144,0,1,0,0.1,0,600,0,1,0,0.1,0,600,0.14251,0.046545,0.14203,0.046197,0,1,0,0.1,0,600,0,1,0,0.1,0,600
1220,12,296.27,296.37,15,1,145,0,0.667,0,0.066633,0,600.6,0,0,0,0,0,0,0.16805,0.053467,0.16805,0.053467,0,2,0,0.0999,0,1201.2,0,1,0,0.0999,0,600.6
1220,12,298.2,298.57,15,1,146,0,0,0,0,0,0,0.54537,0,0.19993,0,163.67,0,0.12343,0.038841,0.12196,0.039092,0,1,0,0.3666,0,163.67,0,1,0,0.3666,0,163.67
1220,12,299.13,299.2,15,1,147,0,1,0,0.0667,0,899.55,0.50025,0,0.033367,0,899.55,0,0.15977,0.046285,0.15977,0.046285,1,1,0.0667,0.0667,899.55,899.55,0,1,0,0.0667,0,899.55
1220,12,299.23,299.27,15,1,148,0,1,0,0.0333,0,1801.8,0,0,0,0,0,0,0.1207,0.04194,0.1207,0.04194,1,1,0.0333,0.0333,1801.8,1801.8,0,1,0,0.0333,0,1801.8
1220,12,299.5,300.07,15,1,149,0,0.82351,0,0.2333,0,211.79,0.47053,0,0.2666,0,105.89,0,0.12031,0.033919,0.1231,0.034286,1.1175,0.17649,0.3166,0.1,211.79,105.89,0,1,0,0.5666,0,105.89
1220,12,300.2,300.27,3,1,150,0,1,0,0.0666,0,900.9,0,0,0,0,0,0,0.08222,0.030926,0.08222,0.030926,0,2,0,0.0666,0,1801.8,0,1,0,0.0666,0,900.9
1220,12,353.37,354.23,15,1,151,0.57697,0.076891,0.5,0.066633,69.236,69.236,0,0,0,0,0,0,0.13659,0.039313,0.13664,0.038825,0,1.2307,0,0.53328,0,138.47,0,1.3846,0,0.59995,0,138.47
1220,12,355.43,355.47,23,1,152,0,1,0,0.0333,0,1801.8,0,0,0,0,0,0,0.14409,0.045722,0.14409,0.045722,0,1,0,0.0333,0,1801.8,0,2,0,0.0333,0,3603.6
1220,12,355.47,356.07,15,1,153,0,1,0,0.5999,0,100.02,0,0,0,0,0,0,0.12534,0.041971,0.12561,0.041913,0,1,0,0.5999,0,100.02,0,2,0,0.5999,0,200.03
1220,12,356.1,357.13,15,1,154,0,1,0,1.0333,0,58.066,0,0.22578,0,0.2333,0,58.066,0.12391,0.04333,0.12432,0.043507,0,1,0,1.0333,0,58.066,0,2,0,1.0333,0,116.13
1220,12,357.83,357.97,23,1,155,0,1,0,0.1333,0,450.11,0,1,0,0.1333,0,450.11,0.16102,0.05554,0.16094,0.055301,0,1,0,0.1333,0,450.11,0,2,0,0.1333,0,900.23
1220,12,361.03,361.13,20,1,156,0,0,0,0,0,0,0,0,0,0,0,0,0.10428,0.059659,0.10557,0.055202,1,1,0.1,0.1,600,600,0,2,0,0.1,0,1200
1220,12,361.53,361.8,10,1,157,0,0,0,0,0,0,0,1,0,0.2667,0,224.97,0.072258,0.027974,0.075247,0.028382,0,2,0,0.2667,0,449.94,0,2,0,0.2667,0,449.94
1220,12,362.13,362.23,23,1,158,0,0,0,0,0,0,0,1,0,0.1,0,600,0.13321,0.036991,0.13207,0.03796,0,2,0,0.1,0,1200,0,2,0,0.1,0,1200
1220,12,362.27,362.3,15,1,159,0,0,0,0,0,0,0,1,0,0.0333,0,1801.8,0,0,0,0,0,2,0,0.0333,0,3603.6,0,2,0,0.0333,0,3603.6
1220,12,362.3,362.33,23,1,160,0,0,0,0,0,0,0,1,0,0.0333,0,1801.8,0.1311,0.048839,0.1311,0.048839,0,2,0,0.0333,0,3603.6,0,2,0,0.0333,0,3603.6
1220,12,362.9,362.93,23,1,161,0,1,0,0.0333,0,1801.8,0,1,0,0.0333,0,1801.8,0.08375,0.042882,0.08375,0.042882,0,2,0,0.0333,0,3603.6,0,2,0,0.0333,0,3603.6
1220,12,365.6,365.63,23,1,162,0,1,0,0.0333,0,1801.8,0,1,0,0.0333,0,1801.8,0.18112,0.065467,0.18112,0.065467,0,2,0,0.0333,0,3603.6,0,2,0,0.0333,0,3603.6
1220,12,368.3,370.7,5,1,163,0,0.55556,0,0.66667,0,50,0,1,0,2.4,0,25,0.18004,0.078876,0.18124,0.075673,0,2,0,2.4,0,50,0,2,0,2.4,0,50
1220,12,371.33,371.6,15,1,164,0,1,0,0.2667,0,224.97,0,0.37508,0,0.10003,0,224.97,0.1449,0.068756,0.14395,0.068785,0,2,0,0.2667,0,449.94,0,2,0,0.2667,0,449.94
1220,12,371.67,371.83,15,1,165,0,1,0,0.1666,0,360.14,0,0,0,0,0,0,0.14561,0.051474,0.1463,0.051287,0,2,0,0.1666,0,720.29,0,2,0,0.1666,0,720.29
1220,12,372.5,372.53,15,1,166,0,1,0,0.0333,0,1801.8,0,0,0,0,0,0,0.14207,0.045486,0.14207,0.045486,0,2,0,0.0333,0,3603.6,0,2,0,0.0333,0,3603.6
1220,12,373.73,373.93,10,1,167,0,0,0,0,0,0,0,0,0,0,0,0,0.079604,0.037104,0.079775,0.036987,0,1.5002,0,0.15002,0,600,0,2,0,0.2,0,600
1220,12,374.33,374.37,20,1,168,0,1,0,0.0333,0,1801.8,0,1,0,0.0333,0,1801.8,0.068848,0.027365,0.068848,0.027365,1,0,0.0333,0,1801.8,0,0,2,0,0.0333,0,3603.6
1220,12,374.73,375,16,1,169,1,0,0.2667,0,224.97,0,0,0.87502,0,0.23337,0,224.97,0.061922,0.014701,0.064956,0.014062,1,1,0.2667,0.2667,224.97,224.97,0,2,0,0.2667,0,449.94
1220,12,375.33,375.43,20,1,170,0,1,0,0.1,0,600,0,1,0,0.1,0,600,0.10113,0.037314,0.10249,0.035533,1,1,0.1,0.1,600,600,0,2,0,0.1,0,1200
1220,12,375.43,375.47,16,1,171,1,0,0.0333,0,1801.8,0,0,0.001001,0,3.3333e-05,0,1801.8,0.062747,0.029209,0.062747,0.029209,1,1,0.0333,0.0333,1801.8,1801.8,0,2,0,0.0333,0,3603.6
1220,12,375.6,376.9,10,1,172,0,0.17949,0,0.23333,0,46.154,0,0.79487,0,1.0333,0,46.154,0.10252,0.030469,0.090176,0.026821,0,2,0,1.3,0,92.308,0,2,0,1.3,0,92.308
1220,12,377.4,377.43,3,1,173,0,0,0,0,0,0,0,1,0,0.0333,0,1801.8,0.19777,0.079975,0.19777,0.079975,0,2,0,0.0333,0,3603.6,0,2,0,0.0333,0,3603.6
1220,12,377.53,377.6,3,1,174,0,0,0,0,0,0,0,1,0,0.0667,0,899.55,0.21234,0.078955,0.21234,0.078955,0,2,0,0.0667,0,1799.1,0,2,0,0.0667,0,1799.1
1220,12,379.37,380,15,1,175,0,0,0,0,0,0,0,0,0,0,0,0,0.10822,0.02381,0.10712,0.023461,0,1,0,0.6333,0,94.742,0,1.7895,0,0.56665,0,189.48
1220,12,381,381.67,7,1,176,0,0,0,0,0,0,0.39994,0,0.2666,0,90.009,0,0.060002,0,0.060859,0,0,1,0,0.6666,0,90.009,0,2,0,0.6666,0,180.02
1220,12,381.97,382.4,15,1,177,0,0.38464,0,0.16667,0,138.47,0,0.53843,0,0.11665,0,276.94,0.11484,0.032945,0.11583,0.032472,0,1,0,0.4333,0,138.47,0,2,0,0.4333,0,276.94
1220,12,382.53,382.67,15,1,178,0,1,0,0.1333,0,450.11,0,0.25031,0,0.033367,0,450.11,0.12214,0.028143,0.12309,0.028216,0,1,0,0.1333,0,450.11,0,2,0,0.1333,0,900.23
1220,12,382.87,384,15,1,179,0,1,0,1.1333,0,52.943,0,0,0,0,0,0,0.12122,0.030006,0.1187,0.030239,0,1,0,1.1333,0,52.943,0,2,0,1.1333,0,105.89
1220,12,394.6,395.03,15,1,180,0,1,0,0.4333,0,138.47,0,0,0,0,0,0,0.11058,0.029445,0.10881,0.030377,0,1,0,0.4333,0,138.47,0,2,0,0.4333,0,276.94
1220,12,395.2,396.43,15,1,181,0,0.94594,0,0.58332,0,97.3,0,0,0,0,0,0,0.12555,0.033584,0.12093,0.034897,0,1,0,1.2333,0,48.65,0,2,0,1.2333,0,97.3
1220,12,397.87,399.17,15,1,182,0,0.58974,0,0.7666,0,46.157,0,0,0,0,0,0,0.10555,0.033686,0.106,0.033661,0,1,0,1.2999,0,46.157,0,2,0,1.2999,0,92.315
1220,12,406.53,406.97,15,1,183,1,0,0.4333,0,138.47,0,1,0,0.4333,0,138.47,0,0.1498,0.057668,0.15741,0.058272,1,0,0.4333,0,138.47,0,0,2,0,0.4333,0,276.94
1220,12,411.07,412.3,15,1,184,1,0,1.2333,0,48.65,0,0.67567,0,0.41665,0,97.3,0,0.19092,0.036369,0.1966,0.035483,2,0,1.2333,0,97.3,0,0,2,0,1.2333,0,97.3
1220,12,412.47,413,23,1,185,0,1,0,0.5333,0,112.51,0,0.62498,0,0.3333,0,112.51,0.13047,0.034663,0.1332,0.035308,0,2,0,0.5333,0,225.01,0,2,0,0.5333,0,225.01
1220,12,413.17,413.27,23,1,186,0,1,0,0.0999,0,600.6,0,0,0,0,0,0,0.11102,0.038729,0.11102,0.038729,0,1,0,0.0999,0,600.6,0,2,0,0.0999,0,1201.2
1220,12,414.17,415.17,23,1,187,0,1,0,0.9999,0,60.006,0,1,0,0.9999,0,60.006,0.2074,0.067921,0.21427,0.06869,0,0.70004,0,0.69997,0,60.006,0,2,0,0.9999,0,120.01
1220,12,418.1,418.53,12,1,188,0,1,0,0.4333,0,138.47,0,1,0,0.4333,0,138.47,0.15228,0.083926,0.15273,0.083733,0,1,0,0.4333,0,138.47,0,1,0,0.4333,0,138.47
1220,12,427.97,428.7,23,1,189,1,0,0.7333,0,81.822,0,1,0,0.7333,0,81.822,0,0.1358,0.023402,0.12853,0.025841,1,1,0.7333,0.7333,81.822,81.822,0,1,0,0.7333,0,81.822
1220,12,428.83,428.87,15,1,190,0,1,0,0.0333,0,1801.8,0,1,0,0.0333,0,1801.8,0.17589,0.036496,0.17589,0.036496,1,1,0.0333,0.0333,1801.8,1801.8,0,0.999,0,0.033267,0,1801.8
1220,12,428.97,429.07,23,1,191,1,0,0.0999,0,600.6,0,1,0,0.0999,0,600.6,0,0.10802,0.027747,0.10802,0.027747,1,1,0.0999,0.0999,600.6,600.6,0,2,0,0.0999,0,1201.2
1220,12,429.2,429.27,23,1,192,1,0,0.0666,0,900.9,0,1,0,0.0666,0,900.9,0,0.14423,0.030669,0.14423,0.030669,1,1,0.0666,0.0666,900.9,900.9,0,2,0,0.0666,0,1801.8
1220,12,429.53,429.77,15,1,193,0,1,0,0.2333,0,257.18,0,0.99986,0,0.23327,0,257.18,0.10033,0.024989,0.089714,0.024339,1,1,0.2333,0.2333,257.18,257.18,0,2,0,0.2333,0,514.36
1220,12,431.2,431.27,16,1,194,0,0,0,0,0,900.9,0,0.5005,0,0.033333,0,900.9,0.1081,0.035706,0.1081,0.035706,0,2,0,0.0666,0,1801.8,0,1,0,0.0333,0,1801.8
1220,12,431.33,431.6,23,1,195,0,0.99988,0,0.26667,0,224.97,0,0,0,0,0,0,0.16384,0.038763,0.16346,0.038142,0,2,0,0.2667,0,449.94,0,1,0,0.2667,0,224.97
1220,12,431.63,432.33,23,1,196,0,0.90481,0,0.63337,0,85.714,0.57138,0,0.39997,0,85.714,0,0.17802,0.041029,0.17974,0.040971,0,2,0,0.7,0,171.43,0,1.5237,0,0.5333,0,171.43
1220,12,432.6,432.67,23,1,197,0,0,0,0,0,0,1,0,0.0666,0,900.9,0,0.09946,0.033073,0.09946,0.033073,0,2,0,0.0666,0,1801.8,0,2,0,0.0666,0,1801.8
1220,12,432.8,432.87,5,1,198,0,0,0,0,0,0,0,1,0,0.0666,0,900.9,0.10054,0.033513,0.10054,0.033513,0,2,0,0.0666,0,1801.8,0,1,0,0.0666,0,900.9
1220,12,434.63,435.07,20,1,199,0,1,0,0.4333,0,138.47,0,1,0,0.4333,0,138.47,0.30939,0.050581,0.31701,0.049572,1,1,0.4333,0.4333,138.47,138.47,0,1,0,0.4333,0,138.47
1220,12,436.07,436.13,15,1,200,0,1,0,0.0666,0,900.9,0,1,0,0.0666,0,900.9,0.12837,0.042928,0.12837,0.042928,1,0,0.0666,0,900.9,0,0,1,0,0.0666,0,900.9
1220,12,442.23,442.77,23,1,201,1,0,0.5333,0,112.51,0,0,0.43746,0,0.11665,0,225.01,0.12515,0.038441,0.12115,0.038253,0.24989,1,0.13327,0.5333,112.51,112.51,0,0.99994,0,0.53327,0,112.51
1220,12,442.9,443.1,23,1,202,0.33333,0,0.066667,0,300,0,0,1,0,0.2,0,300,0.14937,0.040559,0.14874,0.041157,1,1,0.2,0.2,300,300,0,1,0,0.2,0,300
1220,12,443.1,443.13,15,1,203,0,0,0,0,0,0,0,1,0,0.0333,0,1801.8,0.25664,0.045169,0.25664,0.045169,1,1,0.0333,0.0333,1801.8,1801.8,0,1,0,0.0333,0,1801.8
1220,12,443.13,443.27,23,1,204,0,0,0,0,0,0,0,1,0,0.1333,0,450.11,0.18089,0.036071,0.18672,0.036106,1,1,0.1333,0.1333,450.11,450.11,0,1,0,0.1333,0,450.11
1220,12,443.77,443.9,20,1,205,0,1,0,0.1333,0,450.11,0,1,0,0.1333,0,450.11,0.07255,0.031675,0.072572,0.031619,0,1.4999,0,0.099967,0,900.23,0,1.4999,0,0.099967,0,900.23
1220,12,444.53,444.57,15,1,206,1,0,0.0333,0,1801.8,0,0,1,0,0.0333,0,1801.8,0.14001,0.04977,0.14001,0.04977,1,1,0.0333,0.0333,1801.8,1801.8,0,1,0,0.0333,0,1801.8
1220,12,444.7,444.73,23,1,207,0,1,0,0.0333,0,1801.8,0,1,0,0.0333,0,1801.8,0.16143,0.049731,0.16143,0.049731,1,1,0.0333,0.0333,1801.8,1801.8,0,1,0,0.0333,0,1801.8
1220,12,445.67,445.77,23,1,208,0,0,0,0,0,0,0,1,0,0.0999,0,600.6,0.12302,0.052493,0.12302,0.052493,1,1,0.0999,0.0999,600.6,600.6,0,1,0,0.0999,0,600.6
1220,12,446.07,446.17,23,1,209,0,0,0,0,0,0,0,1,0,0.0999,0,600.6,0.10974,0.041425,0.10974,0.041425,0.33333,1.6667,0.0333,0.08325,600.6,1201.2,0,1,0,0.0999,0,600.6
1220,12,447.23,447.27,23,1,210,0,0,0,0,0,0,0,1,0,0.0333,0,1801.8,0.12395,0.047913,0.12395,0.047913,0,1,0,0.0333,0,1801.8,0,1,0,0.0333,0,1801.8
1220,12,447.67,448.07,23,1,211,0,0,0,0,0,0,0,1,0,0.3999,0,150.04,0.29847,0.083256,0.30281,0.082845,0,0,0,0,0,0,0,1.4166,0,0.28325,0,300.08
1220,12,448.13,448.27,15,1,212,0,0,0,0,0,0,1,0,0.1333,0,450.11,0,0.28559,0.077822,0.28584,0.076743,1,0,0.1333,0,450.11,0,0,1.5004,0,0.1,0,900.23
1220,12,471.67,471.73,5,1,213,0,0,0,0,0,0,0,1,0,0.0666,0,900.9,0.10449,0.041587,0.10449,0.041587,0,2,0,0.0666,0,1801.8,0,1,0,0.0666,0,900.9
1220,12,471.87,471.9,5,1,214,0,0,0,0,0,0,0,1,0,0.0333,0,1801.8,0,0,0,0,0,2,0,0.0333,0,3603.6,0,1,0,0.0333,0,1801.8
1220,12,472.33,472.37,5,1,215,0,1,0,0.0333,0,1801.8,0,1,0,0.0333,0,1801.8,0.1163,0.04153,0.1163,0.04153,0,2,0,0.0333,0,3603.6,0,1,0,0.0333,0,1801.8
1220,12,472.5,472.57,5,1,216,0,1,0,0.0666,0,900.9,0,1,0,0.0666,0,900.9,0.1338,0.049435,0.1338,0.049435,0,2,0,0.0666,0,1801.8,0,1,0,0.0666,0,900.9
1220,12,472.67,472.83,5,1,217,0,1,0,0.1666,0,360.14,0,1,0,0.1666,0,360.14,0.12947,0.042491,0.12986,0.042045,0,2,0,0.1666,0,720.29,0,1,0,0.1666,0,360.14
1220,12,488.57,488.63,15,1,218,0,1,0,0.0666,0,900.9,0,0,0,0,0,0,0.15215,0.069573,0.15215,0.069573,0,2,0,0.0666,0,1801.8,0,1,0,0.0666,0,900.9
1220,12,488.73,488.8,15,1,219,0,1,0,0.0667,0,899.55,0,0,0,0,0,0,0.14409,0.061161,0.14409,0.061161,0,2,0,0.0667,0,1799.1,0,0.9995,0,0.066667,0,899.55
1220,12,491.47,492.5,15,1,220,0,0.35482,0,0.18332,0,116.13,0,0.61289,0,0.6333,0,58.066,0.15135,0.045655,0.15251,0.045524,0,2,0,1.0333,0,116.13,0,1,0,1.0333,0,58.066
1220,12,493,493.03,15,1,221,0,0,0,0,0,0,0,1,0,0.0333,0,1801.8,0.13406,0.044066,0.13406,0.044066,0,2,0,0.0333,0,3603.6,0,1,0,0.0333,0,1801.8
1220,12,507.2,507.37,14,1,222,0,0,0,0,0,0,0,0,0,0,0,0,0.12953,0,0.12758,0,0,0,0,0,0,0,0,1,0,0.1666,0,360.14
1220,12,511.83,512.1,14,1,223,0,0,0,0,0,0,0,0,0,0,0,0,0.18708,0,0.20118,0,0,0,0,0,0,0,0,1,0,0.2667,0,224.97
1220,12,516,516.2,16,1,224,0,0,0,0,0,0,0,0,0,0,0,0,0.80395,0,0.81564,0,0,0,0,0,0,0,0,1,0,0.2,0,300
1220,12,516.6,516.67,16,1,225,0,0,0,0,0,0,0,0,0,0,0,0,0.53204,0.012956,0.53204,0.012956,0,0,0,0,0,0,0,1,0,0.0666,0,900.9
1220,12,517.23,517.33,2,1,226,0,0,0,0,0,0,0,0,0,0,0,0,0.52012,0.011953,0.5201,0.011953,0,0,0,0,0,0,0,1,0,0.1,0,600
1220,12,518.07,518.1,2,1,227,0,0,0,0,0,0,0,0,0,0,0,0,0,0,0,0,0,0,0,0,0,0,0,1,0,0.0333,0,1801.8
1220,12,518.2,518.37,21,1,228,0,0,0,0,0,0,0,0,0,0,0,0,0.46813,0,0.46566,0,0,0,0,0,0,0,0,1,0,0.1666,0,360.14
1220,12,518.53,518.57,22,1,229,0,0,0,0,0,0,0,0,0,0,0,0,0.49016,0,0.49016,0,0,0,0,0,0,0,0,1,0,0.0333,0,1801.8
1220,12,518.7,518.77,20,1,230,0,0,0,0,0,0,0,0,0,0,0,0,0.53646,0,0.53646,0,0,0,0,0,0,0,0,1,0,0.0666,0,900.9
1220,12,518.9,518.93,15,1,231,0,0,0,0,0,0,0,0,0,0,0,0,0.097969,0,0.097969,0,0,0,0,0,0,0,0,1,0,0.0333,0,1801.8
1220,12,521.37,521.87,2,1,232,0,1,0,0.4999,0,120.02,0,1,0,0.4999,0,120.02,0.078997,0.020244,0.079023,0.02038,0,0,0,0,0,0,0,1,0,0.4999,0,120.02
1220,12,578.13,578.17,23,1,233,0,1,0,0.0333,0,1801.8,0,1,0,0.0333,0,1801.8,0.16064,0.042383,0.16064,0.042383,0,1,0,0.0333,0,1801.8,0,1,0,0.0333,0,1801.8
1220,12,579.3,579.73,23,1,234,0,1,0,0.4333,0,138.47,0,1,0,0.4333,0,138.47,0.20868,0.043959,0.21492,0.043157,0,1.3846,0,0.29998,0,276.94,0,1,0,0.4333,0,138.47
1220,12,580.07,580.93,23,1,235,0,1,0,0.8666,0,69.236,0,1,0,0.8666,0,69.236,0.23861,0.053632,0.22949,0.053051,0,1.5769,0,0.68328,0,138.47,0,1,0,0.8666,0,69.236
1220,12,597.63,597.67,23,1,236,0,1,0,0.0333,0,1801.8,0,1,0,0.0333,0,1801.8,0.15633,0.043286,0.15633,0.043286,0,2,0,0.0333,0,3603.6,0,1,0,0.0333,0,1801.8
1220,12,603.17,603.37,23,1,237,0,1,0,0.1999,0,300.15,0,1,0,0.1999,0,300.15,0.19775,0.048014,0.19322,0.048009,0,1,0,0.1999,0,300.15,0,1,0,0.1999,0,300.15
1220,12,606.83,606.9,23,1,238,0,1,0,0.0667,0,899.55,0,1,0,0.0667,0,899.55,0.22873,0.066119,0.22873,0.066119,0,2,0,0.0667,0,1799.1,0,1,0,0.0667,0,899.55
1220,12,615.17,615.4,15,1,239,0,1,0,0.2333,0,257.18,0,1,0,0.2333,0,257.18,0.1202,0.042112,0.11662,0.042368,1,0,0.2333,0,257.18,0,0,1,0,0.2333,0,257.18
1220,12,616.1,616.4,5,1,240,0,1,0,0.3,0,200,0,1,0,0.3,0,200,0.11467,0.041504,0.11271,0.041687,0,2,0,0.3,0,400,0,1,0,0.3,0,200
1220,12,628.43,630.13,5,1,241,0,1,0,1.7,0,35.294,0,1,0,1.7,0,35.294,0.12241,0.040729,0.11458,0.041361,0,0.2941,0,0.49997,0,35.294,0,1,0,1.7,0,35.294
1220,12,630.87,631.07,5,1,242,0,1,0,0.1999,0,300.15,0,1,0,0.1999,0,300.15,0.09027,0.035197,0.09,0.035288,0,1,0,0.1999,0,300.15,0,1,0,0.1999,0,300.15
1220,12,631.23,633.53,5,1,243,0,0.69565,0,0.8,0,52.174,0,1,0,2.3,0,26.087,0.10258,0.035863,0.10176,0.035408,0,1,0,2.3,0,26.087,0,1,0,2.3,0,26.087
1220,12,633.9,634.3,5,1,244,0,1,0,0.4,0,150,0,1,0,0.4,0,150,0.10377,0.036865,0.10202,0.03681,0,1,0,0.4,0,150,0,1,0,0.4,0,150
1220,12,635,635.17,5,1,245,0,1,0,0.1666,0,360.14,0,1,0,0.1666,0,360.14,0.091458,0.035858,0.091823,0.035784,0,1,0,0.1666,0,360.14,0,1,0,0.1666,0,360.14
1220,12,635.73,635.9,5,1,246,0,1,0,0.1667,0,359.93,0,1,0,0.1667,0,359.93,0.092604,0.033277,0.091846,0.033065,0,1,0,0.1667,0,359.93,0,1,0,0.1667,0,359.93
1220,12,636,636.2,5,1,247,0,1,0,0.2,0,300,0,1,0,0.2,0,300,0.091934,0.036353,0.091121,0.035901,0,1,0,0.2,0,300,0,1,0,0.2,0,300
1220,12,636.23,636.37,5,1,248,0,1,0,0.1333,0,450.11,0,1,0,0.1333,0,450.11,0.10564,0.037387,0.10641,0.037859,0,0.50038,0,0.0667,0,450.11,0,1,0,0.1333,0,450.11
1220,12,636.8,636.87,23,1,249,0,1,0,0.0666,0,900.9,0,1,0,0.0666,0,900.9,0.14942,0.042924,0.14942,0.042918,0,0,0,0,0,0,0,1,0,0.0666,0,900.9
1221,12,52.833,52.9,15,1,1,1,0,0.0667,0,899.55,0,0,0,0,0,0,0,0.073665,0.027028,0.073665,0.027028,0,0,0,0,0,0,1,1,0.0667,0.0667,899.55,899.55
1221,12,53.1,53.333,1,1,2,0,1,0,0.2333,0,257.18,0,0,0,0,0,0,0.09723,0.024753,0.10139,0.024781,0,0,0,0,0,0,1,1,0.2333,0.2333,257.18,257.18
1221,12,53.333,54.2,15,1,3,0.2308,0.69228,0.20003,0.6,69.228,69.228,0,0.99996,0,0.86667,0,69.228,0.19701,0.028741,0.19217,0.023034,0,0,0,0,0,0,1,1,0.8667,0.8667,69.228,69.228
1221,12,54.2,54.733,20,1,4,0,1,0,0.5333,0,112.51,0,1,0,0.5333,0,112.51,0.14026,0.02085,0.13134,0.021364,0,0,0,0,0,0,0,2,0,0.5333,0,225.01
1221,12,54.733,55.367,1,1,5,1,0,0.6333,0,94.742,0,1,0,0.6333,0,94.742,0,0.12666,0.021766,0.12783,0.021748,0,0,0,0,0,0,1,1,0.6333,0.6333,94.742,94.742
1221,12,55.367,55.433,20,1,6,0,1,0,0.0666,0,900.9,0,1,0,0.0666,0,900.9,0.13992,0.04162,0.13992,0.04162,0,0,0,0,0,0,0,2,0,0.0666,0,1801.8
1221,12,55.5,56,20,1,7,0,1,0,0.5,0,120,0,1,0,0.5,0,120,0.16871,0.022262,0.17485,0.021335,0,0,0,0,0,0,0,2,0,0.5,0,240
1221,12,56.233,57.333,1,1,8,1,0,1.1,0,54.545,0,1,0,1.1,0,54.545,0,0.15758,0.020713,0.15806,0.02112,0,0,0,0,0,0,1,1,1.1,1.1,54.545,54.545
1221,12,58.333,58.433,1,1,9,1,0,0.1,0,600,0,1,0,0.1,0,600,0,0.066,0,0.067008,0,0,0,0,0,0,0,0,1,0,0.1,0,600
1221,12,58.5,59.767,1,1,10,1,0,1.2666,0,47.371,0,0.26317,0,0.33333,0,47.371,0,0.079491,0.029526,0.07998,0.029986,0,0,0,0,0,0,0,1,0,1.2666,0,47.371
1221,12,62.167,62.2,15,1,11,0,1,0,0.0333,0,1801.8,0,0,0,0,0,0,0,0,0,0,0,0,0,0,0,0,1,1,0.0333,0.0333,1801.8,1801.8
1221,12,62.667,62.7,8,1,12,0,1,0,0.0333,0,1801.8,0,0,0,0,0,0,0,0,0,0,0,0,0,0,0,0,0,2,0,0.0333,0,3603.6
1221,12,63.233,63.267,1,1,13,1,0,0.0333,0,1801.8,0,1,0,0.0333,0,1801.8,0,0.14355,0.016595,0.14355,0.016595,0,0,0,0,0,0,0,1,0,0.0333,0,1801.8
1221,12,63.767,65.1,1,1,14,1,0,1.3333,0,45.001,0,0.47499,0,0.31665,0,90.002,0,0.1819,0.056272,0.20546,0.07791,0.25001,0,0.33333,0,45.001,0,0,1,0,1.3333,0,45.001
1221,12,67.1,67.233,15,1,15,1,0,0.1333,0,450.11,0,0.74994,0,0.099967,0,450.11,0,0.31099,0.025706,0.31116,0.025836,1,1,0.1333,0.1333,450.11,450.11,0,1,0,0.1333,0,450.11
1221,12,72.3,72.567,15,1,16,1,0,0.2666,0,225.06,0,1,0,0.2666,0,225.06,0,0.069366,0.018972,0.070028,0.019032,0,2,0,0.2666,0,450.11,0,1,0,0.2666,0,225.06
1221,12,72.6,72.667,15,1,17,1,0,0.0666,0,900.9,0,1,0,0.0666,0,900.9,0,0.055501,0.022092,0.055501,0.022092,0,2,0,0.0666,0,1801.8,0,1,0,0.0666,0,900.9
1221,12,79.833,80.667,1,1,18,0.59994,0,0.49993,0,72.003,0,0.55994,0.32005,0.4666,0.2667,72.003,72.003,0.21164,0.070481,0.21656,0.067099,0,0.12004,0,0.10003,0,72.003,1,0.99996,0.41667,0.83327,144.01,72.003
1221,12,80.8,81.467,1,1,19,1,0,0.6666,0,90.009,0,0.55006,0,0.36667,0,90.009,0,0.18414,0.018263,0.19159,0.017866,0,0,0,0,0,0,1,1,0.6666,0.6666,90.009,90.009
1221,12,81.733,81.933,21,1,20,0,0,0,0,0,0,0,0,0,0,0,0,0.1235,0.019615,0.12278,0.019578,0,0,0,0,0,0,0,2,0,0.2,0,600
1221,12,83.333,83.367,1,1,21,0,0,0,0,0,0,0,0,0,0,0,0,0.054141,0.018383,0.054141,0.018383,0,0,0,0,0,0,1,1,0.0333,0.0333,1801.8,1801.8
1221,12,83.567,83.6,1,1,22,0,0,0,0,0,0,0,0,0,0,0,0,0,0,0,0,0,0,0,0,0,0,1,1,0.0333,0.0333,1801.8,1801.8
1221,12,83.8,84.067,1,1,23,0,0.87522,0,0.23333,0,225.06,0,0,0,0,0,0,0.15055,0.028875,0.16424,0.027186,0,0,0,0,0,0,1,1,0.2666,0.2666,225.06,225.06
1221,12,84.067,84.133,15,1,24,0,0,0,0,0,0,0,0,0,0,0,0,0.14285,0.033856,0.14285,0.033856,0,0,0,0,0,0,1,1,0.0666,0.0666,900.9,900.9
1221,12,84.2,84.467,20,1,25,0.49987,0,0.13327,0,225.06,0,0,0.87497,0,0.23327,0,225.06,0.10117,0.032016,0.10516,0.03196,0,0,0,0,0,0,0,1,0,0.2666,0,225.06
1221,12,84.767,85.2,1,1,26,0.5385,0,0.23333,0,138.47,0,1,0,0.4333,0,138.47,0,0.17606,0.037448,0.18206,0.036928,0,1,0,0.4333,0,138.47,1,1,0.4333,0.4333,138.47,138.47
1221,12,85.333,85.367,15,1,27,0,1,0,0.0333,0,1801.8,0,1,0,0.0333,0,1801.8,0.15356,0.048181,0.15356,0.048181,0,1,0,0.0333,0,1801.8,1,1,0.0333,0.0333,1801.8,1801.8
1221,12,85.467,85.933,1,1,28,1,0,0.4666,0,128.59,0,0.57144,0,0.26663,0,128.59,0,0.13673,0.032796,0.13597,0.034927,0,1,0,0.4666,0,128.59,1,1,0.4666,0.4666,128.59,128.59
1221,12,85.967,86.067,15,1,29,0,1,0,0.0999,0,600.6,0,0,0,0,0,0,0.16341,0.067493,0.16341,0.067493,0,1,0,0.0999,0,600.6,1,1,0.0999,0.0999,600.6,600.6
1221,12,86.1,86.533,1,1,30,1,0,0.4333,0,138.47,0,0,0,0,0,0,0,0.13005,0.03056,0.12957,0.03041,0,1,0,0.4333,0,138.47,1,1,0.4333,0.4333,138.47,138.47
1221,12,86.633,87.267,1,1,31,1,0,0.6333,0,94.742,0,0.42107,0,0.26667,0,94.742,0,0.12958,0.032049,0.13724,0.031523,0,0.42113,0,0.2667,0,94.742,0,1,0,0.6333,0,94.742
1221,12,87.467,88.1,1,1,32,1,0,0.6333,0,94.742,0,0.36844,0,0.23333,0,94.742,0,0.13399,0.016301,0.13006,0.017086,1.4211,0,0.3,0,284.23,0,0,1,0,0.6333,0,94.742
1221,12,88.267,88.4,1,1,33,1,0,0.1333,0,450.11,0,1,0,0.1333,0,450.11,0,0.21701,0.023701,0.20753,0.023671,2,0,0.1333,0,900.23,0,0,1,0,0.1333,0,450.11
1221,12,107.83,108.27,1,1,34,0,0,0,0,0,0,0,0,0,0,0,0,0.2734,0.025224,0.30563,0.022266,2,0,0.4333,0,276.94,0,0,2,0,0.4333,0,276.94
1221,12,108.27,108.6,21,1,35,0,0,0,0,0,0,0,0,0,0,0,0,0.37192,0.10886,0.3575,0.10232,0,1.1999,0,0.19997,0,360.04,0,2,0,0.3333,0,360.04
1221,12,110.4,112.7,1,1,36,0,0,0,0,0,0,0.23188,0,0.53333,0,26.087,0,0.14038,0.021672,0.12027,0.022575,0,0,0,0,0,0,1,1,2.3,2.3,26.087,26.087
1221,12,114.2,115.63,1,1,37,0,0,0,0,0,0,0.79072,0,1.1333,0,41.861,0,0.21419,0,0.21207,0,0,0,0,0,0,0,1,1,1.4333,1.4333,41.861,41.861
1221,12,115.67,117.33,1,1,38,0,0,0,0,0,0,0.16001,0,0.26667,0,36.001,0,0.2221,0.024908,0.20883,0.024935,0,0,0,0,0,0,1,1,1.6666,1.6666,36.001,36.001
1221,12,117.63,117.87,2,1,39,0,0,0,0,0,0,0,0,0,0,0,0,0.23057,0.19411,0.22932,0.19208,0,0,0,0,0,0,0,2,0,0.2333,0,514.36
1221,12,118,118.8,1,1,40,0,0,0,0,0,0,0,0,0,0,0,0,0.18525,0.018668,0.19344,0.018263,0,0,0,0,0,0,1,1,0.8,0.8,75,75
1221,12,120.07,120.1,5,1,41,0,0,0,0,0,0,0,0,0,0,0,0,0,0,0,0,0,0,0,0,0,0,0,2,0,0.0333,0,3603.6
1221,12,120.57,121.5,1,1,42,0,0,0,0,0,0,0,0,0,0,0,0,0.18677,0.086042,0.18517,0.086042,0,0,0,0,0,0,1,1,0.9333,0.9333,64.288,64.288
1221,12,121.57,121.63,1,1,43,0,0,0,0,0,0,0,0,0,0,0,0,0.18154,0.14521,0.18154,0.14521,0,0,0,0,0,0,0,1,0,0.0666,0,900.9
1221,12,121.67,121.8,1,1,44,0,0,0,0,0,0,0,0,0,0,0,0,0.17144,0.1151,0.17232,0.1125,0,0,0,0,0,0,0,1,0,0.1333,0,450.11
1221,12,121.83,122.07,1,1,45,0,0,0,0,0,0,0,0,0,0,0,0,0.17284,0.10443,0.16978,0.1082,0,0,0,0,0,0,0,1,0,0.2333,0,257.18
1221,12,122.17,122.2,1,1,46,0,0,0,0,0,0,0,0,0,0,0,0,0,0,0,0,0,0,0,0,0,0,0,1,0,0.0333,0,1801.8
1221,12,122.23,122.67,1,1,47,0,0,0,0,0,0,0,0,0,0,0,0,0.23689,0.10006,0.24277,0.1025,0,0,0,0,0,0,0,1,0,0.4333,0,138.47
1221,12,122.93,122.97,1,1,48,0,0,0,0,0,0,0,0,0,0,0,0,0.18598,0.012451,0.18598,0.012451,0,0,0,0,0,0,0,1,0,0.0333,0,1801.8
1221,12,123.07,123.1,1,1,49,0,0,0,0,0,0,0,0,0,0,0,0,0,0,0,0,0,0,0,0,0,0,0,1,0,0.0333,0,1801.8
1221,12,123.3,123.37,1,1,50,0,0,0,0,0,0,0,0,0,0,0,0,0.18653,0.15163,0.18653,0.15163,0,0,0,0,0,0,0,1,0,0.0666,0,900.9
1221,12,123.63,123.7,1,1,51,0.49975,0,0.033333,0,899.55,0,0,0,0,0,0,0,0.16017,0,0.16017,0,0,0,0,0,0,0,0,1,0,0.0667,0,899.55
1221,12,124.17,124.27,1,1,52,1,0,0.0999,0,600.6,0,0,0,0,0,0,0,0.22261,0.082195,0.22261,0.082195,0,0,0,0,0,0,0,1,0,0.0999,0,600.6
1221,12,124.3,124.33,1,1,53,0,0,0,0,1801.8,0,0,0,0,0,0,0,0.23342,0.08633,0.23342,0.08633,0,0,0,0,0,0,0,1,0,0.0333,0,1801.8
1221,12,124.37,124.4,1,1,54,0,0,0,0,0,0,0,0,0,0,0,0,0,0,0,0,0,0,0,0,0,0,0,1,0,0.0333,0,1801.8
1221,12,124.6,125.1,1,1,55,0,0,0,0,0,0,0,0,0,0,0,0,0.12193,0.014202,0.11212,0.013415,0,0,0,0,0,0,0,1,0,0.5,0,120
1221,12,126.53,126.67,20,1,56,1,0,0.1333,0,450.11,0,0.99975,0,0.13327,0,450.11,0,0.095138,0.034134,0.095586,0.034108,0,0,0,0,0,0,0,2,0,0.1333,0,900.23
1221,12,127.17,127.2,15,1,57,0,0,0,0,0,0,0,0,0,0,0,0,0,0,0,0,0,1,0,0.0333,0,1801.8,1,1,0.0333,0.0333,1801.8,1801.8
1221,12,127.2,129.3,1,1,58,0,0,0,0,0,0,0.19048,0,0.4,0,28.571,0,0.23058,0.023046,0.2492,0.019914,0,1,0,2.1,0,28.571,0.71429,1,1.5,2.1,28.571,28.571
1221,12,160.23,160.9,1,1,59,0.49998,0,0.33333,0,89.996,0,0,0,0,0,0,0,0.10885,0.037332,0.10907,0.036502,0,1,0,0.6667,0,89.996,0,1,0,0.6667,0,89.996
1221,12,162.2,162.23,18,1,60,0,1,0,0.0333,0,1801.8,0,0,0,0,0,0,0.28445,0.078741,0.28445,0.078741,0,1,0,0.0333,0,1801.8,0,1,0,0.0333,0,1801.8
1221,12,168.13,168.2,1,1,61,0,1,0,0.0667,0,899.55,0,1,0,0.0667,0,899.55,0.067204,0.022541,0.067204,0.022541,0,1,0,0.0667,0,899.55,0,1,0,0.0667,0,899.55
1221,12,168.37,168.4,1,1,62,0,1,0,0.0333,0,1801.8,0,1,0,0.0333,0,1801.8,0,0,0,0,0,1,0,0.0333,0,1801.8,0,1,0,0.0333,0,1801.8
1221,12,173.27,173.3,3,1,63,0,1,0,0.0333,0,1801.8,0,0,0,0,0,0,0,0,0,0,0,2,0,0.0333,0,3603.6,0,1,0,0.0333,0,1801.8
1221,12,174.47,175.03,1,1,64,0,1,0,0.5666,0,105.89,0,0.41175,0,0.2333,0,105.89,0.079924,0.019482,0.079533,0.018845,0,2,0,0.5666,0,211.79,0,1,0,0.5666,0,105.89
1221,12,175.17,175.4,10,1,65,1,0,0.2333,0,257.18,0,1,0,0.2333,0,257.18,0,0.12558,0.044069,0.12682,0.04418,2,0,0.2333,0,514.36,0,0,1,0,0.2333,0,257.18
1221,12,175.5,175.87,1,1,66,0,1,0,0.3666,0,163.67,0,1,0,0.3666,0,163.67,0.081693,0.02869,0.08043,0.029072,0,1.3637,0,0.24997,0,327.33,0,1,0,0.3666,0,163.67
1221,12,176.17,176.4,10,1,67,1,0,0.2333,0,257.18,0,1,0,0.2333,0,257.18,0,0.1753,0.048463,0.1767,0.04842,2,0,0.2333,0,514.36,0,0,1,0,0.2333,0,257.18
1221,12,176.43,177.07,10,1,68,1,0,0.6333,0,94.742,0,0.10532,0,0.0667,0,94.742,0,0.14168,0.03446,0.15094,0.035583,2,0,0.6333,0,189.48,0,0,1,0,0.6333,0,94.742
1221,12,177.73,179.03,10,1,69,0.84618,0.10254,1.1,0.1333,46.154,46.154,0,0.51282,0,0.22222,0,138.46,0.15937,0.030846,0.16667,0.030603,2,0,1.3,0,92.308,0,0,1,0,1.3,0,46.154
1221,12,179.67,180.13,1,1,70,0,1,0,0.4666,0,128.59,0,0.57144,0,0.26663,0,128.59,0.077439,0.026557,0.078044,0.026177,0,2,0,0.4666,0,257.18,0,1.7858,0,0.41662,0,257.18
1221,12,212.97,213.03,20,1,71,0,1,0,0.0666,0,900.9,0,0,0,0,0,0,0.07292,0.020361,0.07292,0.020361,0,1,0,0.0666,0,900.9,0,1,0,0.0666,0,900.9
1221,12,236.43,236.63,10,1,72,0,1,0,0.2,0,300,0,1,0,0.2,0,300,0.093408,0.035362,0.093545,0.035125,0,0,0,0,0,0,0,1,0,0.2,0,300
1221,12,237.07,237.47,20,1,73,0,1,0,0.3999,0,150.04,0,0.41669,0,0.16663,0,150.04,0.148,0.054172,0.15055,0.046405,0,0,0,0,0,0,0,1,0,0.3999,0,150.04
1221,12,237.47,237.5,10,1,74,0,1,0,0.0333,0,1801.8,0,0,0,0,0,0,0,0,0,0,0,0,0,0,0,0,0,1,0,0.0333,0,1801.8
1221,12,237.5,237.57,20,1,75,0,1,0,0.0666,0,900.9,0,0,0,0,0,0,0.084712,0.054403,0.084712,0.054403,0,0,0,0,0,0,0,1,0,0.0666,0,900.9
1221,12,237.6,237.67,10,1,76,0,1,0,0.0666,0,900.9,0,0,0,0,0,0,0.057811,0.017938,0.057811,0.017938,0,0,0,0,0,0,0,1,0,0.0666,0,900.9
1221,12,238.2,238.23,10,1,77,0,1,0,0.0333,0,1801.8,0,0,0,0,0,0,0.05113,0.015164,0.05113,0.015164,0,0,0,0,0,0,0,1,0,0.0333,0,1801.8
1221,12,238.33,238.63,20,1,78,0,1,0,0.3,0,200,0,0,0,0,0,0,0.14944,0.059856,0.1646,0.062871,0,0,0,0,0,0,0,1,0,0.3,0,200
1221,12,238.67,239.17,20,1,79,0,1,0,0.4999,0,120.02,0,1,0,0.4999,0,120.02,0.1664,0.081108,0.16813,0.075358,0,0,0,0,0,0,0,1,0,0.4999,0,120.02
1221,12,239.73,239.77,20,1,80,0,0,0,0,0,0,0,1,0,0.0333,0,1801.8,0.1102,0.05247,0.1102,0.05247,0,0,0,0,0,0,0,1,0,0.0333,0,1801.8
1221,12,239.8,239.83,20,1,81,0,0,0,0,0,0,0,1,0,0.0333,0,1801.8,0.13079,0.046056,0.13079,0.046056,0,1,0,0.0333,0,1801.8,0,1,0,0.0333,0,1801.8
1221,12,239.83,239.87,10,1,82,0,0,0,0,0,0,0,1,0,0.0333,0,1801.8,0.07875,0.029282,0.07875,0.029282,0,1,0,0.0333,0,1801.8,0,1,0,0.0333,0,1801.8
1221,12,239.87,240.4,20,1,83,0,0,0,0,0,0,0,0.31246,0,0.16663,0,112.51,0.14263,0.031517,0.14159,0.031872,0,1,0,0.5333,0,112.51,0,1,0,0.5333,0,112.51
1221,12,276.13,276.43,20,1,84,0.66656,0,0.19997,0,200,0,0,0.88878,0,0.26663,0,200,0.10983,0.028593,0.10984,0.027616,1,1,0.3,0.3,200,200,0,1,0,0.3,0,200
1221,12,276.97,277.1,1,1,85,0,0,0,0,0,450.11,0,0.74994,0,0.099967,0,450.11,0.055489,0.019213,0.055339,0.019176,0,2,0,0.1333,0,900.23,0,1.2498,0,0.0833,0,900.23
1221,12,282.97,283.07,4,1,86,1,0,0.0999,0,600.6,0,0,1,0,0.0999,0,600.6,0.080999,0.027361,0.080999,0.027361,0,1,0,0.0999,0,600.6,0,1,0,0.0999,0,600.6
1221,12,284.43,285,4,1,87,0.58826,0.23528,0.33337,0.13333,105.88,105.88,0,0.70584,0,0.4,0,105.88,0.08442,0.026437,0.084453,0.026588,0,1,0,0.5667,0,105.88,0,1,0,0.5667,0,105.88
1221,12,299.57,300.6,16,1,88,0.2903,0,0.14998,0,116.13,0,0.41934,0,0.4333,0,58.066,0,0.22287,0.018301,0.22922,0.018301,0.1613,1,0.16667,1.0333,58.066,58.066,1,1,1.0333,1.0333,58.066,58.066
1221,12,300.63,300.93,16,1,89,1,0,0.3,0,200,0,0,0,0,0,0,0,0.074014,0.0099902,0.07224,0.0099902,1,1,0.3,0.3,200,200,0.889,1,0.2667,0.3,200,200
1221,12,301.03,301.07,1,1,90,0,1,0,0.0333,0,1801.8,0,0,0,0,0,0,0.050859,0.022703,0.050859,0.022703,0,2,0,0.0333,0,3603.6,0,1,0,0.0333,0,1801.8
1221,12,301.3,301.8,18,1,91,0,1,0,0.5,0,120,0,0.86667,0,0.43333,0,120,0.1398,0.058376,0.13822,0.061522,0,2,0,0.5,0,240,0,1,0,0.5,0,120
1221,12,301.87,301.93,16,1,92,1,0,0.0666,0,900.9,0,1,0,0.0666,0,900.9,0,0.18044,0.075253,0.18044,0.075253,1,1,0.0666,0.0666,900.9,900.9,0,1,0,0.0666,0,900.9
1221,12,302.07,302.17,18,1,93,0,1,0,0.0999,0,600.6,0,1,0,0.0999,0,600.6,0.14147,0.071021,0.14147,0.071021,0,2,0,0.0999,0,1201.2,0,1,0,0.0999,0,600.6
1221,12,302.3,302.43,16,1,94,1,0,0.1333,0,450.11,0,1,0,0.1333,0,450.11,0,0.16956,0.071921,0.17093,0.072691,1,1,0.1333,0.1333,450.11,450.11,0,1,0,0.1333,0,450.11
1221,12,302.53,302.77,16,1,95,1,0,0.2333,0,257.18,0,1,0,0.2333,0,257.18,0,0.17467,0.074767,0.17587,0.074657,1,1,0.2333,0.2333,257.18,257.18,0,1,0,0.2333,0,257.18
1221,12,302.9,303.07,18,1,96,0,1,0,0.1666,0,360.14,0,1,0,0.1666,0,360.14,0.13785,0.066059,0.13813,0.066033,0,2,0,0.1666,0,720.29,0,1,0,0.1666,0,360.14
1221,12,303.13,303.23,16,1,97,1,0,0.1,0,600,0,1,0,0.1,0,600,0,0.19135,0.067154,0.19462,0.067267,1,1,0.1,0.1,600,600,0,1,0,0.1,0,600
1221,12,303.23,303.27,18,1,98,0,1,0,0.0333,0,1801.8,0,1,0,0.0333,0,1801.8,0.12628,0.056763,0.12628,0.056763,0,2,0,0.0333,0,3603.6,0,1,0,0.0333,0,1801.8
1221,12,303.27,303.6,16,1,99,1,0,0.3333,0,180.02,0,1,0,0.3333,0,180.02,0,0.26585,0.041618,0.2781,0.038182,1,1,0.3333,0.3333,180.02,180.02,0,1,0,0.3333,0,180.02
1221,12,303.6,303.77,18,1,100,0,0.40016,0,0.066667,0,360.14,0,0.80032,0,0.13333,0,360.14,0.096661,0.025304,0.097917,0.025061,0,1.2001,0,0.099967,0,720.29,0,1,0,0.1666,0,360.14
1221,12,304,304.33,1,1,101,0,0,0,0,0,0,0,0,0,0,0,0,0.053907,0.016545,0.054045,0.016747,0,1,0,0.3333,0,180.02,0,1,0,0.3333,0,180.02
1221,12,304.8,305.03,1,1,102,0,0,0,0,0,0,0,0,0,0,0,0,0.056494,0.014747,0.057142,0.014259,0,1,0,0.2333,0,257.18,0,1,0,0.2333,0,257.18
1221,12,305.1,305.2,1,1,103,0,0,0,0,0,0,0,0,0,0,0,0,0.055666,0.015333,0.056224,0.015334,0,1,0,0.1,0,600,0,1,0,0.1,0,600
1221,12,305.9,306.27,1,1,104,0,0,0,0,0,0,0,0,0,0,0,0,0.053713,0.016657,0.053962,0.016455,0,1,0,0.3666,0,163.67,0,1,0,0.3666,0,163.67
1221,12,306.33,307.17,1,1,105,0,0,0,0,0,0,0,0.28001,0,0.23333,0,72.003,0.057964,0.018035,0.057656,0.01792,0,1,0,0.8333,0,72.003,0,1,0,0.8333,0,72.003
1221,12,307.23,307.93,16,1,106,0.3809,0,0.26663,0,85.714,0,0.52381,0,0.36667,0,85.714,0,0.25571,0.022323,0.25781,0.022285,1,0,0.7,0,85.714,0,0,1,0,0.7,0,85.714
1221,12,307.97,309.1,16,1,107,1,0,1.1333,0,52.943,0,0.44119,0,0.5,0,52.943,0,0.19757,0.031488,0.19872,0.029402,1.7941,0,1.0167,0,105.89,0,0,1,0,1.1333,0,52.943
1221,12,309.57,309.73,16,1,108,1,0,0.1666,0,360.14,0,1,0,0.1666,0,360.14,0,0.13525,0.037281,0.13178,0.037283,2,0,0.1666,0,720.29,0,0,1,0,0.1666,0,360.14
1221,12,310.2,310.7,12,1,109,0,0.6,0,0.3,0,120,0,0.13333,0,0.066667,0,120,0.087696,0.026851,0.089541,0.026404,0,2,0,0.5,0,240,0,1,0,0.5,0,120
1221,12,310.7,311.13,16,1,110,0,0,0,0,0,0,0,0,0,0,0,0,0.24056,0.035826,0.22732,0.035394,2,0,0.4333,0,276.94,0,0,1,0,0.4333,0,138.47
1221,12,311.13,311.2,12,1,111,0,0,0,0,0,0,0,0,0,0,0,0,0.087005,0.027512,0.087005,0.027512,0,2,0,0.0667,0,1799.1,0,1,0,0.0667,0,899.55
1221,12,311.53,311.57,16,1,112,0,0,0,0,0,0,0,0,0,0,0,0,0.09625,0.04676,0.09625,0.04676,2,0,0.0333,0,3603.6,0,0,1,0,0.0333,0,1801.8
1221,12,311.63,311.77,16,1,113,0,0,0,0,0,0,0,0,0,0,0,0,0.10224,0.047295,0.10323,0.046789,2,0,0.1333,0,900.23,0,0,1,0,0.1333,0,450.11
1221,12,312.33,312.93,12,1,114,0,0.88883,0,0.5333,0,100,0,0,0,0,0,0,0.080626,0.034493,0.081628,0.036448,0,2,0,0.6,0,200,0,1,0,0.6,0,100
1221,12,314.2,315.07,12,1,115,0.42311,0,0.36667,0,69.236,0,1,0,0.8666,0,69.236,0,0.10528,0.036893,0.10609,0.037469,0,1,0,0.8666,0,69.236,0,1,0,0.8666,0,69.236
1221,12,315.47,315.77,18,1,116,1,0,0.2999,0,200.07,0,0,1,0,0.2999,0,200.07,0.12258,0.031938,0.12984,0.032389,0,1,0,0.2999,0,200.07,0,1,0,0.2999,0,200.07
1221,12,317.5,317.57,18,1,117,0,1,0,0.0666,0,900.9,0,1,0,0.0666,0,900.9,0.14113,0.058191,0.14113,0.058191,0,0,0,0,0,0,0,1,0,0.0666,0,900.9
1221,12,317.7,317.77,15,1,118,0,1,0,0.0666,0,900.9,0,1,0,0.0666,0,900.9,0.14325,0.061712,0.14325,0.061712,0,0,0,0,0,0,0,1,0,0.0666,0,900.9
1221,12,318.97,319.03,4,1,119,0,0,0,0,0,0,0,0,0,0,0,0,0.14967,0.056871,0.14967,0.056871,0,1,0,0.0666,0,900.9,0,1,0,0.0666,0,900.9
1221,12,319.07,319.1,4,1,120,0,0,0,0,0,0,0,0,0,0,0,0,0,0,0,0,0,1,0,0.0333,0,1801.8,0,1,0,0.0333,0,1801.8
1221,12,319.23,319.53,18,1,121,0,0.22211,0,0.066633,0,200,0,0,0,0,0,0,0.12676,0.055662,0.12636,0.056354,0,1,0,0.3,0,200,0,1,0,0.3,0,200
1221,12,320.4,320.67,16,1,122,0,0,0,0,0,0,0,1,0,0.2666,0,225.06,0.13408,0.042026,0.13407,0.041755,0,1,0,0.2666,0,225.06,0,1,0,0.2666,0,225.06
1221,12,322.07,322.5,1,1,123,0,0,0,0,0,0,0,0.84614,0,0.18332,0,276.94,0.067415,0.022029,0.068148,0.0214,0,1,0,0.4333,0,138.47,0,1,0,0.4333,0,138.47
1221,12,322.7,323.27,1,1,124,0,0,0,0,0,0,0,0.70585,0,0.19997,0,211.79,0.064645,0.024134,0.064668,0.024225,0,1,0,0.5666,0,105.89,0,1,0,0.5666,0,105.89
1221,12,323.43,323.47,1,1,125,0,0,0,0,0,0,0,1,0,0.0333,0,1801.8,0.055313,0.021214,0.055313,0.021214,0,1,0,0.0333,0,1801.8,0,1,0,0.0333,0,1801.8
1221,12,324.87,324.97,18,1,126,0,0,0,0,0,0,0,1,0,0.0999,0,600.6,0.071323,0.02238,0.071323,0.02238,0,1,0,0.0999,0,600.6,0,1,0,0.0999,0,600.6
1221,12,325.7,326.07,20,1,127,0,0,0,0,0,0,0,1,0,0.3666,0,163.67,0.10653,0.041924,0.10694,0.043032,0,0,0,0,0,0,0,2,0,0.3666,0,327.33
1221,12,327.37,327.57,18,1,128,0,0,0,0,0,0,0,1,0,0.1999,0,300.15,0.071315,0.024879,0.071318,0.02479,0,0,0,0,0,0,0,1,0,0.1999,0,300.15
1221,12,327.67,327.8,18,1,129,0,0,0,0,0,0,0,0,0,0,0,0,0.077631,0.028653,0.0775,0.02865,0,0,0,0,0,0,0,1,0,0.1333,0,450.11
1221,12,327.97,328.13,5,1,130,0,0.39996,0,0.066633,0,360.14,0,1,0,0.1666,0,360.14,0.102,0.033908,0.10197,0.033977,0,1,0,0.1666,0,360.14,0,2,0,0.1666,0,720.29
1221,12,328.23,328.3,3,1,131,1,0,0.0667,0,899.55,0,0,0,0,0,0,0,0.087414,0.033258,0.087414,0.033258,0,1,0,0.0667,0,899.55,1,1,0.0667,0.0667,899.55,899.55
1221,12,328.33,328.5,16,1,132,0,0.60008,0,0.10003,0,359.93,0,0,0,0,0,0,0.16306,0.040518,0.17385,0.04038,0,1,0,0.1667,0,359.93,0,2,0,0.1667,0,719.86
1221,12,329,329.03,1,1,133,0,0,0,0,0,0,0,0,0,0,0,0,0.057318,0.016353,0.057318,0.016353,0,1,0,0.0333,0,1801.8,0,2,0,0.0333,0,3603.6
1221,12,345.07,345.37,20,1,134,0.11104,0.66667,0.0333,0.19993,200.07,200.07,0,0,0,0,0,0,0.14533,0.041133,0.1452,0.039676,1,1,0.2999,0.2999,200.07,200.07,0,1,0,0.2999,0,200.07
1221,12,345.4,345.47,20,1,135,0,1,0,0.0666,0,900.9,0,0,0,0,0,0,0.1383,0.04642,0.1383,0.04642,1,1,0.0666,0.0666,900.9,900.9,0,1,0,0.0666,0,900.9
1221,12,346.83,347.27,4,1,136,0.46142,0,0.19993,0,138.47,0,0,0.61551,0,0.2667,0,138.47,0.12328,0.034905,0.12539,0.035804,1,1,0.4333,0.4333,138.47,138.47,0,1,0,0.4333,0,138.47
1221,12,347.6,347.67,4,1,137,1,0,0.0666,0,900.9,0,1,0,0.0666,0,900.9,0,0.15646,0.048948,0.15646,0.048948,1,1,0.0666,0.0666,900.9,900.9,0,1,0,0.0666,0,900.9
1221,12,347.67,348.17,20,1,138,0,1,0,0.4999,0,120.02,0,0.86664,0,0.21662,0,240.05,0.1466,0.042386,0.14771,0.042261,0,2,0,0.4999,0,240.05,0,1,0,0.4999,0,120.02
1221,12,348.23,348.33,20,1,139,0,1,0,0.1,0,600,0,1,0,0.1,0,600,0.14814,0.049526,0.14547,0.049361,0,2,0,0.1,0,1200,0,1,0,0.1,0,600
1221,12,348.33,348.37,15,1,140,0,1,0,0.0333,0,1801.8,0,1,0,0.0333,0,1801.8,0.31077,0.057166,0.31077,0.057166,0,2,0,0.0333,0,3603.6,0,1,0,0.0333,0,1801.8
1221,12,348.37,348.57,20,1,141,0,0.83325,0,0.083283,0,600.3,0,0.50008,0,0.099967,0,300.15,0.14558,0.047605,0.14557,0.047402,0,1.5001,0,0.14993,0,600.3,0,1,0,0.1999,0,300.15
1221,12,349.77,350.07,3,1,142,0,1,0,0.2999,0,200.07,0,1,0,0.2999,0,200.07,0.06538,0.0059961,0.066559,0.0059961,0,1,0,0.2999,0,200.07,0,1,0,0.2999,0,200.07
1221,12,353.6,353.87,3,1,143,0,1,0,0.2666,0,225.06,0,0,0,0,0,0,0.076198,0.027521,0.076755,0.026525,0,0.25006,0,0.066667,0,225.06,0,1,0,0.2666,0,225.06
1221,12,354,355.1,3,1,144,0,0.90909,0,1,0,54.545,0,0.45455,0,0.5,0,54.545,0.080489,0.028802,0.086439,0.029777,0,0,0,0,0,0,0,1,0,1.1,0,54.545
1221,12,355.3,355.37,3,1,145,0,0,0,0,0,0,0,0,0,0,0,0,0.066523,0.026882,0.066523,0.026882,0,0,0,0,0,0,0,1,0,0.0666,0,900.9
1221,12,355.37,355.67,10,1,146,0,0,0,0,0,0,0,0,0,0,0,0,0.12498,0.031184,0.12929,0.03094,0,1.889,0,0.28325,0,400.13,0,1,0,0.2999,0,200.07
1222,12,30.433,30.8,16,1,1,1,0,0.3667,0,163.62,0,1,0,0.3667,0,163.62,0,0.10888,0.040142,0.11058,0.040338,0,0,0,0,0,0,1,1,0.3667,0.3667,163.62,163.62
1222,12,31.833,31.933,7,1,2,0,0.00033333,0,3.3333e-05,0,600,0,1,0,0.1,0,600,0.12751,0.042672,0.12546,0.042561,0,1,0,0.1,0,600,1,1,0.1,0.1,600,600
1222,12,33.067,38.933,7,1,3,0.14773,0.60227,0.86667,1.1778,10.227,30.682,0,0.69318,0,0.58094,0,71.592,0.13241,0.042742,0.12419,0.04283,0,1,0,5.8666,0,10.227,1,1,5.8666,2.9333,10.227,20.455
1222,12,49.9,50.033,23,1,4,0,1,0,0.1333,0,450.11,0,1,0,0.1333,0,450.11,0.10007,0.041804,0.10103,0.041473,0,1,0,0.1333,0,450.11,0,1,0,0.1333,0,450.11
1222,12,50.1,50.2,16,1,5,1,0,0.1,0,600,0,1,0,0.1,0,600,0,0.11988,0.053572,0.11982,0.054354,1,0,0.1,0,600,0,0,1,0,0.1,0,600
1222,12,50.667,50.733,16,1,6,1,0,0.0666,0,900.9,0,1,0,0.0666,0,900.9,0,0.12572,0.051631,0.12572,0.051631,1,0,0.0666,0,900.9,0,0,1,0,0.0666,0,900.9
1222,12,51.033,51.667,16,1,7,0.31586,0.68414,0.20003,0.43327,94.742,94.742,5.2634e-05,0,3.3333e-05,0,94.742,0,0.14283,0.053956,0.14543,0.053641,0.31575,0,0.099983,0,189.48,0,0,1,0,0.6333,0,94.742
1222,12,52.9,53.033,23,1,8,0,1,0,0.1333,0,450.11,0,0,0,0,0,0,0.094988,0.033381,0.095143,0.033394,0,0,0,0,0,0,0,1,0,0.1333,0,450.11
1222,12,58.333,58.633,23,1,9,1,0,0.3,0,200,0,0,0,0,0,0,0,0.089227,0.033188,0.089437,0.033107,0,1,0,0.3,0,200,0,1,0,0.3,0,200
1222,12,62.7,63.1,23,1,10,0,0,0,0,0,0,0,0,0,0,0,0,0.074328,0.027342,0.074146,0.026942,0,1,0,0.4,0,150,0,1,0,0.4,0,150
1222,12,63.433,63.533,23,1,11,0,0,0,0,0,0,0,0,0,0,0,0,0.067769,0.028921,0.067383,0.029016,0,1,0,0.1,0,600,0,1,0,0.1,0,600
1222,12,63.933,64.3,23,1,12,0,0,0,0,0,0,0,0,0,0,0,0,0.080528,0.031573,0.080973,0.032006,0,1,0,0.3667,0,163.62,0,1,0,0.3667,0,163.62
1222,12,85,85.133,23,1,13,0,1,0,0.1333,0,450.11,1,0,0.1333,0,450.11,0,0.084331,0.030526,0.083903,0.030311,0,0,0,0,0,0,0,1,0,0.1333,0,450.11
1222,12,87.267,87.4,23,1,14,0,1,0,0.1333,0,450.11,0,1,0,0.1333,0,450.11,0.099635,0.043425,0.10123,0.043113,0,0,0,0,0,0,0,1,0,0.1333,0,450.11
1222,12,88.4,88.567,3,1,15,0,1,0,0.1666,0,360.14,0,1,0,0.1666,0,360.14,0.083565,0.033885,0.083789,0.033953,0,0,0,0,0,0,0,1,0,0.1666,0,360.14
1222,12,94.567,96.033,15,1,16,1,0,1.4666,0,40.911,0,1,0,1.4666,0,40.911,0,0.33304,0.033901,0.31874,0.033775,1.5,0,1.1,0,81.822,0,0,1,0,1.4666,0,40.911
1222,12,97,99.767,15,1,17,1,0,2.7666,0,21.687,0,0.39758,0.25302,0.54997,0.35,43.375,43.375,0.36204,0.036127,0.33743,0.036174,1.8675,0,2.5833,0,43.375,0,0,1,0,1.3833,0,43.375
1222,12,99.9,100.33,15,1,18,1,0,0.4333,0,138.47,0,1,0,0.4333,0,138.47,0,0.44133,0.03531,0.44201,0.036201,2,0,0.4333,0,276.94,0,0,1,0,0.4333,0,138.47
1222,12,100.53,100.57,15,1,19,1,0,0.0333,0,1801.8,0,1,0,0.0333,0,1801.8,0,0.11018,0.036413,0.11018,0.036413,1,0,0.0333,0,1801.8,0,0,0.999,0,0.033267,0,1801.8
1222,12,100.67,101.77,15,1,20,0.60609,0.3333,0.66663,0.3666,54.55,54.55,0.75761,0.030245,0.8333,0.033267,54.55,54.55,0.36037,0.0417,0.35534,0.042068,1.7879,0,0.98325,0,109.1,0,0,1,0,1.0999,0,54.55
1222,12,102.13,102.87,15,1,21,0,0.45461,0,0.33337,0,81.822,0.40902,0,0.29993,0,81.822,0,0.32783,0.028997,0.30754,0.029088,2,0,0.7333,0,163.64,0,0,0.99995,0,0.73327,0,81.822
1222,12,103.2,104.13,15,1,22,1,0,0.9333,0,64.288,0,1,0,0.9333,0,64.288,0,0.31646,0.043459,0.29565,0.044718,2,0,0.9333,0,128.58,0,0,1,0,0.9333,0,64.288
1222,12,123.13,123.17,1,1,23,0,1,0,0.0333,0,1801.8,0,1,0,0.0333,0,1801.8,0.051992,0.017139,0.051992,0.017139,0,2,0,0.0333,0,3603.6,0,0.999,0,0.033267,0,1801.8
1222,12,123.37,123.73,1,1,24,0,1,0,0.3666,0,163.67,0,0.54546,0,0.19997,0,163.67,0.054859,0.020041,0.055002,0.020272,0,2,0,0.3666,0,327.33,0,1,0,0.3666,0,163.67
1222,12,125.07,125.4,15,1,25,0,1,0,0.3333,0,180.02,0,1,0,0.3333,0,180.02,0.25304,0.042418,0.25936,0.046693,2,0,0.3333,0,360.04,0,0,1,0,0.3333,0,180.02
1222,12,125.7,125.87,15,1,26,0,1,0,0.1666,0,360.14,0,1,0,0.1666,0,360.14,0.24967,0.044938,0.24974,0.044574,2,0,0.1666,0,720.29,0,0,1,0,0.1666,0,360.14
1222,12,125.97,128.33,15,1,27,0.21126,0.74649,0.49997,1.7666,25.353,25.353,0.57747,0.169,1.3666,0.39997,25.353,25.353,0.28652,0.04347,0.26247,0.041632,1.1831,0.69015,1.3999,1.6333,50.706,25.353,0.39436,1,0.9333,2.3666,25.353,25.353
1222,12,128.83,129.47,6,1,28,0,1,0,0.6333,0,94.742,0,1,0,0.6333,0,94.742,0.18481,0.046952,0.18762,0.044881,1,1,0.6333,0.6333,94.742,94.742,0.42097,1,0.2666,0.6333,94.742,94.742
1222,12,129.47,129.5,15,1,29,1,0,0.0333,0,1801.8,0,1,0,0.0333,0,1801.8,0,0,0,0,0,1,1,0.0333,0.0333,1801.8,1801.8,1,1,0.0333,0.0333,1801.8,1801.8
1222,12,129.5,130.17,6,1,30,0,1,0,0.6666,0,90.009,0,1,0,0.6666,0,90.009,0.13599,0.033694,0.11676,0.035988,1,1,0.6666,0.6666,90.009,90.009,1,1,0.6666,0.6666,90.009,90.009
1222,12,130.17,130.3,15,1,31,1,0,0.1333,0,450.11,0,1,0,0.1333,0,450.11,0,0.21393,0.15044,0.21474,0.17531,1,1,0.1333,0.1333,450.11,450.11,1,1,0.1333,0.1333,450.11,450.11
1222,12,130.4,132.2,6,1,32,0,1,0,1.8,0,33.333,0,1,0,1.8,0,33.333,0.15976,0.022313,0.15812,0.018913,1,1,1.8,1.8,33.333,33.333,1,1,1.8,1.8,33.333,33.333
1222,12,132.2,133,15,1,33,0.125,0.79167,0.1,0.63333,75,75,1,0,0.8,0,75,0,0.37842,0.11104,0.36777,0.099449,1,1,0.8,0.8,75,75,1,1,0.8,0.8,75,75
1222,12,133.03,133.1,6,1,34,1,0,0.0667,0,899.55,0,0,1,0,0.0667,0,899.55,0.24194,0.068284,0.24194,0.068284,1,1,0.0667,0.0667,899.55,899.55,1,1,0.0667,0.0667,899.55,899.55
1222,12,133.13,134.13,15,1,35,0,1,0,1,0,60,1,0,1,0,60,0,0.36683,0.091276,0.3299,0.086941,1,1,1,1,60,60,1,1,1,1,60,60
1222,12,134.5,134.63,15,1,36,1,0,0.1333,0,450.11,0,1,0,0.1333,0,450.11,0,0.28444,0.070531,0.2832,0.071743,1,1,0.1333,0.1333,450.11,450.11,1,1,0.1333,0.1333,450.11,450.11
1222,12,134.73,135.17,15,1,37,1,0,0.4333,0,138.47,0,1,0,0.4333,0,138.47,0,0.38124,0.063313,0.38044,0.062369,1,1,0.4333,0.4333,138.47,138.47,1,1,0.4333,0.4333,138.47,138.47
1222,12,135.17,135.33,6,1,38,0,1,0,0.1666,0,360.14,0,1,0,0.1666,0,360.14,0.22743,0.022426,0.22947,0.022178,1,1,0.1666,0.1666,360.14,360.14,1,1,0.1666,0.1666,360.14,360.14
1222,12,135.37,136.2,6,1,39,0,1,0,0.8333,0,72.003,0,1,0,0.8333,0,72.003,0.18945,0.020669,0.18937,0.019986,1,1,0.8333,0.8333,72.003,72.003,1,1,0.8333,0.8333,72.003,72.003
1222,12,136.2,137.9,15,1,40,0.098039,0.90196,0.16667,1.5333,35.294,35.294,0.37255,0.58824,0.63333,1,35.294,35.294,0.49892,0.086254,0.51529,0.077092,1,1,1.7,1.7,35.294,35.294,1,1,1.7,1.7,35.294,35.294
1222,12,148.07,148.23,15,1,41,0.19988,0.39996,0.0333,0.066633,360.14,360.14,1,0,0.1666,0,360.14,0,0.46342,0.030802,0.46445,0.030686,1,1,0.1666,0.1666,360.14,360.14,0,1,0,0.1666,0,360.14
1222,12,151,151.23,6,1,42,1,0,0.2333,0,257.18,0,0.14288,0.42849,0.033333,0.099967,257.18,257.18,0.19394,0.036922,0.18981,0.033087,1,1,0.2333,0.2333,257.18,257.18,0,1,0,0.11665,0,514.36
1222,12,151.27,151.4,6,1,43,1,0,0.1333,0,450.11,0,0,1,0,0.1333,0,450.11,0.13756,0.034049,0.13696,0.033767,1,1,0.1333,0.1333,450.11,450.11,0,1,0,0.1333,0,450.11
1222,12,151.57,151.9,6,1,44,0.89999,0,0.29997,0,180.02,0,0,1,0,0.3333,0,180.02,0.12544,0.029952,0.12727,0.030524,1,1,0.3333,0.3333,180.02,180.02,0,1,0,0.3333,0,180.02
1222,12,154.57,154.67,23,1,45,0,0,0,0,0,0,0,1,0,0.0999,0,600.6,0.11114,0.032597,0.11114,0.032597,0,1,0,0.0999,0,600.6,0,1,0,0.0999,0,600.6
1222,12,154.67,156.5,15,1,46,0.83638,0,1.5333,0,32.728,0,0,0.96364,0,0.88332,0,65.456,0.49406,0.040005,0.52846,0.037296,1.8,0,1.65,0,65.456,0,0,1,0,1.8333,0,32.728
1222,12,157.1,157.2,1,1,47,0,1,0,0.1,0,600,0,1,0,0.1,0,600,0.064704,0.028745,0.064704,0.027309,0,2,0,0.1,0,1200,0,1,0,0.1,0,600
1222,12,157.2,158.57,15,1,48,0.65857,0.26826,0.9,0.3666,43.905,43.905,0,0.75609,0,0.51663,0,87.809,0.29313,0.042015,0.29199,0.040692,2,0,1.3666,0,87.809,0,0,1,0,1.3666,0,43.905
1222,12,158.67,158.7,23,1,49,0,1,0,0.0333,0,1801.8,0,1,0,0.0333,0,1801.8,0,0,0,0,0,2,0,0.0333,0,3603.6,0,1,0,0.0333,0,1801.8
1222,12,180.33,180.4,23,1,50,0,1,0,0.0667,0,899.55,0,1,0,0.0667,0,899.55,0.064839,0.025728,0.064839,0.025728,0,1,0,0.0667,0,899.55,0,2,0,0.0667,0,1799.1
1222,12,180.57,180.67,23,1,51,0,1,0,0.0999,0,600.6,0,1,0,0.0999,0,600.6,0.073097,0.027412,0.073097,0.027412,0,1,0,0.0999,0,600.6,0,2,0,0.0999,0,1201.2
1222,12,180.73,181,23,1,52,0,1,0,0.2667,0,224.97,0,1,0,0.2667,0,224.97,0.076835,0.025205,0.076906,0.024794,0,1,0,0.2667,0,224.97,0,2,0,0.2667,0,449.94
1222,12,181.4,183.1,23,1,53,0,1,0,1.7,0,35.294,0,1,0,1.7,0,35.294,0.082298,0.025182,0.082744,0.025285,0,1,0,1.7,0,35.294,0,2,0,1.7,0,70.588
1222,12,183.73,183.8,23,1,54,0,1,0,0.0667,0,899.55,0,1,0,0.0667,0,899.55,0.069505,0.02527,0.069505,0.02527,0,1,0,0.0667,0,899.55,0,1,0,0.0667,0,899.55
1222,12,203.2,203.33,23,1,55,0,1,0,0.1333,0,450.11,0,1,0,0.1333,0,450.11,0.10743,0.039219,0.10322,0.038477,0,0,0,0,0,0,0,1,0,0.1333,0,450.11
1222,12,206.77,206.8,23,1,56,0,1,0,0.0333,0,1801.8,0,1,0,0.0333,0,1801.8,0,0,0,0,0,0,0,0,0,0,0,1,0,0.0333,0,1801.8
1222,12,209.83,210.23,15,1,57,0,0.33325,0,0.1333,0,150,0,1,0,0.4,0,150,0.16072,0.036936,0.15822,0.036661,2,0,0.4,0,300,0,0,0.99992,0,0.39997,0,150
1222,12,210.33,210.9,23,1,58,1,0,0.5667,0,105.88,0,1,0,0.5667,0,105.88,0,0.10119,0.033017,0.10176,0.032673,0,2,0,0.5667,0,211.75,0,1,0,0.5667,0,105.88
1222,12,211.43,213.3,15,1,59,0,1,0,1.8667,0,32.142,0,1,0,1.8667,0,32.142,0.16648,0.03155,0.17126,0.031498,2,0,1.8667,0,64.285,0,0,0.99998,0,1.8667,0,32.142
1222,12,215.93,215.97,23,1,60,0,1,0,0.0333,0,1801.8,0,1,0,0.0333,0,1801.8,0.13319,0.03868,0.13319,0.03868,0,1,0,0.0333,0,1801.8,0,1,0,0.0333,0,1801.8
1222,12,229.7,229.97,23,1,61,0,1,0,0.2666,0,225.06,0,1,0,0.2666,0,225.06,0.14718,0.032294,0.14874,0.032339,0,0,0,0,0,0,0,1,0,0.2666,0,225.06
1222,12,230.43,230.5,23,1,62,0,1,0,0.0667,0,899.55,0,1,0,0.0667,0,899.55,0.11797,0.031854,0.11797,0.031854,0,0,0,0,0,0,0,1,0,0.0667,0,899.55
1222,12,231.33,231.57,23,1,63,0,1,0,0.2333,0,257.18,0,1,0,0.2333,0,257.18,0.13403,0.03427,0.13693,0.03412,0,0,0,0,0,0,0,1,0,0.2333,0,257.18
1222,12,267.4,267.57,23,1,64,0,1,0,0.1666,0,360.14,0,1,0,0.1666,0,360.14,0.13945,0.0382,0.13902,0.038682,0,0,0,0,0,0,0,1,0,0.1666,0,360.14
1222,12,267.73,268,23,1,65,0,1,0,0.2667,0,224.97,0,0.99988,0,0.26667,0,224.97,0.11604,0.038139,0.11551,0.038246,0,0,0,0,0,0,0,1,0,0.2667,0,224.97
1222,12,268.2,268.33,23,1,66,0,1,0,0.1333,0,450.11,0,1,0,0.1333,0,450.11,0.15817,0.042884,0.15889,0.042466,0,0,0,0,0,0,0,1,0,0.1333,0,450.11
1222,12,268.5,268.67,23,1,67,0,1,0,0.1666,0,360.14,0,0.60024,0,0.1,0,360.14,0.14576,0.039172,0.14625,0.038842,0,0,0,0,0,0,0,1,0,0.1666,0,360.14
1222,12,268.87,269.57,23,1,68,0,1,0,0.6999,0,85.727,0,0.52379,0,0.3666,0,85.727,0.13639,0.040414,0.13102,0.037685,0,0,0,0,0,0,0,1,0,0.6999,0,85.727
1222,12,273.5,274.07,15,1,69,1,0,0.5666,0,105.89,0,0.70585,0.17649,0.39993,0.1,105.89,105.89,0.1629,0.040893,0.16187,0.039376,0,0,0,0,0,0,0,1,0,0.5666,0,105.89
1222,12,274.6,274.73,15,1,70,1,0,0.1333,0,450.11,0,1,0,0.1333,0,450.11,0,0.16659,0.038724,0.16726,0.038733,0,0,0,0,0,0,0,1,0,0.1333,0,450.11
1222,12,279.07,279.1,23,1,71,0,1,0,0.0333,0,1801.8,0,1,0,0.0333,0,1801.8,0,0,0,0,0,0,0,0,0,0,0,1,0,0.0333,0,1801.8
1222,12,280.3,280.37,23,1,72,0,1,0,0.0666,0,900.9,0,1,0,0.0666,0,900.9,0.13468,0.032833,0.13468,0.032833,0,0,0,0,0,0,0,1,0,0.0666,0,900.9
1222,12,280.5,280.63,23,1,73,0,1,0,0.1333,0,450.11,0,1,0,0.1333,0,450.11,0.14232,0.032957,0.1428,0.032981,0,0,0,0,0,0,0,1,0,0.1333,0,450.11
1222,12,280.67,280.97,23,1,74,0,1,0,0.2999,0,200.07,0,1,0,0.2999,0,200.07,0.13929,0.03076,0.13944,0.030706,0,0,0,0,0,0,0,1,0,0.2999,0,200.07
1222,12,281.37,281.5,23,1,75,0,1,0,0.1333,0,450.11,0,1,0,0.1333,0,450.11,0.13456,0.030921,0.13544,0.031048,0,0,0,0,0,0,0,1,0,0.1333,0,450.11
1222,12,281.93,282.03,23,1,76,0,1,0,0.1,0,600,0,1,0,0.1,0,600,0.15221,0.032696,0.15238,0.032907,0,0,0,0,0,0,0,1,0,0.1,0,600
1222,12,282.9,282.93,23,1,77,0,1,0,0.0333,0,1801.8,0,1,0,0.0333,0,1801.8,0.15,0.046689,0.15,0.046689,0,1,0,0.0333,0,1801.8,0,1,0,0.0333,0,1801.8
1222,12,324.53,324.93,23,1,78,0,1,0,0.2,0,300,0,0,0,0,0,0,0.1383,0.033907,0.13834,0.032912,0,1,0,0.4,0,150,0,1,0,0.4,0,150
1222,12,325,325.13,23,1,79,0,1,0,0.1333,0,450.11,0,0,0,0,0,0,0.14308,0.033416,0.14266,0.033335,0,1,0,0.1333,0,450.11,0,1,0,0.1333,0,450.11
1222,12,325.37,326.3,23,1,80,0,1,0,0.9333,0,64.288,0,0.39287,0,0.36667,0,64.288,0.14016,0.034326,0.13953,0.034599,0,1,0,0.9333,0,64.288,0,1,0,0.9333,0,64.288
1222,12,327.07,327.77,23,1,81,0,1,0,0.6999,0,85.727,0,0,0,0,0,0,0.14411,0.029488,0.14375,0.029133,0,1,0,0.6999,0,85.727,0,1,0,0.6999,0,85.727
1223,12,30,38.633,6,1,1,0.82626,0.046332,2.3778,0.4,20.85,6.9498,0.96525,0,8.3333,0,6.9498,0,0.19794,0.027836,0.20395,0.027903,1.444,0,3.1166,0,27.799,0,0.52124,1,4.5,8.6333,6.9498,6.9498
1223,12,41.1,44.767,6,1,2,0.92729,0.045437,3.4,0.1666,16.364,16.364,0.25453,0,0.46663,0,32.728,0,0.14668,0.026146,0.14386,0.02577,2,0,3.6666,0,32.728,0,0.17273,1,0.63333,3.6666,16.364,16.364
1223,12,44.8,45,6,1,3,0,1,0,0.2,0,300,1,0,0.2,0,300,0,0.093168,0.024452,0.093174,0.024338,2,0,0.2,0,600,0,0,1,0,0.2,0,300
1223,12,45.933,46.067,2,1,4,0,1,0,0.1333,0,450.11,0,0,0,0,0,0,0.073479,0.026075,0.073612,0.026082,0,2,0,0.1333,0,900.23,0,1,0,0.1333,0,450.11
1223,12,60.233,62.933,6,1,5,0,0.65432,0,0.88333,0,44.444,0,0.62962,0,1.7,0,22.222,0.14576,0.034317,0.1382,0.035945,2,0,2.7,0,44.444,0,0,1,0,2.7,0,22.222
1223,12,62.967,63,6,1,6,0,1,0,0.0333,0,1801.8,0,1,0,0.0333,0,1801.8,0,0,0,0,2,0,0.0333,0,3603.6,0,0,1,0,0.0333,0,1801.8
1223,12,64.3,66.067,6,1,7,0,1,0,1.7666,0,33.964,0.45285,0.18869,0.8,0.33333,33.964,33.964,0.13154,0.028722,0.13216,0.029326,1,0,1.7666,0,33.964,0,0,1,0,1.7666,0,33.964
1223,12,67.333,67.8,6,1,8,0,1,0,0.4667,0,128.56,0,1,0,0.4667,0,128.56,0.161,0.028812,0.16027,0.028585,1.5714,0,0.36668,0,257.12,0,0,1.3571,0,0.31668,0,257.12
1223,12,68.033,68.367,6,1,9,0,1,0,0.3333,0,180.02,0.70017,0,0.23337,0,180.02,0,0.093939,0.027649,0.095498,0.027989,2,0,0.3333,0,360.04,0,0,2,0,0.3333,0,360.04
1223,12,68.7,69.1,6,1,10,1,0,0.4,0,150,0,0.66667,0,0.26667,0,150,0,0.096539,0.02626,0.098215,0.025913,1,0,0.4,0,150,0,0,2,0,0.4,0,300
1223,12,69.4,70,6,1,11,0.61111,0,0.36667,0,100,0,1,0,0.6,0,100,0,0.090671,0.029347,0.092122,0.02967,1,0,0.6,0,100,0,0,1.1111,0,0.33333,0,200
1223,12,70.167,71.8,6,1,12,0,1,0,1.6333,0,36.735,0.24488,0.18368,0.39997,0.3,36.735,36.735,0.087334,0.028372,0.084769,0.028503,1,0,1.6333,0,36.735,0,0,1,0,1.6333,0,36.735
1223,12,72.167,72.3,6,1,13,1,0,0.1333,0,450.11,0,0,0,0,0,0,0,0.073805,0.023353,0.073672,0.023192,1,0,0.1333,0,450.11,0,0,1,0,0.1333,0,450.11
1223,12,72.467,72.833,6,1,14,1,0,0.3666,0,163.67,0,0,1,0,0.3666,0,163.67,0.077297,0.026711,0.077852,0.026635,1,0,0.3666,0,163.67,0,0,1,0,0.3666,0,163.67
1223,12,74.6,74.633,2,1,15,0,1,0,0.0333,0,1801.8,0,1,0,0.0333,0,1801.8,0.066536,0.027224,0.066536,0.027224,0,2,0,0.0333,0,3603.6,0,1,0,0.0333,0,1801.8
1223,12,77.867,77.9,15,1,16,0,0,0,0,0,0,0,1,0,0.0333,0,1801.8,0,0,0,0,0,1,0,0.0333,0,1801.8,0,1,0,0.0333,0,1801.8
1223,12,78.233,78.333,2,1,17,0,1,0,0.1,0,600,0,0,0,0,0,0,0.073707,0.023831,0.073047,0.023838,0,2,0,0.1,0,1200,0,1,0,0.1,0,600
1223,12,80.2,80.233,2,1,18,0,1,0,0.0333,0,1801.8,0,1,0,0.0333,0,1801.8,0.063529,0.022208,0.063529,0.022208,0,0,0,0,0,0,0,1,0,0.0333,0,1801.8
1223,12,83.633,83.667,2,1,19,0,1,0,0.0333,0,1801.8,0,1,0,0.0333,0,1801.8,0.059473,0.020303,0.059473,0.020303,0,1,0,0.0333,0,1801.8,0,2,0,0.0333,0,3603.6
1223,12,84.867,86.2,5,1,20,0.52501,0,0.7,0,45.001,0,0.17498,0.25001,0.2333,0.33333,45.001,45.001,0.18623,0.026218,0.21635,0.026278,0,1.275,0,0.84997,0,90.002,1,1,1.3333,1.3333,45.001,45.001
1223,12,86.367,86.467,6,1,21,0,1,0,0.0999,0,600.6,1,0,0.0999,0,600.6,0,0.15656,0.031049,0.15656,0.031049,1,0,0.0999,0,600.6,0,0,2,0,0.0999,0,1201.2
1223,12,86.867,87.2,5,1,22,1,0,0.3333,0,180.02,0,0.60006,0.29993,0.2,0.099967,180.02,180.02,0.14038,0.027316,0.15058,0.027326,0,1,0,0.3333,0,180.02,1,1,0.3333,0.3333,180.02,180.02
1223,12,87.367,87.433,6,1,23,0,1,0,0.0666,0,900.9,0,1,0,0.0666,0,900.9,0.11127,0.025937,0.11127,0.025937,1,0,0.0666,0,900.9,0,0,2,0,0.0666,0,1801.8
1223,12,87.733,87.767,6,1,24,0,1,0,0.0333,0,1801.8,0,0,0,0,0,0,0.13216,0.02856,0.13216,0.02856,1,0,0.0333,0,1801.8,0,0,1,0,0.0333,0,1801.8
1223,12,87.833,87.867,6,1,25,0,1,0,0.0333,0,1801.8,0,0,0,0,0,0,0.10421,0.02554,0.10421,0.02554,1,0,0.0333,0,1801.8,0,0,1,0,0.0333,0,1801.8
1223,12,89.067,89.367,6,1,26,0,1,0,0.2999,0,200.07,1,0,0.2999,0,200.07,0,0.13101,0.026796,0.13025,0.026952,1,0,0.2999,0,200.07,0,0,1,0,0.2999,0,200.07
1223,12,90.133,90.2,6,1,27,0,0,0,0,0,0,0,0,0,0,0,0,0.15356,0.02865,0.15356,0.02865,1,0,0.0667,0,899.55,0,0,1,0,0.0667,0,899.55
1223,12,90.667,90.833,6,1,28,0,1,0,0.1666,0,360.14,0,1,0,0.1666,0,360.14,0.14443,0.024778,0.14755,0.024902,1,0,0.1666,0,360.14,0,0,1,0,0.1666,0,360.14
1223,12,91.2,91.7,6,1,29,0,1,0,0.5,0,120,0,1,0,0.5,0,120,0.10993,0.017764,0.1022,0.017443,1,0,0.5,0,120,0,0,1,0,0.5,0,120
1223,12,92.6,92.667,6,1,30,0,1,0,0.0666,0,900.9,0,0,0,0,0,0,0.092075,0.027568,0.092075,0.027568,1,0,0.0666,0,900.9,0,0,2,0,0.0666,0,1801.8
1223,12,97.533,105.4,6,1,31,0.11441,0.86017,0.45,3.3833,15.254,15.254,0.32204,0.38559,0.63334,1.0111,30.508,22.881,0.13907,0.029884,0.13759,0.027993,1.0551,0,4.15,0,15.254,0,0,1.7966,0,7.0667,0,15.254
1223,12,106.3,106.6,2,1,32,0,1,0,0.3,0,200,0,0.44444,0,0.13333,0,200,0.078561,0.02391,0.078203,0.023798,0,2,0,0.3,0,400,0,2,0,0.3,0,400
1223,12,107.03,107.53,6,1,33,0,1,0,0.5,0,120,0,0.60007,0,0.30003,0,120,0.16691,0.026414,0.17507,0.025145,1,0,0.5,0,120,0,0,1,0,0.5,0,120
1223,12,108.4,108.87,6,1,34,0,1,0,0.4666,0,128.59,0,1,0,0.4666,0,128.59,0.19316,0.02219,0.20549,0.020411,1,0,0.4666,0,128.59,0,0,1,0,0.4666,0,128.59
1223,12,109.8,109.9,6,1,35,0,0,0,0,0,0,0,0,0,0,0,0,0.14449,0.025489,0.14831,0.024934,1,0,0.1,0,600,0,0,1,0,0.1,0,600
1223,12,112.9,113,15,1,36,0,1,0,0.1,0,600,0,1,0,0.1,0,600,0.14426,0.03287,0.14388,0.032896,0,2,0,0.1,0,1200,0,1,0,0.1,0,600
1223,12,138.37,138.43,2,1,37,0,1,0,0.0666,0,900.9,0,1,0,0.0666,0,900.9,0.087083,0.0302,0.087083,0.0302,0,2,0,0.0666,0,1801.8,0,1,0,0.0666,0,900.9
1223,12,138.47,138.63,2,1,38,0,0.80012,0,0.1333,0,360.14,0,1,0,0.1666,0,360.14,0.097176,0.033194,0.097191,0.033186,0,2,0,0.1666,0,720.29,0,1,0,0.1666,0,360.14
1223,12,138.77,139.1,2,1,39,0,1,0,0.3333,0,180.02,0,1,0,0.3333,0,180.02,0.096975,0.029428,0.099967,0.030505,0,1.3999,0,0.2333,0,360.04,0,1,0,0.3333,0,180.02
1223,12,140.1,140.3,18,1,40,0,1,0,0.2,0,300,0,1,0,0.2,0,300,0.10459,0.042682,0.10313,0.04297,0,1.1667,0,0.11667,0,600,0,1,0,0.2,0,300
1223,12,140.67,140.8,18,1,41,0,1,0,0.1333,0,450.11,0,1,0,0.1333,0,450.11,0.12563,0.042763,0.12598,0.041629,0,2,0,0.1333,0,900.23,0,2,0,0.1333,0,900.23
1223,12,142.17,142.23,16,1,42,1,0,0.0666,0,900.9,0,0,0,0,0,0,0,0.14827,0.029011,0.14827,0.029011,2,0,0.0666,0,1801.8,0,0,1,0,0.0666,0,900.9
1223,12,142.5,142.6,21,1,43,0,1,0,0.1,0,600,0,1,0,0.1,0,600,0.25279,0.028865,0.25127,0.028408,0,2,0,0.1,0,1200,0,1,0,0.1,0,600
1223,12,142.67,142.83,16,1,44,0.60004,0,0.099967,0,360.14,0,0,1,0,0.1666,0,360.14,0.18035,0.033932,0.18309,0.033772,2,0,0.1666,0,720.29,0,0,1,0,0.1666,0,360.14
1223,12,167.53,167.6,11,1,45,0,1,0,0.0667,0,899.55,1,0,0.0667,0,899.55,0,0.095457,0.034781,0.095457,0.034781,0,1,0,0.0667,0,899.55,0,1,0,0.0667,0,899.55
1223,12,167.77,167.9,11,1,46,0,0.25006,0,0.033333,0,450.11,0,0,0,0,0,0,0.10287,0.03646,0.1025,0.037533,0,1,0,0.1333,0,450.11,0,1,0,0.1333,0,450.11
1223,12,168.17,168.33,15,1,47,0,1,0,0.1666,0,360.14,0,0.39996,0,0.066633,0,360.14,0.19195,0.04642,0.18994,0.047548,0,2,0,0.1666,0,720.29,0,1,0,0.1666,0,360.14
1223,12,168.5,168.67,15,1,48,0,0.19968,0,0.033267,0,360.14,0,1,0,0.1666,0,360.14,0.14403,0.039734,0.14695,0.040175,0,2,0,0.1666,0,720.29,0,1,0,0.1666,0,360.14
1223,12,168.8,168.9,11,1,49,1,0,0.1,0,600,0,0,1,0,0.1,0,600,0.10077,0.03489,0.10078,0.034947,0,2,0,0.1,0,1200,0,1,0,0.1,0,600
1223,12,169.17,169.2,11,1,50,1,0,0.0333,0,1801.8,0,0,1,0,0.0333,0,1801.8,0,0,0,0,0,2,0,0.0333,0,3603.6,0,1,0,0.0333,0,1801.8
1223,12,171.43,171.5,2,1,51,0,0,0,0,0,0,0,1,0,0.0667,0,899.55,0.067611,0.02112,0.067611,0.02112,0,2,0,0.0667,0,1799.1,0,2,0,0.0667,0,1799.1
1223,12,172.1,172.13,2,1,52,0,1,0,0.0333,0,1801.8,0,1,0,0.0333,0,1801.8,0.065508,0.024777,0.065508,0.024777,0,2,0,0.0333,0,3603.6,0,1,0,0.0333,0,1801.8
1223,12,175.9,176.1,2,1,53,0,1,0,0.2,0,300,0,1,0,0.2,0,300,0.076434,0.025323,0.076265,0.02509,0,2,0,0.2,0,600,0,1,0,0.2,0,300
1223,12,177.07,177.2,2,1,54,0,1,0,0.1333,0,450.11,0,1,0,0.1333,0,450.11,0.069686,0.029464,0.070833,0.029481,0,2,0,0.1333,0,900.23,0,1,0,0.1333,0,450.11
1223,12,183.37,183.47,2,1,55,0,1,0,0.0999,0,600.6,0,1,0,0.0999,0,600.6,0.074766,0.026306,0.074766,0.026306,0,2,0,0.0999,0,1201.2,0,1,0,0.0999,0,600.6
1223,12,183.53,183.77,2,1,56,0,1,0,0.2333,0,257.18,0,0.85741,0,0.20003,0,257.18,0.075256,0.02841,0.075833,0.027395,0,2,0,0.2333,0,514.36,0,1,0,0.2333,0,257.18
1223,12,183.87,184.03,2,1,57,0,0.19988,0,0.0333,0,360.14,0,0,0,0,0,0,0.070501,0.0292,0.07069,0.028688,0,2,0,0.1666,0,720.29,0,1,0,0.1666,0,360.14
1223,12,194.3,194.5,5,1,58,0,1,0,0.2,0,300,0,1,0,0.2,0,300,0.08885,0.029876,0.090807,0.030074,0,2,0,0.2,0,600,0,2,0,0.2,0,600
1223,12,233.33,233.63,2,1,59,0,1,0,0.3,0,200,0,1,0,0.3,0,200,0.089199,0.023857,0.089648,0.023379,0,0,0,0,0,0,0,0.99989,0,0.29997,0,200
1223,12,233.8,234.33,2,1,60,0,1,0,0.5333,0,112.51,0.56254,0,0.3,0,112.51,0,0.079796,0.024134,0.079964,0.024658,0,0,0,0,0,0,0,1,0,0.5333,0,112.51
1223,12,235.43,235.57,2,1,61,0,1,0,0.1333,0,450.11,0,1,0,0.1333,0,450.11,0.069026,0.01949,0.069367,0.01918,0,0,0,0,0,0,0,1,0,0.1333,0,450.11
1223,12,241.2,241.27,10,1,62,1,0,0.0666,0,900.9,0,0,0,0,0,0,0,0.074723,0.028286,0.074723,0.028286,0,0,0,0,0,0,1,1,0.0666,0.0666,900.9,900.9
1223,12,241.3,241.37,10,1,63,1,0,0.0666,0,900.9,0,0,0,0,0,0,0,0.07918,0.02571,0.07918,0.02571,0,0,0,0,0,0,1,1,0.0666,0.0666,900.9,900.9
1223,12,242.17,242.27,23,1,64,0,1,0,0.0999,0,600.6,0,1,0,0.0999,0,600.6,0.055371,0.015635,0.055371,0.015635,0,2,0,0.0999,0,1201.2,0,1,0,0.0999,0,600.6
1223,12,243.37,243.8,10,1,65,1,0,0.4333,0,138.47,0,0,1,0,0.4333,0,138.47,0.13364,0.025021,0.12916,0.023364,2,0,0.4333,0,276.94,0,0,1,0,0.4333,0,138.47
1223,12,243.83,244,10,1,66,1,0,0.1667,0,359.93,0,0,1,0,0.1667,0,359.93,0.14128,0.031591,0.14557,0.031773,2,0,0.1667,0,719.86,0,0,1,0,0.1667,0,359.93
1223,12,244.17,244.57,10,1,67,1,0,0.3999,0,150.04,0,0.33325,0.24998,0.13327,0.099967,150.04,150.04,0.10571,0.027589,0.11042,0.027624,1.5833,0,0.31658,0,300.08,0,0,1.6667,0,0.33325,0,300.08
1223,12,245.1,245.2,10,1,68,1,0,0.1,0,600,0,1,0,0.1,0,600,0,0.083466,0.02581,0.083174,0.0258,2,0,0.1,0,1200,0,0,1,0,0.1,0,600
1223,12,247.87,248.2,10,1,69,0,0,0,0,0,0,1,0,0.3333,0,180.02,0,0.14583,0.032501,0.1348,0.032127,1.3,0,0.14443,0,540.05,0,0,1,0,0.3333,0,180.02
1223,12,248.63,248.83,10,1,70,0,0,0,0,0,0,0.1665,0,0.0333,0,300,0,0.15362,0.029973,0.15349,0.029289,1.4998,0,0.14998,0,600,0,0,1,0,0.2,0,300
1223,12,248.87,248.93,10,1,71,1,0,0.0666,0,900.9,0,1,0,0.0666,0,900.9,0,0.16668,0.033043,0.16668,0.033043,2,0,0.0666,0,1801.8,0,0,1,0,0.0666,0,900.9
1223,12,249.3,250.23,10,1,72,1,0,0.9333,0,64.288,0,0.60716,0,0.56667,0,64.288,0,0.26659,0.035332,0.25087,0.034721,1.6786,0,0.7833,0,128.58,0,0,1.1071,0,0.51665,0,128.58
1223,12,251.07,252.47,10,1,73,1,0,1.3999,0,42.86,0,1,0,1.3999,0,42.86,0,0.15796,0.023781,0.15165,0.023344,1.3095,0,0.36664,0,214.3,0,0,1.2857,0,0.89995,0,85.72
1223,12,252.63,253.87,10,1,74,1,0,1.2333,0,48.65,0,0.48653,0,0.60003,0,48.65,0,0.17108,0.019743,0.16103,0.02026,1.3243,0,0.81665,0,97.3,0,0,1,0,1.2333,0,48.65
1223,12,254.03,254.5,10,1,75,1,0,0.4667,0,128.56,0,1,0,0.4667,0,128.56,0,0.15126,0.020185,0.15312,0.0199,1.5,0,0.35003,0,257.12,0,0,1,0,0.4667,0,128.56
1223,12,254.53,254.67,10,1,76,1,0,0.1333,0,450.11,0,1,0,0.1333,0,450.11,0,0.073965,0.023396,0.070807,0.023335,1.7502,0,0.11665,0,900.23,0,0,1,0,0.1333,0,450.11
1223,12,256,256.13,3,1,77,0,0,0,0,0,0,0,0,0,0,0,0,0.070613,0.023516,0.072658,0.023404,0,1,0,0.1333,0,450.11,0,1,0,0.1333,0,450.11
1223,12,256.13,256.53,10,1,78,0.99992,0,0.39997,0,150,0,0.41658,0,0.16663,0,150,0,0.15628,0.026274,0.17305,0.025275,1,0,0.4,0,150,0,0,1,0,0.4,0,150
1223,12,261.03,261.53,10,1,79,1,0,0.5,0,120,0,0.19993,0,0.099967,0,120,0,0.17277,0.03573,0.17227,0.035232,1.2,0,0.2,0,360,0,0,1,0,0.5,0,120
1223,12,261.63,262.87,10,1,80,0.56761,0.16211,0.70003,0.19993,48.65,48.65,0.027055,0,0.033367,0,48.65,0,0.10914,0.028337,0.10579,0.027566,1.4865,0,0.30554,0,291.9,0,0,1,0,1.2333,0,48.65
1223,12,264.13,264.17,15,1,81,0,0,0,0,0,0,0,1,0,0.0333,0,1801.8,0.091289,0.026485,0.091289,0.026485,0,1,0,0.0333,0,1801.8,0,1,0,0.0333,0,1801.8
1223,12,265.07,265.23,15,1,82,0,0,0,0,0,0,0,1,0,0.1666,0,360.14,0.10132,0.026466,0.10281,0.026603,0,1,0,0.1666,0,360.14,0,1,0,0.1666,0,360.14
1223,12,265.7,266.8,16,1,83,0,0.69697,0,0.38333,0,109.09,0,1,0,1.1,0,54.545,0.12789,0.06088,0.13066,0.061568,0,1.7879,0,0.98333,0,109.09,0,1.4242,0,0.39167,0,218.18
1223,12,267.07,267.57,18,1,84,0.40001,0.39995,0.19997,0.19993,120.02,120.02,0,0.93332,0,0.23328,0,240.05,0.13147,0.03306,0.13868,0.033895,0,0.60005,0,0.29997,0,120.02,0,2,0,0.4999,0,240.05
1223,12,267.93,268.7,10,1,85,1,0,0.7667,0,78.257,0,0,1,0,0.7667,0,78.257,0.15323,0.025586,0.14809,0.025153,0,0,0,0,0,0,1,1,0.7667,0.7667,78.257,78.257
1223,12,270.67,270.7,10,1,86,0,1,0,0.0333,0,1801.8,0,0,0,0,0,0,0,0,0,0,0,0,0,0,0,0,1,1,0.0333,0.0333,1801.8,1801.8
1223,12,270.73,270.83,10,1,87,0,1,0,0.1,0,600,0,0,0,0,0,0,0.075001,0.02855,0.076107,0.028498,0,0,0,0,0,0,1,1,0.1,0.1,600,600
1223,12,271,272.5,10,1,88,0.73333,0.22222,1.1,0.33333,40,40,1,0,1.5,0,40,0,0.17815,0.030971,0.1863,0.030378,0.28889,0,0.43333,0,40,0,0.95556,1,1.4333,1.5,40,40
1223,12,272.77,275.8,10,1,89,0,1,0,3.0333,0,19.78,0.61538,0.3077,0.93332,0.93333,39.561,19.78,0.1472,0.03991,0.13739,0.039558,1,0,3.0333,0,19.78,0,0,1,0,3.0333,0,19.78
1223,12,276.07,276.53,10,1,90,0.71432,0.14281,0.3333,0.066633,128.59,128.59,1,0,0.4666,0,128.59,0,0.1385,0.034903,0.14083,0.034862,1,0,0.4666,0,128.59,0,0.21424,1,0.099967,0.4666,128.59,128.59
1223,12,276.6,276.87,10,1,91,1,0,0.2666,0,225.06,0,1,0,0.2666,0,225.06,0,0.11742,0.037614,0.11538,0.038056,1,0,0.2666,0,225.06,0,0,1,0,0.2666,0,225.06
1223,12,276.9,276.93,10,1,92,1,0,0.0333,0,1801.8,0,1,0,0.0333,0,1801.8,0,0.077018,0.030983,0.077018,0.030983,1,0,0.0333,0,1801.8,0,0,1,0,0.0333,0,1801.8
1223,12,277.87,278.4,10,1,93,1,0,0.5333,0,112.51,0,1,0,0.5333,0,112.51,0,0.12375,0.036305,0.12567,0.036121,1,0,0.5333,0,112.51,0,0,1,0,0.5333,0,112.51
1223,12,278.5,278.73,10,1,94,1,0,0.2333,0,257.18,0,1,0,0.2333,0,257.18,0,0.11365,0.035048,0.11329,0.035024,1,0,0.2333,0,257.18,0,0,1,0,0.2333,0,257.18
1223,12,279.13,280,10,1,95,1,0,0.8667,0,69.228,0,1,0,0.8667,0,69.228,0,0.16167,0.039445,0.15094,0.039254,1,0.84612,0.8667,0.73333,69.228,69.228,0,1,0,0.8667,0,69.228
1223,12,281.57,283.1,15,1,96,0,0.54349,0,0.83333,0,39.131,0,0.76086,0,0.58332,0,78.263,0.126,0.033073,0.13021,0.030402,0,1.7174,0,1.3167,0,78.263,0,1.2826,0,0.98332,0,78.263
1223,12,284.9,286.2,10,1,97,0.12821,0.76923,0.16667,0.5,46.154,92.308,0,0.38462,0,0.5,0,46.154,0.13137,0.031414,0.11654,0.030171,1.359,0,0.88333,0,92.308,0,0,1,0,1.3,0,46.154
1223,12,286.23,286.53,10,1,98,0.55567,0.111,0.1667,0.0333,200,200,0,0,0,0,0,0,0.10117,0.024305,0.10537,0.024377,2,0,0.3,0,400,0,0,1.5554,0,0.23332,0,400
1223,12,287.23,287.67,10,1,99,0.92299,0,0.39993,0,138.47,0,0,1,0,0.4333,0,138.47,0.1337,0.031082,0.13502,0.030191,1.5384,0,0.2222,0,415.42,0,0,2,0,0.4333,0,276.94
1223,12,287.87,287.9,18,1,100,0,1,0,0.0333,0,1801.8,0,1,0,0.0333,0,1801.8,0,0,0,0,0,2,0,0.0333,0,3603.6,0,2,0,0.0333,0,3603.6
1223,12,291.47,291.73,21,1,101,0,1,0,0.2666,0,225.06,0,1,0,0.2666,0,225.06,0.088021,0.032302,0.088086,0.032339,0,2,0,0.2666,0,450.11,0,2,0,0.2666,0,450.11
1223,12,292.17,292.2,21,1,102,0,0,0,0,0,0,0,1,0,0.0333,0,1801.8,0,0,0,0,0,2,0,0.0333,0,3603.6,0,1,0,0.0333,0,1801.8
1223,12,293.17,293.33,18,1,103,0,1,0,0.1666,0,360.14,0,1,0,0.1666,0,360.14,0.1153,0.049592,0.11679,0.049462,0,1,0,0.1666,0,360.14,0,2,0,0.1666,0,720.29
1223,12,293.53,293.63,10,1,104,0,0,0,0,0,0,0,1,0,0.1,0,600,0.10364,0.043735,0.10322,0.043248,1,0,0.1,0,600,0,0,2,0,0.1,0,1200
1223,12,294.23,295.6,18,1,105,0,0.17075,0,0.11668,0,87.803,0,0.92683,0,0.63335,0,87.803,0.10176,0.040711,0.1001,0.0403,0,2,0,1.3667,0,87.803,0,2,0,1.3667,0,87.803
1223,12,295.7,295.87,5,1,106,0,1,0,0.1666,0,360.14,0,1,0,0.1666,0,360.14,0.089719,0.039804,0.090176,0.038955,0,2,0,0.1666,0,720.29,0,2,0,0.1666,0,720.29
1223,12,296.47,296.57,14,1,107,0,1,0,0.0999,0,600.6,1,0,0.0999,0,600.6,0,0.11887,0.028953,0.11887,0.028953,0,2,0,0.0999,0,1201.2,1,1,0.0999,0.0999,600.6,600.6
1223,12,300.57,300.7,10,1,108,1,0,0.1333,0,450.11,0,1,0,0.1333,0,450.11,0,0.10891,0.036517,0.10924,0.036485,2,0,0.1333,0,900.23,0,0,2,0,0.1333,0,900.23
1223,12,300.87,300.9,21,1,109,0,1,0,0.0333,0,1801.8,0,1,0,0.0333,0,1801.8,0,0,0,0,0,2,0,0.0333,0,3603.6,0,2,0,0.0333,0,3603.6
1223,12,301.57,301.73,2,1,110,0,1,0,0.1666,0,360.14,0,0,0,0,0,0,0.08163,0.030808,0.081626,0.030824,0,2,0,0.1666,0,720.29,0,2,0,0.1666,0,720.29
1223,12,303.63,303.67,15,1,111,0,1,0,0.0333,0,1801.8,0,1,0,0.0333,0,1801.8,0.21632,0.031322,0.21632,0.031322,0,2,0,0.0333,0,3603.6,0,2,0,0.0333,0,3603.6
1223,12,304.43,305.8,18,1,112,0.90244,0.02439,1.2334,0.033333,43.901,43.901,0,0.24392,0,0.11112,0,131.7,0.17452,0.034905,0.17049,0.035485,0,2,0,1.3667,0,87.803,0,1.7073,0,1.1667,0,87.803
1223,12,305.83,308.5,18,1,113,0,1,0,2.6667,0,22.5,0,0.9125,0,0.60834,0,89.999,0.13967,0.035532,0.13404,0.035226,0,1.425,0,1.9,0,44.999,0,1.55,0,2.0667,0,44.999
1223,12,310.3,310.67,3,1,114,0,1,0,0.3666,0,163.67,0,0.3637,0,0.13333,0,163.67,0.075779,0.022068,0.074206,0.021932,0,1,0,0.3666,0,163.67,0,1,0,0.3666,0,163.67
1223,12,315.57,316.23,10,1,115,1,0,0.6666,0,90.009,0,0,0.79998,0,0.26663,0,180.02,0.15671,0.030759,0.14515,0.031109,1.45,0,0.48328,0,180.02,0,0,1.05,0,0.34995,0,180.02
1223,12,316.57,316.67,10,1,116,0.667,0,0.066633,0,600.6,0,0,1,0,0.0999,0,600.6,0.071519,0.019832,0.071519,0.019832,1.333,0,0.066583,0,1201.2,0,0,1,0,0.0999,0,600.6
1223,12,333.77,333.97,10,1,117,1,0,0.1999,0,300.15,0,0,1,0,0.1999,0,300.15,0.086894,0.029015,0.089648,0.028971,1.1664,0,0.11658,0,600.3,0,0,1,0,0.1999,0,300.15
1223,12,334.17,334.2,18,1,118,0,1,0,0.0333,0,1801.8,0,1,0,0.0333,0,1801.8,0,0,0,0,0,2,0,0.0333,0,3603.6,0,2,0,0.0333,0,3603.6
1223,12,334.73,335.93,10,1,119,0.80558,0,0.9667,0,50,0,0,0.88892,0,1.0667,0,50,0.10232,0.027575,0.10062,0.027316,1.8334,0,1.1,0,100,0,0,2,0,1.2,0,100
1223,12,339.1,339.13,18,1,120,0,1,0,0.0333,0,1801.8,0,1,0,0.0333,0,1801.8,0.063418,0.022619,0.063418,0.022619,0,2,0,0.0333,0,3603.6,0,1,0,0.0333,0,1801.8
1223,12,339.17,339.2,18,1,121,0,1,0,0.0333,0,1801.8,0,0,0,0,0,0,0,0,0,0,0,2,0,0.0333,0,3603.6,0,1,0,0.0333,0,1801.8
1223,12,339.57,339.6,18,1,122,0,1,0,0.0333,0,1801.8,0,0,0,0,0,0,0,0,0,0,0,2,0,0.0333,0,3603.6,0,1,0,0.0333,0,1801.8
1223,12,375.2,375.4,18,1,123,0,1,0,0.2,0,300,0.5,0,0.1,0,300,0,0.077563,0.029671,0.07853,0.029722,0,1,0,0.2,0,300,0,1,0,0.2,0,300
1223,12,381.07,381.1,2,1,124,0,1,0,0.0333,0,1801.8,0,1,0,0.0333,0,1801.8,0,0,0,0,0,2,0,0.0333,0,3603.6,0,2,0,0.0333,0,3603.6
1223,12,386,386.03,2,1,125,0,1,0,0.0333,0,1801.8,0,1,0,0.0333,0,1801.8,0.21239,0.046315,0.21239,0.046315,0,1,0,0.0333,0,1801.8,0,2,0,0.0333,0,3603.6
1223,12,388.83,389.3,21,1,126,0.92851,0,0.43333,0,128.56,0,0,1,0,0.4667,0,128.56,0.11241,0.035298,0.11252,0.034654,1,0,0.4667,0,128.56,0,0,1,0,0.4667,0,128.56
1223,12,389.43,389.53,18,1,127,0,1,0,0.1,0,600,0,1,0,0.1,0,600,0.071849,0.029477,0.071849,0.029658,0,1.9997,0,0.099983,0,1200,0,1,0,0.1,0,600
1223,12,389.97,390.2,1,1,128,1,0,0.2333,0,257.18,0,0,0,0,0,0,0,0.10039,0.031571,0.10078,0.03157,1,1,0.2333,0.2333,257.18,257.18,1,1,0.2333,0.2333,257.18,257.18
1223,12,390.2,390.67,18,1,129,0,0.85712,0,0.19997,0,257.18,0,0.42849,0,0.19993,0,128.59,0.075271,0.025863,0.075171,0.02471,0,2,0,0.4666,0,257.18,0,2,0,0.4666,0,257.18
1223,12,390.97,391.13,18,1,130,0,1,0,0.1666,0,360.14,0,1,0,0.1666,0,360.14,0.08703,0.033581,0.086698,0.033865,0,1.1999,0,0.09995,0,720.29,0,2,0,0.1666,0,720.29
1223,12,391.13,391.6,1,1,131,0,0.78573,0,0.18335,0,257.12,0,1,0,0.4667,0,128.56,0.12712,0.039675,0.13174,0.039716,0,1,0,0.4667,0,128.56,1,1,0.4667,0.4667,128.56,128.56
1223,12,392.8,393.43,21,1,132,0,1,0,0.6333,0,94.742,0,0,0,0,0,0,0.13922,0.035795,0.14258,0.035185,1,0,0.6333,0,94.742,0,0,2,0,0.6333,0,189.48
1223,12,393.63,394.67,21,1,133,0.29027,0.67747,0.29993,0.70003,58.066,58.066,0.99997,0,1.0333,0,58.066,0,0.21501,0.0284,0.22985,0.027611,1,0,1.0333,0,58.066,0,0,2,0,1.0333,0,116.13
1223,12,394.77,395.03,21,1,134,1,0,0.2666,0,225.06,0,1,0,0.2666,0,225.06,0,0.10462,0.036525,0.10547,0.036079,2,0,0.2666,0,450.11,0,0,2,0,0.2666,0,450.11
1223,12,395.17,395.37,21,1,135,1,0,0.1999,0,300.15,0,1,0,0.1999,0,300.15,0,0.078683,0.028271,0.078385,0.027883,2,0,0.1999,0,600.3,0,0,2,0,0.1999,0,600.3
1223,12,396.17,396.47,21,1,136,0.22219,0.44437,0.066633,0.13327,200.07,200.07,1,0,0.2999,0,200.07,0,0.14445,0.031165,0.14629,0.031768,1.111,0,0.1666,0,400.13,0,0,2,0,0.2999,0,400.13
1223,12,397.47,397.67,11,1,137,0,1,0,0.1999,0,300.15,0,1,0,0.1999,0,300.15,0.17509,0.0334,0.17751,0.033164,0,1.3332,0,0.13325,0,600.3,1,1,0.1999,0.1999,300.15,300.15
1223,12,397.93,398.47,21,1,138,1,0,0.5333,0,112.51,0,1,0,0.5333,0,112.51,0,0.13185,0.030647,0.13375,0.030296,2,0,0.5333,0,225.01,0,1,1,0.5333,0.5333,112.51,112.51
1223,12,398.47,398.83,11,1,139,0,1,0,0.3666,0,163.67,0,1,0,0.3666,0,163.67,0.07604,0.021959,0.072383,0.020808,0,2,0,0.3666,0,327.33,1,1,0.3666,0.3666,163.67,163.67
1223,12,398.97,399.8,21,1,140,0.67999,0.24001,0.56663,0.2,72.003,72.003,1,0,0.8333,0,72.003,0,0.12622,0.030387,0.12649,0.030918,1.36,0,0.56663,0,144.01,0,0,1,0,0.8333,0,72.003
1223,12,401.83,402,18,1,141,0,1,0,0.1667,0,359.93,0,1,0,0.1667,0,359.93,0.10415,0.03462,0.10293,0.034605,0,1,0,0.1667,0,359.93,0,1,0,0.1667,0,359.93
1223,12,402.03,404.03,21,1,142,0.83335,0.049983,1.6667,0.099967,30,30,0.31667,0.5,0.63333,0.5,30,60,0.18748,0.030809,0.19068,0.031058,1,0,2,0,30,0,0,1.8333,0,1.8333,0,60
1223,12,404.07,404.1,21,1,143,0,1,0,0.0333,0,1801.8,0,1,0,0.0333,0,1801.8,0,0,0,0,1,0,0.0333,0,1801.8,0,0,2,0,0.0333,0,3603.6
1223,12,404.33,404.6,18,1,144,0,1,0,0.2667,0,224.97,0,1,0,0.2667,0,224.97,0.087546,0.029027,0.087168,0.028981,0,1,0,0.2667,0,224.97,0,2,0,0.2667,0,449.94
1223,12,404.63,404.8,18,1,145,0,1,0,0.1667,0,359.93,0,1,0,0.1667,0,359.93,0.082061,0.031392,0.081569,0.031154,0,1,0,0.1667,0,359.93,0,2,0,0.1667,0,719.86
1223,12,405.3,405.43,3,1,146,0.50013,0,0.066667,0,450.11,0,0,1,0,0.1333,0,450.11,0.10876,0.047232,0.10995,0.047363,0,1,0,0.1333,0,450.11,0,1,0,0.1333,0,450.11
1223,12,405.73,405.93,3,1,147,0,1,0,0.2,0,300,0,0.66667,0,0.066667,0,600,0.14078,0.048776,0.14082,0.047722,0,2,0,0.2,0,600,0,1,0,0.2,0,300
1223,12,408.83,409.47,11,1,148,1,0,0.6333,0,94.742,0,0.10532,0.52624,0.0667,0.16663,94.742,189.48,0.11144,0.034113,0.10541,0.024515,1.4736,0,0.46662,0,189.48,0,0,2,0,0.6333,0,189.48
1223,12,409.5,410.3,11,1,149,0.66667,0.29167,0.53333,0.23333,75,75,0.58333,0.20833,0.46667,0.16667,75,75,0.15201,0.022573,0.15367,0.021748,2,0,0.8,0,150,0,0,1.9167,0,0.76667,0,150
1223,12,411.83,411.87,2,1,150,0,1,0,0.0333,0,1801.8,0,0,0,0,0,0,0.28693,0.056307,0.28693,0.056307,0,2,0,0.0333,0,3603.6,0,1,0,0.0333,0,1801.8
1223,12,414.5,414.83,1,1,151,0,1,0,0.3333,0,180.02,0,0.29993,0,0.099967,0,180.02,0.13883,0.028945,0.14583,0.028689,0,0,0,0,0,0,1,1,0.3333,0.3333,180.02,180.02
1223,12,415.27,415.4,1,1,152,0,1,0,0.1333,0,450.11,0,1,0,0.1333,0,450.11,0.10175,0.033281,0.10171,0.033292,0,0,0,0,0,0,1,1,0.1333,0.1333,450.11,450.11
1223,12,415.6,415.63,15,1,153,0,1,0,0.0333,0,1801.8,1,0,0.0333,0,1801.8,0,0.12396,0.034722,0.12396,0.034722,0,0,0,0,0,0,1,1,0.0333,0.0333,1801.8,1801.8
1223,12,416.17,421.2,15,1,154,0.8212,0.079471,4.1333,0.4,11.921,11.921,0.70861,0.19868,3.5666,1,11.921,11.921,0.23777,0.033559,0.24234,0.034324,0,0,0,0,0,0,1,1,5.0333,5.0333,11.921,11.921
1223,12,421.23,422.47,1,1,155,1,0,1.2333,0,48.65,0,1,0,1.2333,0,48.65,0,0.20761,0.028939,0.21293,0.028851,0,0,0,0,0,0,1,1,1.2333,1.2333,48.65,48.65
1223,12,422.47,423.77,15,1,156,0.7436,0.2564,0.9666,0.3333,46.157,46.157,0,1,0,1.2999,0,46.157,0.25967,0.04675,0.25794,0.047821,0,0,0,0,0,0,1,1,1.2999,1.2999,46.157,46.157
1223,12,423.77,424.2,1,1,157,0,1,0,0.4333,0,138.47,1,0,0.4333,0,138.47,0,0.12948,0.037606,0.12781,0.037836,0.46157,0,0.2,0,138.47,0,1,1,0.4333,0.4333,138.47,138.47
1223,12,424.2,424.4,15,1,158,1,0,0.2,0,300,0,0,1,0,0.2,0,300,0.26717,0.052977,0.26498,0.052215,0,1,0,0.2,0,300,1,1,0.2,0.2,300,300
1223,12,425.33,426.3,1,1,159,0,1,0,0.9667,0,62.067,1,0,0.9667,0,62.067,0,0.21607,0.029799,0.20646,0.026393,1,0,0.9667,0,62.067,0,0,1,0,0.9667,0,62.067
1223,12,427.3,427.83,1,1,160,1,0,0.5333,0,112.51,0,1,0,0.5333,0,112.51,0,0.21864,0.028752,0.22858,0.02706,1,0,0.5333,0,112.51,0,0,1,0,0.5333,0,112.51
1223,12,428.93,429,1,1,161,1,0,0.0667,0,899.55,0,1,0,0.0667,0,899.55,0,0.12232,0.027322,0.12232,0.027322,1,0,0.0667,0,899.55,0,0,1,0,0.0667,0,899.55
1223,12,429.5,429.9,15,1,162,0,1,0,0.4,0,150,0,1,0,0.4,0,150,0.25972,0.036798,0.2625,0.034986,0,1,0,0.4,0,150,1,1,0.4,0.4,150,150
1223,12,430.03,431.1,1,1,163,1,0,1.0667,0,56.248,0,1,0,1.0667,0,56.248,0,0.20465,0.038119,0.19759,0.036988,0.25002,0,0.2667,0,56.248,0,1,1,1.0667,1.0667,56.248,56.248
1223,12,431.13,431.8,1,1,164,0.65002,0.24999,0.43337,0.16667,89.996,89.996,1,0,0.6667,0,89.996,0,0.19855,0.030263,0.21095,0.030813,0,0,0,0,0,0,1,1,0.6667,0.6667,89.996,89.996
1223,12,431.8,431.83,15,1,165,1,0,0.0333,0,1801.8,0,0,1,0,0.0333,0,1801.8,0.16953,0.035334,0.16953,0.035334,0,0,0,0,0,0,1,1,0.0333,0.0333,1801.8,1801.8
1223,12,431.83,432.37,1,1,166,0,1,0,0.5333,0,112.51,1,0,0.5333,0,112.51,0,0.19679,0.024002,0.18204,0.024147,0,0,0,0,0,0,1,1,0.5333,0.5333,112.51,112.51
1223,12,432.53,433.37,15,1,167,1,0,0.8333,0,72.003,0,0,1,0,0.8333,0,72.003,0.24454,0.037712,0.25391,0.037476,0,0,0,0,0,0,1,1,0.8333,0.8333,72.003,72.003
1223,12,433.37,433.7,1,1,168,0.20002,0.79998,0.066667,0.26663,180.02,180.02,1,0,0.3333,0,180.02,0,0.13282,0.023387,0.1325,0.023424,0,0,0,0,0,0,1,1,0.3333,0.3333,180.02,180.02
1223,12,434.07,443.6,1,1,169,1,0,9.5333,0,6.2937,0,1,0,9.5333,0,6.2937,0,0.10573,0.023983,0.10539,0.024006,0,0,0,0,0,0,0.93706,1.0385,8.9333,4.95,6.2937,12.587
1223,12,443.63,443.93,1,1,170,1,0,0.3,0,200,0,1,0,0.3,0,200,0,0.0736,0.022201,0.073594,0.022197,0,0,0,0,0,0,0,2,0,0.3,0,400
1223,12,444.07,445.97,1,1,171,0.26315,0.70176,0.49997,1.3333,31.581,31.581,1,0,1.8999,0,31.581,0,0.11736,0.026052,0.11551,0.025954,0,0,0,0,0,0,0,1,0,1.8999,0,31.581
1223,12,446,446.53,1,1,172,0,1,0,0.5333,0,112.51,1,0,0.5333,0,112.51,0,0.14937,0.026816,0.14043,0.026718,0,0,0,0,0,0,0,1,0,0.5333,0,112.51
1223,12,446.57,447,1,1,173,0,1,0,0.4333,0,138.47,1,0,0.4333,0,138.47,0,0.16317,0.029668,0.15503,0.029676,0,0,0,0,0,0,0,1,0,0.4333,0,138.47
1223,12,447.27,447.97,1,1,174,0.23803,0.71434,0.1666,0.49997,85.727,85.727,0.52384,0,0.36663,0,85.727,0,0.16129,0.027578,0.15815,0.027797,0,0,0,0,0,0,0,1,0,0.6999,0,85.727
1223,12,448,452.87,1,1,175,1,0,4.8666,0,12.329,0,0.51371,0.23287,2.5,1.1333,12.329,12.329,0.14987,0.028648,0.14497,0.028956,0,0.082166,0,0.19993,0,24.658,0,1,0,4.8666,0,12.329
1223,12,452.93,452.97,1,1,176,1,0,0.0333,0,1801.8,0,0,1,0,0.0333,0,1801.8,0.40792,0.057839,0.40792,0.057839,0,2,0,0.0333,0,3603.6,0,1,0,0.0333,0,1801.8
1223,12,453,453.03,2,1,177,0,1,0,0.0333,0,1801.8,0,1,0,0.0333,0,1801.8,0.46557,0.064712,0.46557,0.064712,0,2,0,0.0333,0,3603.6,0,1,0,0.0333,0,1801.8
1223,12,453.03,453.2,1,1,178,1,0,0.1667,0,359.93,0,0,1,0,0.1667,0,359.93,0.32354,0.032708,0.31942,0.033282,0,2,0,0.1667,0,719.86,0,1,0,0.1667,0,359.93
1223,12,468.9,468.97,15,1,179,1,0,0.0666,0,900.9,0,0,0,0,0,0,0,0.24683,0.040225,0.24683,0.040225,0,0,0,0,0,0,0,1,0,0.0666,0,900.9
1223,12,470.83,471,15,1,180,1,0,0.1667,0,359.93,0,0,1,0,0.1667,0,359.93,0.22466,0.045046,0.21943,0.045581,0,0,0,0,0,0,0,1,0,0.1667,0,359.93
1223,12,472.13,472.5,22,1,181,1,0,0.3667,0,163.62,0,0,1,0,0.3667,0,163.62,0.22765,0.038132,0.24356,0.034666,1,0,0.3667,0,163.62,0,0,1,0,0.3667,0,163.62
1223,12,472.8,473.4,22,1,182,1,0,0.6,0,100,0,0,0.38889,0,0.23333,0,100,0.15598,0.030658,0.16556,0.028872,2,0,0.6,0,200,0,0,1,0,0.6,0,100
1223,12,489.13,489.17,15,1,183,0,1,0,0.0333,0,1801.8,0,1,0,0.0333,0,1801.8,0.10342,0.038363,0.10342,0.038363,0,2,0,0.0333,0,3603.6,0,1,0,0.0333,0,1801.8
1223,12,491.6,492.53,1,1,184,1,0,0.9333,0,64.288,0,0,0.92857,0,0.43332,0,128.58,0.097042,0.027322,0.097772,0.026985,0,2,0,0.9333,0,128.58,0,1.6429,0,0.76665,0,128.58
1223,12,492.9,493.2,1,1,185,0.33333,0.66667,0.1,0.2,200,200,0,1,0,0.3,0,200,0.093088,0.026504,0.09293,0.026677,0,2,0,0.3,0,400,0,2,0,0.3,0,400
1223,12,493.97,494.17,1,1,186,0,0.49975,0,0.04995,0,600.3,0,0.33333,0,0.066633,0,300.15,0.076982,0.026901,0.077272,0.026889,0,2,0,0.1999,0,600.3,0,1.4999,0,0.14992,0,600.3
1223,12,495.47,496.07,18,1,187,0,1,0,0.5999,0,100.02,0,0.27777,0,0.16663,0,100.02,0.14044,0.036224,0.14008,0.035231,0,2,0,0.5999,0,200.03,0,1.8889,0,0.56658,0,200.03
1223,12,496.27,497.13,18,1,188,0,0.84614,0,0.36663,0,138.47,0,0.84614,0,0.36663,0,138.47,0.13455,0.041698,0.13052,0.042476,0,2,0,0.8666,0,138.47,0,1,0,0.8666,0,69.236
1223,12,518.5,519.83,23,1,189,0.40001,0.19998,0.53333,0.13332,45.001,90.002,0,0.925,0,0.61665,0,90.002,0.19628,0.038696,0.19959,0.037366,0.25001,0,0.33333,0,45.001,0,0,2,0,1.3333,0,90.002
1223,12,519.9,520,15,1,190,1,0,0.1,0,600,0,1,0,0.1,0,600,0,0.17276,0.029589,0.17553,0.029683,0,0,0,0,0,0,1,1,0.1,0.1,600,600
1223,12,520,520.37,23,1,191,0,1,0,0.3666,0,163.67,0,1,0,0.3666,0,163.67,0.099019,0.029383,0.10145,0.03081,0,0,0,0,0,0,0,1.4546,0,0.26663,0,327.33
1223,12,548.6,548.67,21,1,192,0,1,0,0.0666,0,900.9,0,1,0,0.0666,0,900.9,0.095936,0.027553,0.095936,0.027553,0,0,0,0,0,0,0,1,0,0.0666,0,900.9
1223,12,548.97,549.2,21,1,193,0,0.71424,0,0.083317,0,514.36,0,1,0,0.2333,0,257.18,0.091699,0.028819,0.092025,0.028782,0,0,0,0,0,0,0,1,0,0.2333,0,257.18
1223,12,558.3,558.37,21,1,194,0,1,0,0.0666,0,900.9,0,1,0,0.0666,0,900.9,0.084316,0,0.084316,0,0,0,0,0,0,0,0,1,0,0.0666,0,900.9
1223,12,558.43,558.47,20,1,195,0,1,0,0.0333,0,1801.8,0,1,0,0.0333,0,1801.8,0.056416,0,0.056416,0,0,0,0,0,0,0,0,1,0,0.0333,0,1801.8
1223,12,559.37,559.47,7,1,196,1,0,0.0999,0,600.6,0,1,0,0.0999,0,600.6,0,0.18579,0.042149,0.18579,0.042149,0,0,0,0,0,0,1,1,0.0999,0.0999,600.6,600.6
1223,12,583.87,584.6,18,1,197,0,1,0,0.7333,0,81.822,0,0.77272,0,0.56663,0,81.822,0.22406,0.073533,0.23408,0.075803,0,2,0,0.7333,0,163.64,0,1,0,0.7333,0,81.822
1223,12,584.67,584.97,18,1,198,0,1,0,0.2999,0,200.07,0,0.66678,0,0.19997,0,200.07,0.12549,0.051637,0.1257,0.053136,0,2,0,0.2999,0,400.13,0,1,0,0.2999,0,200.07
1223,12,585,585.17,18,1,199,0,1,0,0.1666,0,360.14,0,0,0,0,0,0,0.12292,0.039962,0.12314,0.039374,0,2,0,0.1666,0,720.29,0,1,0,0.1666,0,360.14
1223,12,585.53,585.67,18,1,200,0,1,0,0.1333,0,450.11,0,0,0,0,0,0,0.10471,0.03585,0.10536,0.035808,0,2,0,0.1333,0,900.23,0,1,0,0.1333,0,450.11
1223,12,592.83,593.53,18,1,201,0,0,0,0,0,0,0,0.66667,0,0.23333,0,171.43,0.1565,0.046068,0.157,0.044463,0,0,0,0,0,0,0,1,0,0.7,0,85.714
1223,12,595.37,595.57,23,1,202,0,1,0,0.1999,0,300.15,0,0.83358,0,0.16663,0,300.15,0.22986,0.056415,0.22611,0.056578,0,1,0,0.1999,0,300.15,0,1.4999,0,0.14992,0,600.3
1223,12,595.63,595.7,23,1,203,0,1,0,0.0667,0,899.55,0,0,0,0,0,0,0.22754,0.053854,0.22754,0.053854,0,1,0,0.0667,0,899.55,0,2,0,0.0667,0,1799.1
1223,12,595.9,595.97,23,1,204,0,0,0,0,0,0,0,0,0,0,0,0,0.18458,0.061485,0.18458,0.061485,0,1,0,0.0666,0,900.9,0,2,0,0.0666,0,1801.8
1223,12,601.17,601.23,23,1,205,0,1,0,0.0666,0,900.9,0,0,0,0,0,0,0.14004,0.05497,0.14004,0.05497,0,0,0,0,0,0,0,1,0,0.0666,0,900.9
1223,12,601.97,602.2,23,1,206,0,1,0,0.2333,0,257.18,0,1,0,0.2333,0,257.18,0.243,0.072492,0.24921,0.072697,0,0,0,0,0,0,0,1,0,0.2333,0,257.18
1223,12,602.27,602.33,15,1,207,0,0,0,0,0,0,0,1,0,0.0666,0,900.9,0.24354,0.09783,0.24354,0.09783,0,0,0,0,0,0,0,1,0,0.0666,0,900.9
1223,12,602.33,602.43,23,1,208,0,0,0,0,0,0,0,1,0,0.1,0,600,0.14671,0.07759,0.14591,0.075807,0,0,0,0,0,0,0,1,0,0.1,0,600
1223,12,602.5,602.87,2,1,209,0,0.90926,0,0.33333,0,163.67,0,1,0,0.3666,0,163.67,0.12074,0.030443,0.12219,0.029329,0,0.81815,0,0.29993,0,163.67,0,1,0,0.3666,0,163.67
1223,12,602.87,602.97,15,1,210,0,0,0,0,0,0,0,1,0,0.0999,0,600.6,0.17258,0.082623,0.17258,0.082623,0,1,0,0.0999,0,600.6,0,1,0,0.0999,0,600.6
1223,12,602.97,603,18,1,211,0,0,0,0,0,0,0,1,0,0.0333,0,1801.8,0,0,0,0,0,1,0,0.0333,0,1801.8,0,1,0,0.0333,0,1801.8
1223,12,603.17,603.27,18,1,212,0,0.66667,0,0.0666,0,600.6,0,1,0,0.0999,0,600.6,0.084176,0.038156,0.084176,0.038156,0,0.66633,0,0.033283,0,1201.2,0,1,0,0.0999,0,600.6
1223,12,603.27,603.83,10,1,213,1,0,0.5666,0,105.89,0,0,1,0,0.5666,0,105.89,0.14801,0.061621,0.14586,0.061462,0,1,0,0.5666,0,105.89,0,1,0,0.5666,0,105.89
1223,12,604.63,605.1,10,1,214,0.071495,0.49996,0.033367,0.23333,128.56,128.56,0,0,0,0,0,0,0.23216,0.042895,0.21506,0.043358,1.2143,0,0.28335,0,257.12,0,0,1,0,0.4667,0,128.56
1223,12,609.2,609.87,15,1,215,0,0,0,0,0,0,0,0,0,0,0,0,0.23567,0.021278,0.22779,0.020813,0,2,0,0.6666,0,180.02,0,1,0,0.6666,0,90.009
1223,12,610.1,610.83,18,1,216,0,0.90913,0,0.66667,0,81.822,0,0,0,0,0,0,0.13132,0.040667,0.13122,0.040455,0,1.9546,0,0.71665,0,163.64,0,1,0,0.7333,0,81.822
1223,12,611.43,611.87,10,1,217,0,1,0,0.4333,0,138.47,1,0,0.4333,0,138.47,0,0.16602,0.033339,0.16671,0.033749,1,0,0.4333,0,138.47,0,0,1,0,0.4333,0,138.47
1223,12,612,612.1,10,1,218,0,1,0,0.1,0,600,1,0,0.1,0,600,0,0.141,0.033181,0.14525,0.032844,1,0,0.1,0,600,0,0,1,0,0.1,0,600
1223,12,613.83,614.63,10,1,219,0,1,0,0.8,0,75,0,0,0,0,0,0,0.22387,0.045272,0.23396,0.043486,1,0,0.8,0,75,0,0,1.25,0,0.25,0,300
1223,12,625.77,625.8,7,1,220,0,1,0,0.0333,0,1801.8,1,0,0.0333,0,1801.8,0,0,0,0,0,0,1,0,0.0333,0,1801.8,0,1,0,0.0333,0,1801.8
1223,12,625.97,626.23,18,1,221,0,0.75006,0,0.19997,0,225.06,0,0,0,0,0,0,0.12622,0.053606,0.12469,0.053083,0,1,0,0.2666,0,225.06,0,1,0,0.2666,0,225.06
1223,12,626.27,626.57,10,1,222,0.88896,0,0.2666,0,200.07,0,0.66667,0,0.19993,0,200.07,0,0.18447,0.05008,0.19023,0.050426,1,0,0.2999,0,200.07,0,0,1,0,0.2999,0,200.07
1223,12,626.73,626.9,10,1,223,0.40012,0,0.0667,0,359.93,0,1,0,0.1667,0,359.93,0,0.17496,0.04363,0.17769,0.043389,1,0,0.1667,0,359.93,0,0,1,0,0.1667,0,359.93
1223,12,627.03,627.13,18,1,224,0,0,0,0,0,0,0,1,0,0.1,0,600,0.11011,0.035583,0.11543,0.035394,0,2,0,0.1,0,1200,0,2,0,0.1,0,1200
1223,12,629.83,631.13,10,1,225,0,0.43592,0,0.5667,0,46.154,0.71792,0,0.9333,0,46.154,0,0.14473,0.034101,0.14473,0.034306,1.5641,0,0.67778,0,138.46,0,0,1,0,1.3,0,46.154
1223,12,631.73,631.77,18,1,226,0,0,0,0,0,0,0,0,0,0,0,0,0.072061,0.027482,0.072061,0.027482,0,1,0,0.0333,0,1801.8,0,1,0,0.0333,0,1801.8
1224,12,32.8,32.9,15,1,1,0,1,0,0.1,0,600,0,1,0,0.1,0,600,0.10101,0.027117,0.1014,0.027158,0,0,0,0,0,0,0,1,0,0.1,0,600
1224,12,35.1,35.133,2,1,2,0,1,0,0.0333,0,1801.8,0,1,0,0.0333,0,1801.8,0.079743,0.025864,0.079743,0.025864,0,0,0,0,0,0,0,1,0,0.0333,0,1801.8
1224,12,62.133,63.933,21,1,3,0,1,0,1.8,0,33.333,0,1,0,1.8,0,33.333,0.13889,0.041869,0.13885,0.040727,0,0,0,0,0,0,0,1.1852,0,1.0666,0,66.667
1224,12,81.4,81.567,15,1,4,0,0.59984,0,0.049967,0,720.29,0,1,0,0.1666,0,360.14,0.0934,0.03054,0.094072,0.031148,0,0.80032,0,0.13333,0,360.14,0,1,0,0.1666,0,360.14
1224,12,91.967,92.867,15,1,5,0,1,0,0.8999,0,66.674,0,0.14813,0,0.1333,0,66.674,0.16693,0.063804,0.16987,0.063374,0,1,0,0.8999,0,66.674,0,1,0,0.8999,0,66.674
1224,12,93.033,93.067,15,1,6,0,1,0,0.0333,0,1801.8,0,0,0,0,0,0,0.13026,0.054698,0.13026,0.054698,0,1,0,0.0333,0,1801.8,0,1,0,0.0333,0,1801.8
1224,12,93.833,94.033,19,1,7,0,0,0,0,0,0,0,0,0,0,0,0,0.093867,0.02632,0.093413,0.025257,0,1,0,0.2,0,300,0,1,0,0.2,0,300
1224,12,94.333,94.533,23,1,8,0,0,0,0,0,0,0,0,0,0,0,0,0.13432,0.043753,0.14376,0.04432,0,1,0,0.2,0,300,0,1,0,0.2,0,300
1224,12,95.033,95.067,12,1,9,0,0,0,0,0,0,0,0,0,0,0,0,0.11875,0.051485,0.11875,0.051485,0,0,0,0,0,0,0,1,0,0.0333,0,1801.8
1224,12,95.433,95.733,12,1,10,0,0.88878,0,0.26663,0,200,0,1,0,0.3,0,200,0.15018,0.062176,0.15058,0.063349,0,1,0,0.3,0,200,0,1,0,0.3,0,200
1224,12,95.833,95.933,7,1,11,1,0,0.1,0,600,0,1,0,0.1,0,600,0,0.15189,0.060022,0.15518,0.058379,0,0,0,0,0,0,0,1,0,0.1,0,600
1224,12,99.3,99.4,6,1,12,0,1,0,0.1,0,600,0,1,0,0.1,0,600,0.14345,0,0.14727,0,0,1,0,0.1,0,600,0,1,0,0.1,0,600
1224,12,103.03,103.87,15,1,13,0,0.32005,0,0.2667,0,72.003,0,0.67995,0,0.2833,0,144.01,0.13992,0.039474,0.13199,0.037938,0,0.47994,0,0.39993,0,72.003,0,1,0,0.8333,0,72.003
1224,12,103.9,104.9,22,1,14,0.46667,0,0.46667,0,60,0,0.53333,0.23333,0.53333,0.23333,60,60,0.23731,0.036484,0.24626,0.035579,1,0,1,0,60,0,0,1,0,1,0,60
1224,12,105.8,105.87,15,1,15,0,0,0,0,0,0,0,0,0,0,0,0,0.10684,0.040866,0.10684,0.040866,0,1,0,0.0666,0,900.9,0,2,0,0.0666,0,1801.8
1224,12,105.93,106.17,15,1,16,0,0,0,0,0,0,0,0,0,0,0,0,0.1268,0.043209,0.1284,0.043787,0,1,0,0.2333,0,257.18,0,2,0,0.2333,0,514.36
1224,12,106.2,106.73,22,1,17,0,0,0,0,0,0,0,0,0,0,0,0,0.15775,0.046201,0.16166,0.04714,1,0,0.5333,0,112.51,0,0.12501,1,0.066667,0.5333,112.51,112.51
1224,12,106.8,106.9,22,1,18,1,0,0.1,0,600,0,0,1,0,0.1,0,600,0.15826,0.047793,0.15741,0.047131,1,0,0.1,0,600,0,0,1,0,0.1,0,600
1224,12,107.03,107.13,22,1,19,0.667,0,0.0667,0,600,0,0,1,0,0.1,0,600,0.13689,0.053625,0.13594,0.053648,1,0,0.1,0,600,0,0,1,0,0.1,0,600
1224,12,135.27,135.33,22,1,20,0,0,0,0,0,0,0,1,0,0.0666,0,900.9,0.050863,0.017886,0.050863,0.017886,0,1,0,0.0666,0,900.9,0,1,0,0.0666,0,900.9
1224,12,148,148.67,2,1,21,0.45005,0.44994,0.3,0.29993,90.009,90.009,0,0.84998,0,0.2833,0,180.02,0.12785,0.037421,0.13085,0.036117,0.39994,1,0.2666,0.6666,90.009,90.009,0,2,0,0.6666,0,180.02
1224,12,149.87,149.9,23,1,22,0,0,0,0,0,0,0,1,0,0.0333,0,1801.8,0,0,0,0,0,0,0,0,0,0,0,1,0,0.0333,0,1801.8
1224,12,155.73,155.83,15,1,23,0,1,0,0.1,0,600,0,1,0,0.1,0,600,0.084681,0.033093,0.084557,0.033166,0,0,0,0,0,0,0,1,0,0.1,0,600
1224,12,162.63,163,10,1,24,0.72721,0,0.26667,0,163.62,0,0,0.18189,0,0.0667,0,163.62,0.10882,0.03148,0.10755,0.031656,2,0,0.3667,0,327.24,0,0,1,0,0.3667,0,163.62
1224,12,164.63,165.07,23,1,25,0,0,0,0,0,0,0.1537,0.69244,0.0666,0.30003,138.47,138.47,0.28197,0.032223,0.27792,0.029859,0,1.3847,0,0.3,0,276.94,1,0.99992,0.4333,0.43327,138.47,138.47
1224,12,165.07,165.57,10,1,26,0,0,0,0,0,0,0,1,0,0.4999,0,120.02,0.27422,0.047776,0.27896,0.047753,1,0.59999,0.4999,0.29993,120.02,120.02,1,1,0.4999,0.4999,120.02,120.02
1224,12,165.63,167.37,23,1,27,0.90383,0,1.5666,0,34.616,0,1,0,1.7333,0,34.616,0,0.26597,0.045865,0.25887,0.046409,0.36541,1,0.31668,1.7333,69.232,34.616,1,1,1.7333,1.7333,34.616,34.616
1224,12,167.37,167.4,10,1,28,0,0,0,0,0,0,0,1,0,0.0333,0,1801.8,0,0,0,0,1,0,0.0333,0,1801.8,0,1,1,0.0333,0.0333,1801.8,1801.8
1224,12,181.5,181.7,15,1,29,0,0,0,0,0,0,0,0.66667,0,0.13333,0,300,0.083243,0.021268,0.088493,0.021468,0,1,0,0.2,0,300,0,1.8333,0,0.18333,0,600
1224,12,182.63,183.4,15,1,30,0,0.52172,0,0.4,0,78.257,0,1,0,0.7667,0,78.257,0.078096,0.022131,0.074056,0.022183,0,1,0,0.7667,0,78.257,0,1,0,0.7667,0,78.257
1224,12,183.5,183.83,15,1,31,0,0,0,0,0,0,0,1,0,0.3333,0,180.02,0.08168,0.026552,0.083291,0.026289,0,1,0,0.3333,0,180.02,0,1,0,0.3333,0,180.02
1224,12,184.03,184.7,23,1,32,0,0.44998,0,0.15,0,179.99,0,1,0,0.6667,0,89.996,0.12159,0.029629,0.12222,0.029301,0,1,0,0.33335,0,179.99,0,1,0,0.6667,0,89.996
1224,12,185,185.17,23,1,33,0,0.80032,0,0.13333,0,360.14,0,1,0,0.1666,0,360.14,0.13916,0.045286,0.14163,0.045464,0,2,0,0.1666,0,720.29,0,1,0,0.1666,0,360.14
1224,12,185.7,185.93,23,1,34,0,1,0,0.2333,0,257.18,0,1,0,0.2333,0,257.18,0.12397,0.055081,0.12458,0.053687,0,2,0,0.2333,0,514.36,0,1,0,0.2333,0,257.18
1224,12,186.47,186.53,23,1,35,0,0.5,0,0.0333,0,900.9,0,1,0,0.0666,0,900.9,0.12446,0.036885,0.12446,0.036885,0,2,0,0.0666,0,1801.8,0,1,0,0.0666,0,900.9
1224,12,186.7,186.97,23,1,36,0,1,0,0.2666,0,225.06,0,0.75019,0,0.2,0,225.06,0.13048,0.033928,0.12879,0.033688,0,2,0,0.2666,0,450.11,0,1,0,0.2666,0,225.06
1224,12,187,189.2,23,1,37,0.28788,0.25758,0.31667,0.56667,54.545,27.273,0,1,0,2.2,0,27.273,0.22483,0.045691,0.22953,0.042044,0,1.2273,0,1.35,0,54.545,0,1,0,2.2,0,27.273
1224,12,190.57,190.67,23,1,38,0,0,0,0,0,0,0,1,0,0.0999,0,600.6,0.17382,0.046722,0.17382,0.046722,0,1,0,0.0999,0,600.6,0,1,0,0.0999,0,600.6
1224,12,191.5,191.57,15,1,39,0,0,0,0,0,0,0,1,0,0.0666,0,900.9,0.11381,0.043489,0.11381,0.043489,0,0,0,0,0,0,0,1,0,0.0666,0,900.9
1224,12,192,192.03,15,1,40,0,1,0,0.0333,0,1801.8,0,1,0,0.0333,0,1801.8,0.080456,0.033703,0.080456,0.033703,0,0,0,0,0,0,0,1,0,0.0333,0,1801.8
1224,12,192.77,192.93,15,1,41,0,1,0,0.1666,0,360.14,0,1,0,0.1666,0,360.14,0.099117,0.03065,0.099087,0.030484,0,1,0,0.1666,0,360.14,0,1,0,0.1666,0,360.14
1224,12,193.07,193.73,15,1,42,0,1,0,0.6666,0,90.009,0,1,0,0.6666,0,90.009,0.071788,0.020743,0.071631,0.021121,0,0.60001,0,0.39997,0,90.009,0,1,0,0.6666,0,90.009
1224,12,193.97,194.03,17,1,43,0,1,0,0.0666,0,900.9,0,1,0,0.0666,0,900.9,0.10139,0.022267,0.10139,0.022267,0,0,0,0,0,0,0,1,0,0.0666,0,900.9
1224,12,195.9,196.13,23,1,44,0,0.57151,0,0.13333,0,257.18,1,0,0.2333,0,257.18,0,0.10762,0.028415,0.11012,0.028142,0,1,0,0.2333,0,257.18,0,1,0,0.2333,0,257.18
1224,12,209.6,210.13,23,1,45,0,0.31246,0,0.16663,0,112.51,0,1,0,0.5333,0,112.51,0.15106,0.04325,0.15161,0.042408,0,2,0,0.5333,0,225.01,0,1,0,0.5333,0,112.51
1224,12,210.17,210.6,23,1,46,0,0.30764,0,0.1333,0,138.47,0,1,0,0.4333,0,138.47,0.13361,0.032971,0.1305,0.032336,0,2,0,0.4333,0,276.94,0,1,0,0.4333,0,138.47
1224,12,210.73,210.83,15,1,47,0,0,0,0,0,0,0,1,0,0.1,0,600,0.082566,0.0288,0.084297,0.029571,0,2,0,0.1,0,1200,0,1,0,0.1,0,600
1224,12,211.5,212.37,15,1,48,0,1,0,0.8666,0,69.236,0,1,0,0.8666,0,69.236,0.090186,0.027219,0.090052,0.026604,0,2,0,0.8666,0,138.47,0,2,0,0.8666,0,138.47
1224,12,213.83,214.57,15,1,49,0,1,0,0.7333,0,81.822,0,0.81826,0,0.60003,0,81.822,0.088879,0.026496,0.089497,0.027192,0,1.5908,0,0.58328,0,163.64,0,1.9092,0,0.7,0,163.64
1224,12,226.6,227.07,23,1,50,0,1,0,0.4666,0,128.59,0,1,0,0.4666,0,128.59,0.14327,0.029017,0.15006,0.029187,0,2,0,0.4666,0,257.18,0,2,0,0.4666,0,257.18
1224,12,227.5,227.57,23,1,51,0,1,0,0.0666,0,900.9,0,1,0,0.0666,0,900.9,0.12612,0.029315,0.12612,0.029315,0,2,0,0.0666,0,1801.8,0,1.5005,0,0.049967,0,1801.8
1224,12,229.17,230.1,23,1,52,0,0.35716,0,0.33333,0,64.288,0,0.89285,0,0.27777,0,192.86,0.13728,0.037894,0.13926,0.03771,0,2,0,0.9333,0,128.58,0,1,0,0.9333,0,64.288
1224,12,230.17,230.43,23,1,53,0,0,0,0,0,0,0,0.87497,0,0.11663,0,450.11,0.14644,0.047799,0.14382,0.047475,0,2,0,0.2666,0,450.11,0,1.6252,0,0.21663,0,450.11
1224,12,233.67,233.8,15,1,54,0,1,0,0.1333,0,450.11,0,0,0,0,0,0,0.09599,0.035316,0.096569,0.034989,0,1,0,0.1333,0,450.11,0,1,0,0.1333,0,450.11
1224,12,237.73,237.77,15,1,55,0,1,0,0.0333,0,1801.8,0,1,0,0.0333,0,1801.8,0.064993,0.023427,0.064993,0.023427,0,1,0,0.0333,0,1801.8,0,2,0,0.0333,0,3603.6
1224,12,237.87,238.03,15,1,56,0,0,0,0,0,0,0,1,0,0.1666,0,360.14,0.078018,0.027402,0.077946,0.027417,0,1,0,0.1666,0,360.14,0,1,0,0.1666,0,360.14
1224,12,247.67,247.83,15,1,57,0,0,0,0,0,0,0,1,0,0.1666,0,360.14,0.10212,0.029916,0.10283,0.029925,0,1,0,0.1666,0,360.14,0,2,0,0.1666,0,720.29
1224,12,250.13,251.03,15,1,58,0,1,0,0.9,0,66.667,0,1,0,0.9,0,66.667,0.10474,0.033435,0.10312,0.033824,0,1,0,0.9,0,66.667,0,2,0,0.9,0,133.33
1224,12,251.27,251.8,15,1,59,0,1,0,0.5333,0,112.51,0,1,0,0.5333,0,112.51,0.094686,0.034191,0.094609,0.034252,0,1,0,0.5333,0,112.51,0,2,0,0.5333,0,225.01
1224,12,253.07,253.2,15,1,60,0,1,0,0.1333,0,450.11,0,0,0,0,0,0,0.068967,0.023469,0.068867,0.023545,0,2,0,0.1333,0,900.23,0,1,0,0.1333,0,450.11
1224,12,259.7,259.9,15,1,61,0,0,0,0,0,0,0,1,0,0.2,0,300,0.092421,0.030222,0.093229,0.029891,0,1,0,0.2,0,300,0,1,0,0.2,0,300
1224,12,261.37,261.67,15,1,62,0,1,0,0.2999,0,200.07,0,1,0,0.2999,0,200.07,0.11382,0.046081,0.1132,0.047525,0,0,0,0,0,0,0,2,0,0.2999,0,400.13
1224,12,262.63,262.67,15,1,63,0,1,0,0.0333,0,1801.8,0,1,0,0.0333,0,1801.8,0.10959,0.040366,0.10959,0.040366,0,0,0,0,0,0,0,2,0,0.0333,0,3603.6
1224,12,262.9,263,15,1,64,0,1,0,0.1,0,600,0,1,0,0.1,0,600,0.11343,0.039763,0.11383,0.039784,0,0,0,0,0,0,0,2,0,0.1,0,1200
1224,12,264.33,264.9,15,1,65,0,1,0,0.5667,0,105.88,0,1,0,0.5667,0,105.88,0.1016,0.030726,0.10117,0.02999,0,1,0,0.5667,0,105.88,0,1.8235,0,0.5167,0,211.75
1224,12,289.07,289.27,23,1,66,0,1,0,0.1999,0,300.15,0,0,0,0,0,0,0.090469,0.036419,0.089154,0.036315,0,1.8336,0,0.18327,0,600.3,0,1,0,0.1999,0,300.15
1224,12,289.3,289.33,23,1,67,0,1,0,0.0333,0,1801.8,0,0,0,0,0,0,0.10256,0.033438,0.10256,0.033438,0,1,0,0.0333,0,1801.8,0,1,0,0.0333,0,1801.8
1224,12,289.47,289.67,15,1,68,0,0,0,0,0,0,0,0,0,0,0,0,0.10669,0.031919,0.10644,0.031702,0,1.8334,0,0.18325,0,600.3,0,1,0,0.1999,0,300.15
1224,12,289.93,290.17,15,1,69,0,1,0,0.2333,0,257.18,0,0.7141,0,0.1666,0,257.18,0.065686,0.025741,0.0661,0.025992,0,2,0,0.2333,0,514.36,0,1,0,0.2333,0,257.18
1224,12,290.2,290.23,15,1,70,0,1,0,0.0333,0,1801.8,0,1,0,0.0333,0,1801.8,0.067487,0.026412,0.067487,0.026412,0,2,0,0.0333,0,3603.6,0,1,0,0.0333,0,1801.8
1224,12,292.2,293.6,23,1,71,0.35714,0.19048,0.25,0.13333,85.714,85.714,0,0.59524,0,0.41667,0,85.714,0.30488,0.048237,0.30107,0.050307,0,1.7857,0,0.83333,0,128.57,0,1,0,1.4,0,42.857
1224,12,293.67,293.93,17,1,72,0,0.75006,0,0.19997,0,225.06,0.75006,0,0.19997,0,225.06,0,0.21658,0.039739,0.22923,0.039842,1,0,0.2666,0,225.06,0,0,1,0,0.2666,0,225.06
1224,12,322.63,323.13,23,1,73,0,0.3334,0,0.1667,0,120,0,1,0,0.5,0,120,0.20487,0.042224,0.22187,0.042452,0,1,0,0.5,0,120,0,0.99993,0,0.49997,0,120
1224,12,323.27,323.63,16,1,74,0,0,0,0,0,0,0,0.81824,0,0.29997,0,163.67,0.12124,0.028129,0.12659,0.028451,0,1,0,0.3666,0,163.67,0,1,0,0.3666,0,163.67
1224,12,324.17,324.37,19,1,75,0,0,0,0,0,0,0,1,0,0.1999,0,300.15,0.060634,0,0.060205,0,0,1,0,0.1999,0,300.15,0,1,0,0.1999,0,300.15
1224,12,324.57,325,23,1,76,0,0.23079,0,0.1,0,138.47,0,1,0,0.4333,0,138.47,0.12701,0.036908,0.12792,0.036988,0,1,0,0.4333,0,138.47,0,1,0,0.4333,0,138.47
1224,12,325.2,325.77,23,1,77,0,1,0,0.5666,0,105.89,0,1,0,0.5666,0,105.89,0.14896,0.038305,0.16172,0.038661,0,1,0,0.5666,0,105.89,0,1,0,0.5666,0,105.89
1224,12,325.9,326.23,23,1,78,0,1,0,0.3333,0,180.02,0,1,0,0.3333,0,180.02,0.1248,0.032715,0.12591,0.033084,0,1,0,0.3333,0,180.02,0,1,0,0.3333,0,180.02
1224,12,326.4,326.83,23,1,79,0,1,0,0.4333,0,138.47,0,1,0,0.4333,0,138.47,0.13184,0.033203,0.13437,0.033596,0,1,0,0.4333,0,138.47,0,1,0,0.4333,0,138.47
1224,12,327.1,327.37,23,1,80,0,1,0,0.2666,0,225.06,0,1,0,0.2666,0,225.06,0.10564,0.033572,0.106,0.032761,0,1,0,0.2666,0,225.06,0,1,0,0.2666,0,225.06
1224,12,327.43,330.63,23,1,81,0,0.95834,0,3.0667,0,18.75,0,0.58334,0,1.8667,0,18.75,0.15813,0.035521,0.16449,0.034811,0,1,0,3.2,0,18.75,0,1,0,3.2,0,18.75
1224,12,331.03,331.97,23,1,82,0,0,0,0,0,0,0,1,0,0.9333,0,64.288,0.13977,0.047907,0.1455,0.048473,0,1,0,0.9333,0,64.288,0,1,0,0.9333,0,64.288
1224,12,332.9,333.57,17,1,83,0,0.49995,0,0.33327,0,90.009,0,0.35004,0,0.23333,0,90.009,0.092109,0.029463,0.094906,0.030237,0,1,0,0.6666,0,90.009,0,1,0,0.6666,0,90.009
1224,12,333.77,333.87,23,1,84,0,1,0,0.0999,0,600.6,0,1,0,0.0999,0,600.6,0.090758,0.032704,0.090758,0.032704,0,1,0,0.0999,0,600.6,0,1,0,0.0999,0,600.6
1224,12,338.93,344.2,23,1,85,0,0.23418,0,1.2334,0,11.392,0,0.88607,0,4.6667,0,11.392,0.13644,0.035859,0.12835,0.037805,0,0.33544,0,1.7667,0,11.392,0,1,0,5.2667,0,11.392
1224,12,344.67,344.73,22,1,86,0,0,0,0,0,0,0,1,0,0.0666,0,900.9,0.05751,0.028763,0.05751,0.028763,0,1,0,0.0666,0,900.9,0,1,0,0.0666,0,900.9
1224,12,344.77,344.87,22,1,87,0,0,0,0,0,0,0,1,0,0.0999,0,600.6,0.057703,0.026204,0.057703,0.026204,0,1,0,0.0999,0,600.6,0,1,0,0.0999,0,600.6
1224,12,344.87,345.13,17,1,88,0,0,0,0,0,0,0,1,0,0.2666,0,225.06,0.092738,0.041268,0.097891,0.041693,0,1,0,0.2666,0,225.06,0,1,0,0.2666,0,225.06
1224,12,345.2,345.9,9,1,89,0,0.95238,0,0.66667,0,85.714,0,1,0,0.7,0,85.714,0.13726,0.040653,0.13292,0.041226,0.95238,0,0.66667,0,85.714,0,0,1,0,0.7,0,85.714
1224,12,346.03,346.17,17,1,90,0,1,0,0.1333,0,450.11,0,1,0,0.1333,0,450.11,0.078839,0.035094,0.078594,0.035318,0,0,0,0,0,0,0,1,0,0.1333,0,450.11
1224,12,346.23,347.27,23,1,91,0,0.80651,0,0.83337,0,58.066,0,0.90322,0,0.46665,0,116.13,0.12538,0.032835,0.12646,0.032258,0,0.67738,0,0.69993,0,58.066,0,1,0,1.0333,0,58.066
1224,12,349.57,350.23,23,1,92,0,0.60001,0,0.39997,0,90.009,0,1,0,0.6666,0,90.009,0.21376,0.035029,0.2187,0.033497,0,1,0,0.6666,0,90.009,0,1,0,0.6666,0,90.009
1224,12,354.3,354.33,23,1,93,0,0,0,0,0,0,0,1,0,0.0333,0,1801.8,0.092676,0.030058,0.092676,0.030058,0,2,0,0.0333,0,3603.6,0,1,0,0.0333,0,1801.8
1224,12,355,356.27,23,1,94,0,0.9211,0,0.58333,0,94.742,0,1,0,1.2666,0,47.371,0.12881,0.031784,0.13145,0.031894,0,2,0,1.2666,0,94.742,0,1.3158,0,0.83327,0,94.742
1224,12,357.33,357.43,23,1,95,0,1,0,0.1,0,600,0,1,0,0.1,0,600,0.14107,0.035951,0.14273,0.035978,0,2,0,0.1,0,1200,0,2,0,0.1,0,1200
1224,12,357.6,357.67,23,1,96,0,1,0,0.0666,0,900.9,0,1,0,0.0666,0,900.9,0.16219,0.041496,0.16219,0.041496,0,2,0,0.0666,0,1801.8,0,2,0,0.0666,0,1801.8
1224,12,357.7,359.17,23,1,97,0,0.52275,0,0.25556,0,122.73,0,1,0,1.4666,0,40.911,0.18884,0.039071,0.19433,0.039268,0,2,0,1.4666,0,81.822,0,2,0,1.4666,0,81.822
1224,12,359.27,361.67,23,1,98,0.22223,0.51391,0.53333,1.2333,25.001,25.001,0,1,0,2.3999,0,25.001,0.16852,0.036381,0.16818,0.035693,0,1.9167,0,2.2999,0,50.002,0,2,0,2.3999,0,50.002
1224,12,362.97,363.2,13,1,99,0.14273,0.57151,0.0333,0.13333,257.18,257.18,0,1,0,0.2333,0,257.18,0.16113,0.036663,0.16352,0.03634,1,0,0.2333,0,257.18,0,0,2,0,0.2333,0,514.36
1224,12,367.77,367.87,15,1,100,0,0,0,0,0,0,0,1,0,0.0999,0,600.6,0.095439,0.030728,0.095439,0.030728,0,0,0,0,0,0,0,1,0,0.0999,0,600.6
1224,12,367.97,370.07,23,1,101,0,0.60317,0,0.6333,0,57.146,0,0.19047,0,0.39997,0,28.573,0.15578,0.03553,0.15975,0.03353,0,0,0,0,0,0,0,1,0,2.0999,0,28.573
1224,12,370.17,372.33,23,1,102,0.6154,0.21538,1.3333,0.23332,27.693,55.386,0,0.41538,0,0.44998,0,55.386,0.16989,0.041038,0.17356,0.041515,0,0,0,0,0,0,0,1,0,2.1666,0,27.693
1224,12,372.93,372.97,16,1,103,0,0,0,0,0,0,0,1,0,0.0333,0,1801.8,0.22809,0.040421,0.22809,0.040421,0,0,0,0,0,0,0,1,0,0.0333,0,1801.8
1224,12,373.3,374.77,23,1,104,0,0.38638,0,0.56667,0,40.911,0,1,0,1.4666,0,40.911,0.15827,0.031522,0.16489,0.029573,0,0.20455,0,0.3,0,40.911,0,1,0,1.4666,0,40.911
1224,12,374.87,374.93,23,1,105,0,0,0,0,0,0,0,1,0,0.0666,0,900.9,0.097559,0.033187,0.097559,0.033187,0,0,0,0,0,0,0,1,0,0.0666,0,900.9
1224,12,375,375.03,17,1,106,0,0,0,0,0,0,0,1,0,0.0333,0,1801.8,0.085065,0.018171,0.085065,0.018171,0,0,0,0,0,0,0,1,0,0.0333,0,1801.8
1224,12,375.3,375.53,23,1,107,0,0,0,0,0,0,0,1,0,0.2333,0,257.18,0.078305,0.027811,0.075586,0.028923,0,0,0,0,0,0,0,1,0,0.2333,0,257.18
1224,12,375.57,376.13,23,1,108,0,0,0,0,0,0,0,1,0,0.5666,0,105.89,0.14564,0.037979,0.15082,0.036696,0,0,0,0,0,0,0,1,0,0.5666,0,105.89
1224,12,376.13,376.17,9,1,109,0,0,0,0,0,0,0,1,0,0.0333,0,1801.8,0.12234,0.035768,0.12234,0.035768,0,0,0,0,0,0,0,1,0,0.0333,0,1801.8
1224,12,376.17,376.43,23,1,110,0,0,0,0,0,0,0,1,0,0.2666,0,225.06,0.16333,0.045443,0.1644,0.045191,0,0,0,0,0,0,0,1,0,0.2666,0,225.06
1224,12,376.47,378.07,23,1,111,0,0.56249,0,0.44997,0,75.005,0,1,0,1.5999,0,37.502,0.18386,0.038894,0.18563,0.039393,0,0.81251,0,1.2999,0,37.502,0,1,0,1.5999,0,37.502
1224,12,378.07,378.1,17,1,112,0,1,0,0.0333,0,1801.8,0,1,0,0.0333,0,1801.8,0,0,0,0,0,1,0,0.0333,0,1801.8,0,1,0,0.0333,0,1801.8
1224,12,378.1,378.13,23,1,113,0,1,0,0.0333,0,1801.8,0,1,0,0.0333,0,1801.8,0.19163,0.032609,0.19163,0.032609,0,1,0,0.0333,0,1801.8,0,1,0,0.0333,0,1801.8
1224,12,378.13,378.17,17,1,114,0,1,0,0.0333,0,1801.8,0,1,0,0.0333,0,1801.8,0.084544,0.021565,0.084544,0.021565,0,1,0,0.0333,0,1801.8,0,1,0,0.0333,0,1801.8
1224,12,378.17,378.23,23,1,115,0,1,0,0.0666,0,900.9,0,1,0,0.0666,0,900.9,0.19003,0.031556,0.19003,0.031556,0,1,0,0.0666,0,900.9,0,1,0,0.0666,0,900.9
1224,12,378.23,378.27,17,1,116,0,1,0,0.0333,0,1801.8,0,1,0,0.0333,0,1801.8,0.088737,0.022081,0.088737,0.022081,0,1,0,0.0333,0,1801.8,0,1,0,0.0333,0,1801.8
1224,12,378.27,378.87,23,1,117,0,1,0,0.5999,0,100.02,0,1,0,0.5999,0,100.02,0.20186,0.034218,0.20211,0.035455,0,1,0,0.5999,0,100.02,0,1,0,0.5999,0,100.02
1224,12,378.9,379.33,23,1,118,0,1,0,0.4333,0,138.47,0,1,0,0.4333,0,138.47,0.17645,0.030685,0.17181,0.030809,0,1,0,0.4333,0,138.47,0,1,0,0.4333,0,138.47
1224,12,391.57,391.93,23,1,119,0,0,0,0,0,0,0,1,0,0.3666,0,163.67,0.099057,0.031709,0.097568,0.031254,0,2,0,0.3666,0,327.33,0,1,0,0.3666,0,163.67
1224,12,398,398.7,17,1,120,0.95238,0,0.66667,0,85.714,0,0,1,0,0.7,0,85.714,0.16588,0.039957,0.1695,0.040117,1.4762,0,0.51667,0,171.43,0,0,1,0,0.7,0,85.714
1224,12,398.83,399,16,1,121,0,0.60008,0,0.10003,0,359.93,0,1,0,0.1667,0,359.93,0.12721,0.041398,0.1307,0.041459,0,2,0,0.1667,0,719.86,0,1,0,0.1667,0,359.93
1224,12,399.3,399.43,5,1,122,0,0,0,0,0,0,0,1,0,0.1333,0,450.11,0.095084,0.036105,0.094963,0.036507,0,2,0,0.1333,0,900.23,0,1,0,0.1333,0,450.11
1224,12,400.4,400.43,9,1,123,0,0,0,0,0,0,0,1,0,0.0333,0,1801.8,0.098857,0.041848,0.098857,0.041848,0,2,0,0.0333,0,3603.6,0,1,0,0.0333,0,1801.8
1224,12,401.7,401.83,15,1,124,0,1,0,0.1333,0,450.11,0,1,0,0.1333,0,450.11,0.10529,0.034423,0.10659,0.034382,0,2,0,0.1333,0,900.23,0,1,0,0.1333,0,450.11
1224,12,402.17,402.7,23,1,125,0,0.062441,0,0.0333,0,112.51,0,1,0,0.5333,0,112.51,0.1297,0.034989,0.12797,0.033885,0,1.3125,0,0.34998,0,225.01,0,1,0,0.5333,0,112.51
1224,12,403.43,406.13,23,1,126,0,0.62963,0,1.7,0,22.222,0,1,0,2.7,0,22.222,0.13413,0.034997,0.12858,0.034031,0,1.2963,0,1.1667,0,66.667,0,0.99999,0,1.35,0,44.444
1224,12,408.3,408.4,16,1,127,0,0,0,0,0,0,0,1,0,0.1,0,600,0.15761,0.051097,0.15563,0.052132,0,2,0,0.1,0,1200,0,1.3333,0,0.066667,0,1200
1224,12,408.53,408.67,13,1,128,0,0,0,0,0,0,0,1,0,0.1333,0,450.11,0.10588,0.042111,0.10577,0.041311,0,2,0,0.1333,0,900.23,0,2,0,0.1333,0,900.23
1224,12,408.7,409.27,9,1,129,0.88234,0,0.49993,0,105.89,0,0,1,0,0.5666,0,105.89,0.12477,0.033636,0.12243,0.028576,2,0,0.5666,0,211.79,0,0,1.2353,0,0.34997,0,211.79
1224,12,409.4,409.53,13,1,130,0,1,0,0.1333,0,450.11,0,1,0,0.1333,0,450.11,0.095077,0.03749,0.091966,0.037459,0,2,0,0.1333,0,900.23,0,2,0,0.1333,0,900.23
1224,12,410.5,411.23,13,1,131,0,0.63639,0,0.46667,0,81.822,0,0.54548,0,0.4,81.822,81.822,0.13455,0.044738,0.13569,0.042509,0,2,0,0.7333,0,163.64,0,1.5909,0,0.58332,0,163.64
1224,12,411.33,411.4,22,1,132,0,0,0,0,0,0,0,1,0,0.0667,0,899.55,0.090602,0.042124,0.090602,0.042124,0,2,0,0.0667,0,1799.1,0,1,0,0.0667,0,899.55
1224,12,411.77,411.8,22,1,133,0,0,0,0,0,0,0,0,0,0,0,0,0,0,0,0,0,2,0,0.0333,0,3603.6,0,1,0,0.0333,0,1801.8
1224,12,412.07,412.2,22,1,134,0,0,0,0,0,0,0,0,0,0,0,0,0.098793,0.036546,0.099531,0.036565,0,2,0,0.1333,0,900.23,0,1,0,0.1333,0,450.11
1224,12,420.27,420.43,15,1,135,0,0.19988,0,0.0333,0,360.14,0,0,0,0,0,0,0.18833,0.057343,0.18909,0.057561,0,0,0,0,0,0,0,1,0,0.1666,0,360.14
1224,12,420.77,421,5,1,136,0,0,0,0,0,0,0,0,0,0,0,0,0.12586,0.047036,0.12985,0.044719,0,0,0,0,0,0,0,1,0,0.2333,0,257.18
1224,12,421.07,421.4,23,1,137,0,0,0,0,0,0,0,0.80008,0,0.26667,0,180.02,0.15732,0.050088,0.16004,0.050512,0,0,0,0,0,0,0,1,0,0.3333,0,180.02
1224,12,422,424.17,23,1,138,0,0.87695,0,0.95,0,55.386,0,0.92307,0,0.99997,0,55.386,0.17903,0.032166,0.17985,0.032071,0,2,0,2.1666,0,55.386,0,1,0,2.1666,0,27.693
1224,12,424.97,425.13,15,1,139,0,1,0,0.1666,0,360.14,0,0.19988,0,0.0333,0,360.14,0.10161,0.034708,0.10161,0.034761,0,2,0,0.1666,0,720.29,0,1,0,0.1666,0,360.14
1224,12,425.63,425.73,15,1,140,0,1,0,0.1,0,600,0,1,0,0.1,0,600,0.10032,0.034188,0.10076,0.034191,0,2,0,0.1,0,1200,0,1,0,0.1,0,600
1224,12,426.13,426.2,15,1,141,0,1,0,0.0667,0,899.55,0,0,0,0,0,0,0.10355,0.034732,0.10355,0.034732,0,2,0,0.0667,0,1799.1,0,1,0,0.0667,0,899.55
1224,12,427.87,428.7,15,1,142,0,0,0,0,0,0,0,0.79999,0,0.33332,0,144.01,0.15642,0.055116,0.16301,0.056414,0,0.48002,0,0.4,0,72.003,0,1,0,0.8333,0,72.003
1224,12,428.77,429.33,1,1,143,0,0,0,0,0,0,0.41175,0,0.2333,0,105.89,0,0.18604,0.038625,0.15287,0.03816,1,0,0.5666,0,105.89,0,0,1,0,0.5666,0,105.89
1224,12,429.6,429.77,2,1,144,0,1,0,0.1666,0,360.14,0,0.19968,0,0.033267,0,360.14,0.32562,0.053606,0.32384,0.053636,0,1,0,0.1666,0,360.14,0,1,0,0.1666,0,360.14
1224,12,429.77,430.3,1,1,145,1,0,0.5333,0,112.51,0,0,0.87499,0,0.46663,0,112.51,0.29062,0.025688,0.2879,0.025868,1,0,0.5333,0,112.51,0,0,1,0,0.5333,0,112.51
1224,12,431.03,431.07,5,1,146,0,0,0,0,0,0,0,1,0,0.0333,0,1801.8,0.10568,0.041424,0.10568,0.041424,0,1,0,0.0333,0,1801.8,0,1,0,0.0333,0,1801.8
1224,12,432.93,433.37,1,1,147,0,0,0,0,0,0,1,0,0.4333,0,138.47,0,0.25864,0.034326,0.27661,0.034291,0.76937,0,0.33337,0,138.47,0,1,1,0.4333,0.4333,138.47,138.47
1224,12,433.4,433.93,1,1,148,0.62498,0,0.3333,0,112.51,0,1,0,0.5333,0,112.51,0,0.27666,0.057812,0.22602,0.062362,0,0,0,0,0,0,1,1,0.5333,0.5333,112.51,112.51
1224,12,434.03,434.63,1,1,149,1,0,0.6,0,100,0,1,0,0.6,0,100,0,0.23644,0.04283,0.2384,0.042804,0,0,0,0,0,0,1,1,0.6,0.6,100,100
1224,12,434.77,436.33,1,1,150,1,0,1.5666,0,38.3,0,1,0,1.5666,0,38.3,0,0.19499,0.033699,0.1932,0.034105,0,0,0,0,0,0,1,1,1.5666,1.5666,38.3,38.3
1224,12,436.33,436.6,15,1,151,0,1,0,0.2667,0,224.97,0,1,0,0.2667,0,224.97,0.26307,0.05456,0.26422,0.054231,0,0,0,0,0,0,1,1,0.2667,0.2667,224.97,224.97
1224,12,436.6,437.07,1,1,152,1,0,0.4666,0,128.59,0,1,0,0.4666,0,128.59,0,0.20054,0.035311,0.20364,0.033994,0,0,0,0,0,0,1,1,0.4666,0.4666,128.59,128.59
1224,12,437.23,437.33,15,1,153,0,1,0,0.1,0,600,0,1,0,0.1,0,600,0.20683,0.048209,0.20782,0.048052,0,0,0,0,0,0,1,1,0.1,0.1,600,600
1224,12,437.67,437.93,15,1,154,0,1,0,0.2666,0,225.06,0,1,0,0.2666,0,225.06,0.24429,0.052602,0.24426,0.052035,0,0,0,0,0,0,1,1,0.2666,0.2666,225.06,225.06
1224,12,437.97,438.27,1,1,155,0.33333,0,0.099967,0,200.07,0,1,0,0.2999,0,200.07,0,0.19259,0.036025,0.19221,0.034231,0,0,0,0,0,0,1,1,0.2999,0.2999,200.07,200.07
1224,12,438.27,438.3,15,1,156,0,0,0,0,1801.8,0,0,1,0,0.0333,0,1801.8,0,0,0,0,0,0,0,0,0,0,1,1,0.0333,0.0333,1801.8,1801.8
1224,12,438.3,440.93,1,1,157,0.088596,0.88609,0.2333,2.3333,22.785,22.785,1,0,2.6333,0,22.785,0,0.17604,0.025309,0.17277,0.025293,0.49365,0,0.43331,0,68.355,0,1,1,2.6333,2.6333,22.785,22.785
1224,12,440.97,441.1,1,1,158,1,0,0.1333,0,450.11,0,1,0,0.1333,0,450.11,0,0.27977,0.097135,0.28121,0.097161,1.2498,0,0.0833,0,900.23,0,1,1,0.1333,0.1333,450.11,450.11
1224,12,466.77,471,1,1,159,0.74803,0.20473,1.5833,0.86667,28.347,14.173,0.53544,0,1.1333,0,28.347,0,0.14606,0.028758,0.14386,0.027395,0,0,0,0,0,0,0.96064,1,4.0667,4.2333,14.173,14.173
1224,12,471,471.67,15,1,160,0.09991,0.80008,0.0666,0.53333,90.009,90.009,0,0.10001,0,0.066667,0,90.009,0.21191,0.049605,0.20968,0.050745,0,0,0,0,0,0,1,1,0.6666,0.6666,90.009,90.009
1224,12,472,473,15,1,161,1,0,1,0,60,0,0.46667,0.43333,0.46667,0.43333,60,60,0.29843,0.049458,0.32069,0.050056,0.63333,0,0.63333,0,60,0,0.86667,1,0.86667,1,60,60
1224,12,473.13,474,15,1,162,0.88462,0,0.7667,0,69.228,0,0,0.65386,0,0.28335,0,138.46,0.25228,0.046348,0.25103,0.037356,1,0,0.8667,0,69.228,0,0,1,0,0.8667,0,69.228
1224,12,475.47,475.53,20,1,163,0,1,0,0.0666,0,900.9,0,1,0,0.0666,0,900.9,0.05651,0.022652,0.05651,0.022652,0,0,0,0,0,0,0,2,0,0.0666,0,1801.8
1224,12,475.57,475.67,20,1,164,0,1,0,0.0999,0,600.6,0,1,0,0.0999,0,600.6,0.055417,0.027661,0.055417,0.027661,0,0,0,0,0,0,0,2,0,0.0999,0,1201.2
1224,12,476.37,476.43,15,1,165,1,0,0.0666,0,900.9,0,0,1,0,0.0666,0,900.9,0.26273,0.045762,0.26273,0.045762,0,1,0,0.0666,0,900.9,1,1,0.0666,0.0666,900.9,900.9
1224,12,476.47,476.9,1,1,166,0.15386,0.84614,0.066667,0.36663,138.47,138.47,1,0,0.4333,0,138.47,0,0.11614,0.042343,0.11894,0.043038,0,1,0,0.4333,0,138.47,1,1,0.4333,0.4333,138.47,138.47
1224,12,476.9,477,5,1,167,0,1,0,0.1,0,600,0,1,0,0.1,0,600,0.07259,0.033311,0.072493,0.033125,0,1,0,0.1,0,600,0,2,0,0.1,0,1200
1224,12,477.17,477.43,20,1,168,0,1,0,0.2666,0,225.06,0,1,0,0.2666,0,225.06,0.14425,0.034164,0.14766,0.034291,0,1,0,0.2666,0,225.06,0,2,0,0.2666,0,450.11
1224,12,477.43,478.53,1,1,169,1,0,1.1,0,54.545,0,1,0,1.1,0,54.545,0,0.21488,0.038299,0.21416,0.03588,0,0.21212,0,0.11667,0,109.09,1,1,1.1,1.1,54.545,54.545
1224,12,478.6,478.63,1,1,170,0,0,0,0,0,0,1,0,0.0333,0,1801.8,0,0.19401,0.050321,0.19401,0.050321,0,1,0,0.0333,0,1801.8,1,1,0.0333,0.0333,1801.8,1801.8
1224,12,479.6,479.83,5,1,171,0,0,0,0,0,0,0,1,0,0.2333,0,257.18,0.11705,0.038327,0.11719,0.038496,0,2,0,0.2333,0,514.36,0,1,0,0.2333,0,257.18
1224,12,479.83,480.33,15,1,172,0.79993,0,0.39997,0,120,0,1,0,0.5,0,120,0,0.19333,0.044528,0.20469,0.043733,0,2,0,0.5,0,240,0.53327,1,0.26663,0.5,120,120
1224,12,480.57,482.3,15,1,173,0.51922,0.38462,0.44998,0.66667,69.232,34.616,0.1346,0,0.2333,0,34.616,0,0.22405,0.045416,0.22465,0.044472,0.19231,1.75,0.33333,1.5166,34.616,69.232,0,1,0,1.7333,0,34.616
1224,12,484.2,484.3,15,1,174,0,1,0,0.1,0,600,1,0,0.1,0,600,0,0.20583,0.053261,0.20267,0.054666,1,0,0.1,0,600,0,0,1,0,0.1,0,600
1224,12,484.57,485.17,15,1,175,0,1,0,0.5999,0,100.02,1,0,0.5999,0,100.02,0,0.2508,0.089142,0.25684,0.083428,0.49992,0,0.14995,0,200.03,0,0,1,0,0.5999,0,100.02
1224,12,496.03,496.2,1,1,176,0,0,0,0,0,0,0,1,0,0.1667,0,359.93,0.12932,0.0091683,0.1289,0.0091683,0.60008,1,0.10003,0.1667,359.93,359.93,0.19996,1,0.033333,0.1667,359.93,359.93
1224,12,496.2,496.37,15,1,177,0,0,0,0,0,0,1,0,0.1666,0,360.14,0,0.19277,0.05845,0.18907,0.061862,0,1,0,0.1666,0,360.14,1,1,0.1666,0.1666,360.14,360.14
1224,12,496.37,498.03,1,1,178,0,0.72001,0,1.2,0,36.001,0,0.23999,0,0.39997,0,36.001,0.12576,0.031346,0.11902,0.031591,0,1,0,1.6666,0,36.001,1,1,1.6666,1.6666,36.001,36.001
1224,12,499.2,499.23,15,1,179,1,0,0.0333,0,1801.8,0,1,0,0.0333,0,1801.8,0,0.10243,0.036927,0.10243,0.036927,0,1,0,0.0333,0,1801.8,1,1,0.0333,0.0333,1801.8,1801.8
1224,12,499.43,499.7,1,1,180,0,1,0,0.2667,0,224.97,0,0.37508,0,0.10003,0,224.97,0.075872,0.033176,0.075703,0.033252,0,1,0,0.2667,0,224.97,1,1,0.2667,0.2667,224.97,224.97
1224,12,499.73,499.83,15,1,181,1,0,0.1,0,600,0,0,0,0,0,0,0,0.10483,0.037989,0.10483,0.038914,0,1,0,0.1,0,600,1,1,0.1,0.1,600,600
1224,12,499.97,500.13,15,1,182,1,0,0.1666,0,360.14,0,0,0,0,0,0,0,0.12552,0.040699,0.12578,0.04102,0,1,0,0.1666,0,360.14,1,1,0.1666,0.1666,360.14,360.14
1224,12,501.13,502.07,15,1,183,0.82149,0,0.7667,0,64.288,0,0,0,0,0,0,0,0.11595,0.031796,0.11614,0.031959,0,1,0,0.9333,0,64.288,1,1,0.9333,0.9333,64.288,64.288
1224,12,503.67,505.1,1,1,184,0.30233,3.9659e-14,0.43333,5.6843e-14,41.861,41.861,0,0,0,0,0,0,0.11419,0.031116,0.11909,0.031035,0,1,0,1.4333,0,41.861,1,1,1.4333,1.4333,41.861,41.861
1224,12,505.33,506.7,15,1,185,1,0,1.3667,0,43.901,0,0,0.53657,0,0.73333,0,43.901,0.11918,0.039305,0.11958,0.038478,0,1,0,1.3667,0,43.901,1,1,1.3667,1.3667,43.901,43.901
1224,12,507.37,507.9,1,1,186,0.87505,0,0.46667,0,112.51,0,0,0.43753,0,0.23333,0,112.51,0.14424,0.03305,0.15052,0.032615,0,1,0,0.5333,0,112.51,1,1,0.5333,0.5333,112.51,112.51
1224,12,508.03,508.5,1,1,187,1,0,0.4667,0,128.56,0,0,1,0,0.4667,0,128.56,0.14522,0.029424,0.14474,0.029426,0,1,0,0.4667,0,128.56,1,1,0.4667,0.4667,128.56,128.56
1224,12,508.5,508.57,15,1,188,0,1,0,0.0666,0,900.9,1,0,0.0666,0,900.9,0,0.22547,0.044458,0.22547,0.044458,0,1,0,0.0666,0,900.9,1,1,0.0666,0.0666,900.9,900.9
1224,12,508.57,509.07,1,1,189,1,0,0.4999,0,120.02,0,0,1,0,0.4999,0,120.02,0.14682,0.029907,0.14037,0.029892,0,1,0,0.4999,0,120.02,1,1,0.4999,0.4999,120.02,120.02
1224,12,509.07,509.1,3,1,190,0,1,0,0.0333,0,1801.8,0,1,0,0.0333,0,1801.8,0,0,0,0,0,1,0,0.0333,0,1801.8,0,2,0,0.0333,0,3603.6
1224,12,509.2,509.77,1,1,191,0.94129,0,0.53333,0,105.89,0,0.17637,0.82363,0.099933,0.46667,105.89,105.89,0.14957,0.028238,0.14115,0.027664,0,1,0,0.5666,0,105.89,1,1,0.5666,0.5666,105.89,105.89
1224,12,509.9,510.4,23,1,192,0,0.46667,0,0.23333,0,120,0,1,0,0.5,0,120,0.12566,0.042293,0.12357,0.041773,0,1,0,0.5,0,120,0,2,0,0.5,0,240
1224,12,510.53,511.4,17,1,193,0.5769,0,0.5,0,69.228,0,0,1,0,0.8667,0,69.228,0.22859,0.044561,0.24569,0.044577,1,0,0.8667,0,69.228,0,0,2,0,0.8667,0,138.46
1224,12,511.4,511.5,16,1,194,0,1,0,0.1,0,600,0,1,0,0.1,0,600,0.26151,0.077883,0.26035,0.07375,0,1.6667,0,0.083333,0,1200,0,2,0,0.1,0,1200
1224,12,511.5,511.53,7,1,195,0,1,0,0.0333,0,1801.8,0,1,0,0.0333,0,1801.8,0.30243,0.10717,0.30243,0.10717,0,2,0,0.0333,0,3603.6,0,2,0,0.0333,0,3603.6
1224,12,511.53,511.63,17,1,196,1,0,0.1,0,600,0,0,1,0,0.1,0,600,0.35437,0.089181,0.37652,0.092496,2,0,0.1,0,1200,0,0,2,0,0.1,0,1200
1224,12,511.67,511.87,17,1,197,1,0,0.1999,0,300.15,0,0,1,0,0.1999,0,300.15,0.41116,0.04034,0.41626,0.041279,2,0,0.1999,0,600.3,0,0,2,0,0.1999,0,600.3
1225,12,35.467,36.667,21,1,1,0.44445,0.55555,0.5333,0.6666,50.004,50.004,0,1,0,1.1999,0,50.004,0.18835,0.040447,0.20344,0.039568,0,0,0,0,0,0,1,1,1.1999,1.1999,50.004,50.004
1225,12,36.867,36.933,17,1,2,1,0,0.0666,0,900.9,0,1,0,0.0666,0,900.9,0,0.13526,0.04042,0.13526,0.04042,0,0,0,0,0,0,1,1,0.0666,0.0666,900.9,900.9
1225,12,37.267,37.3,20,1,3,0,1,0,0.0333,0,1801.8,0,1,0,0.0333,0,1801.8,0,0,0,0,0,0,0,0,0,0,0,2,0,0.0333,0,3603.6
1225,12,37.533,38.167,21,1,4,0,1,0,0.6333,0,94.742,0,0.5264,0,0.33337,0,94.742,0.079656,0.024685,0.084255,0.025546,0,0,0,0,0,0,0,2,0,0.6333,0,189.48
1225,12,38.433,39,21,1,5,0,1,0,0.5667,0,105.88,0,0.76466,0,0.43333,0,105.88,0.14362,0.030954,0.14001,0.031858,0,0,0,0,0,0,0,2,0,0.5667,0,211.75
1225,12,39.067,39.4,21,1,6,0,1,0,0.3333,0,180.02,0,1,0,0.3333,0,180.02,0.15562,0.040305,0.16192,0.040273,0,0,0,0,0,0,0,2,0,0.3333,0,360.04
1225,12,39.8,40.233,21,1,7,0.53843,0.46157,0.2333,0.2,138.47,138.47,0,1,0,0.4333,0,138.47,0.10976,0.029971,0.11357,0.0295,0,0,0,0,0,0,0,2,0,0.4333,0,276.94
1225,12,40.633,40.9,21,1,8,1,0,0.2667,0,224.97,0,0,1,0,0.2667,0,224.97,0.1039,0.030431,0.10508,0.030385,0,0,0,0,0,0,0,2,0,0.2667,0,449.94
1225,12,41.433,41.5,21,1,9,1,0,0.0667,0,899.55,0,0,1,0,0.0667,0,899.55,0.10516,0.03916,0.10516,0.03916,0,0,0,0,0,0,0,2,0,0.0667,0,1799.1
1225,12,41.9,42.167,21,1,10,0.37509,0.62491,0.1,0.1666,225.06,225.06,0.87497,0,0.23327,0,225.06,0,0.089989,0.02464,0.093226,0.024283,0,0,0,0,0,0,1,1,0.2666,0.2666,225.06,225.06
1225,12,42.467,42.733,21,1,11,0,1,0,0.2666,0,225.06,1,0,0.2666,0,225.06,0,0.085404,0.022256,0.080319,0.021315,0,0,0,0,0,0,1,1,0.2666,0.2666,225.06,225.06
1225,12,42.733,42.767,18,1,12,0,1,0,0.0333,0,1801.8,0,1,0,0.0333,0,1801.8,0.14337,0.027349,0.14337,0.027349,0,0,0,0,0,0,0,2,0,0.0333,0,3603.6
1225,12,42.767,42.8,21,1,13,0,1,0,0.0333,0,1801.8,1,0,0.0333,0,1801.8,0,0,0,0,0,0,0,0,0,0,0,1,1,0.0333,0.0333,1801.8,1801.8
1225,12,47.667,47.733,23,1,14,0,1,0,0.0666,0,900.9,0,1,0,0.0666,0,900.9,0.056602,0.019206,0.056602,0.019206,0,0,0,0,0,0,0,2,0,0.0666,0,1801.8
1225,12,48.6,48.767,23,1,15,0,1,0,0.1666,0,360.14,0,1,0,0.1666,0,360.14,0.069597,0.018098,0.070469,0.018067,0,0,0,0,0,0,0,2,0,0.1666,0,720.29
1225,12,49.167,49.2,23,1,16,0,1,0,0.0333,0,1801.8,0,1,0,0.0333,0,1801.8,0,0,0,0,0,0,0,0,0,0,0,2,0,0.0333,0,3603.6
1225,12,49.433,49.767,23,1,17,0,1,0,0.3333,0,180.02,0,1,0,0.3333,0,180.02,0.068551,0.02035,0.069718,0.020865,0,0,0,0,0,0,0,2,0,0.3333,0,360.04
1225,12,55.8,55.9,23,1,18,0,0,0,0,0,0,0,1,0,0.1,0,600,0.08441,0.021768,0.083994,0.02174,0,0,0,0,0,0,0,2,0,0.1,0,1200
1225,12,56.033,56.067,23,1,19,0,0,0,0,0,0,0,1,0,0.0333,0,1801.8,0.083828,0.023152,0.083828,0.023152,0,0,0,0,0,0,0,2,0,0.0333,0,3603.6
1225,12,56.1,56.233,23,1,20,0,0,0,0,0,0,0,1,0,0.1333,0,450.11,0.082495,0.025517,0.082747,0.025065,0,0,0,0,0,0,0,2,0,0.1333,0,900.23
1225,12,56.867,57.467,23,1,21,0,1,0,0.5999,0,100.02,0,1,0,0.5999,0,100.02,0.073703,0.018037,0.071087,0.018387,0,0,0,0,0,0,0,2,0,0.5999,0,200.03
1225,12,60.4,60.533,23,1,22,0,1,0,0.1333,0,450.11,0,1,0,0.1333,0,450.11,0.078244,0.021326,0.078594,0.021276,0,0,0,0,0,0,0,2,0,0.1333,0,900.23
1225,12,61.1,61.3,23,1,23,0,1,0,0.2,0,300,0,1,0,0.2,0,300,0.079996,0.018819,0.080404,0.018686,0,0,0,0,0,0,0,2,0,0.2,0,600
1225,12,61.4,62,23,1,24,0,1,0,0.6,0,100,0,1,0,0.6,0,100,0.073375,0.0189,0.072417,0.018429,0,0,0,0,0,0,0,2,0,0.6,0,200
1225,12,63.9,65.867,23,1,25,0,1,0,1.9666,0,30.51,0,1,0,1.9666,0,30.51,0.077912,0.017424,0.076335,0.017431,0,0,0,0,0,0,0,2,0,1.9666,0,61.019
1225,12,66.033,67.533,23,1,26,0,1,0,1.5,0,40,0,1,0,1.5,0,40,0.091663,0.017512,0.091917,0.016453,0,0,0,0,0,0,0,2,0,1.5,0,80
1225,12,68.267,68.833,23,1,27,0,1,0,0.5666,0,105.89,0,1,0,0.5666,0,105.89,0.077327,0.021827,0.077272,0.021825,0,0,0,0,0,0,0,2,0,0.5666,0,211.79
1225,12,71.767,72.433,23,1,28,0,1,0,0.6666,0,90.009,0,0,0,0,0,0,0.072597,0.023948,0.074479,0.024534,0,0,0,0,0,0,0,2,0,0.6666,0,180.02
1225,12,73.533,73.633,23,1,29,0,1,0,0.1,0,600,0,0.333,0,0.0333,0,600,0.061998,0.018453,0.061989,0.01869,0,0,0,0,0,0,0,1,0,0.1,0,600
1225,12,73.833,73.867,23,1,30,0,1,0,0.0333,0,1801.8,0,1,0,0.0333,0,1801.8,0.071299,0.01923,0.071299,0.01923,0,0,0,0,0,0,0,2,0,0.0333,0,3603.6
1225,12,74.467,76.4,21,1,31,0.96553,0.034466,1.8667,0.066633,31.035,31.035,1,0,1.9333,0,31.035,0,0.11933,0.022906,0.12174,0.022918,0,0,0,0,0,0,1,1,1.9333,1.9333,31.035,31.035
1225,12,76.567,76.6,21,1,32,1,0,0.0333,0,1801.8,0,1,0,0.0333,0,1801.8,0,0,0,0,0,0,0,0,0,0,0,1,1,0.0333,0.0333,1801.8,1801.8
1225,12,76.667,77.067,21,1,33,1,0,0.3999,0,150.04,0,1,0,0.3999,0,150.04,0,0.11085,0.027099,0.11081,0.028049,0,0,0,0,0,0,1,1,0.3999,0.3999,150.04,150.04
1225,12,77.267,77.667,21,1,34,1,0,0.3999,0,150.04,0,1,0,0.3999,0,150.04,0,0.12261,0.026966,0.12695,0.027093,0,0,0,0,0,0,1,1,0.3999,0.3999,150.04,150.04
1225,12,77.733,77.767,21,1,35,1,0,0.0333,0,1801.8,0,1,0,0.0333,0,1801.8,0,0.10372,0.02623,0.10372,0.02623,0,0,0,0,0,0,1,1,0.0333,0.0333,1801.8,1801.8
1225,12,77.933,78.367,21,1,36,1,0,0.4333,0,138.47,0,0.38472,0.38449,0.1667,0.1666,138.47,138.47,0.11763,0.026303,0.11623,0.027176,0,0,0,0,0,0,1,1,0.4333,0.4333,138.47,138.47
1225,12,78.5,78.833,21,1,37,1,0,0.3333,0,180.02,0,0,0.10001,0,0.033333,0,180.02,0.11664,0.02887,0.1203,0.029279,0,0,0,0,0,0,1,1,0.3333,0.3333,180.02,180.02
1225,12,79,79.633,21,1,38,1,0,0.6333,0,94.742,0,1,0,0.6333,0,94.742,0,0.11097,0.029351,0.11198,0.02884,0,0,0,0,0,0,1,1,0.6333,0.6333,94.742,94.742
1225,12,79.667,79.8,21,1,39,1,0,0.1333,0,450.11,0,1,0,0.1333,0,450.11,0,0.10237,0.031647,0.10397,0.031897,0,0,0,0,0,0,1,1,0.1333,0.1333,450.11,450.11
1225,12,79.9,80.067,21,1,40,1,0,0.1666,0,360.14,0,1,0,0.1666,0,360.14,0,0.10299,0.03183,0.10366,0.031854,0,0,0,0,0,0,1,1,0.1666,0.1666,360.14,360.14
1225,12,80.167,80.7,21,1,41,1,0,0.5333,0,112.51,0,1,0,0.5333,0,112.51,0,0.1165,0.030108,0.11376,0.030276,0,0,0,0,0,0,1,1,0.5333,0.5333,112.51,112.51
1225,12,80.867,80.933,21,1,42,1,0,0.0666,0,900.9,0,1,0,0.0666,0,900.9,0,0.096862,0.027079,0.096862,0.027079,0,0,0,0,0,0,1,1,0.0666,0.0666,900.9,900.9
1225,12,81.9,81.933,21,1,43,1,0,0.0333,0,1801.8,0,1,0,0.0333,0,1801.8,0,0.08333,0.02384,0.08333,0.02384,0,0,0,0,0,0,1,1,0.0333,0.0333,1801.8,1801.8
1225,12,82.367,82.433,21,1,44,1,0,0.0666,0,900.9,0,0,1,0,0.0666,0,900.9,0.092324,0.024201,0.092324,0.024201,0,0,0,0,0,0,1,1,0.0666,0.0666,900.9,900.9
1225,12,82.533,82.967,21,1,45,1,0,0.4333,0,138.47,0,0.38449,0.46165,0.1666,0.20003,138.47,138.47,0.11305,0.027598,0.10988,0.027251,0,0,0,0,0,0,1,1,0.4333,0.4333,138.47,138.47
1225,12,83.067,83.1,21,1,46,1,0,0.0333,0,1801.8,0,1,0,0.0333,0,1801.8,0,0,0,0,0,0,0,0,0,0,0,1,1,0.0333,0.0333,1801.8,1801.8
1225,12,84.267,84.3,23,1,47,0,1,0,0.0333,0,1801.8,0,1,0,0.0333,0,1801.8,0,0,0,0,0,0,0,0,0,0,0,2,0,0.0333,0,3603.6
1225,12,84.4,84.433,23,1,48,0,1,0,0.0333,0,1801.8,0,1,0,0.0333,0,1801.8,0.053962,0.019696,0.053962,0.019696,0,0,0,0,0,0,0,2,0,0.0333,0,3603.6
1225,12,85.367,85.967,23,1,49,0,1,0,0.5999,0,100.02,0,1,0,0.5999,0,100.02,0.069213,0.023246,0.069629,0.023496,0,0,0,0,0,0,0,2,0,0.5999,0,200.03
1225,12,86,86.067,23,1,50,0,1,0,0.0666,0,900.9,0,1,0,0.0666,0,900.9,0.065316,0.021907,0.065316,0.021907,0,0,0,0,0,0,0,2,0,0.0666,0,1801.8
1225,12,86.133,86.2,23,1,51,0,1,0,0.0667,0,899.55,0,0.50025,0,0.033367,0,899.55,0.056243,0.020024,0.056243,0.020024,0,0,0,0,0,0,0,2,0,0.0667,0,1799.1
1225,12,86.9,86.933,23,1,52,0,1,0,0.0333,0,1801.8,0,1,0,0.0333,0,1801.8,0.066895,0.02134,0.066895,0.02134,0,0,0,0,0,0,0,2,0,0.0333,0,3603.6
1225,12,86.967,87.367,23,1,53,0,1,0,0.3999,0,150.04,0,1,0,0.3999,0,150.04,0.072212,0.023025,0.072715,0.022954,0,0,0,0,0,0,0,2,0,0.3999,0,300.08
1225,12,87.5,87.567,21,1,54,0,1,0,0.0666,0,900.9,0,1,0,0.0666,0,900.9,0.074718,0.024517,0.074718,0.024517,0,0,0,0,0,0,0,2,0,0.0666,0,1801.8
1225,12,88.767,88.833,23,1,55,0,1,0,0.0666,0,900.9,0,1,0,0.0666,0,900.9,0.060794,0.020156,0.060794,0.020156,0,0,0,0,0,0,0,1,0,0.0666,0,900.9
1225,12,88.867,88.967,23,1,56,0,1,0,0.0999,0,600.6,0,1,0,0.0999,0,600.6,0.05923,0.019873,0.05923,0.019873,0,0,0,0,0,0,0,1,0,0.0999,0,600.6
1225,12,90.9,91,11,1,57,0,1,0,0.1,0,600,0,1,0,0.1,0,600,0.068641,0.027046,0.069704,0.027348,0,0,0,0,0,0,0,2,0,0.1,0,1200
1225,12,91.433,91.8,14,1,58,1,0,0.3667,0,163.62,0,0,1,0,0.3667,0,163.62,0.11024,0.021935,0.10587,0.022125,0,0,0,0,0,0,1,1,0.3667,0.3667,163.62,163.62
1225,12,92.067,92.1,23,1,59,0,1,0,0.0333,0,1801.8,0,1,0,0.0333,0,1801.8,0,0,0,0,0,0,0,0,0,0,0,2,0,0.0333,0,3603.6
1225,12,92.733,92.8,14,1,60,1,0,0.0667,0,899.55,0,0,1,0,0.0667,0,899.55,0.075298,0.019643,0.075298,0.019643,0,0,0,0,0,0,1,1,0.0667,0.0667,899.55,899.55
1225,12,95.267,95.3,14,1,61,1,0,0.0333,0,1801.8,0,0,1,0,0.0333,0,1801.8,0,0,0,0,0,0,0,0,0,0,1,1,0.0333,0.0333,1801.8,1801.8
1225,12,95.333,96.133,14,1,62,1,0,0.8,0,75,0,0,1,0,0.8,0,75,0.10531,0.02396,0.10017,0.023073,0,0,0,0,0,0,1,1,0.8,0.8,75,75
1225,12,96.133,98.467,23,1,63,0,1,0,2.3333,0,25.715,0,0.14287,0,0.16668,0,51.429,0.064979,0.020361,0.064251,0.020701,0,0,0,0,0,0,0,2,0,2.3333,0,51.429
1225,12,98.5,99.4,23,1,64,0,1,0,0.9,0,66.667,0,0.51852,0,0.46667,0,66.667,0.064118,0.016469,0.065039,0.016296,0,0,0,0,0,0,0,2,0,0.9,0,133.33
1225,12,100.07,100.33,14,1,65,0,1,0,0.2666,0,225.06,0,0,0,0,0,0,0.094807,0.022443,0.094629,0.023055,0,0,0,0,0,0,1,1,0.2666,0.2666,225.06,225.06
1225,12,100.43,100.63,14,1,66,0,1,0,0.2,0,300,0,0,0,0,0,0,0.064241,0.023031,0.063761,0.022878,0,0,0,0,0,0,1,1,0.2,0.2,300,300
1225,12,101.03,101.23,14,1,67,0,1,0,0.2,0,300,0,0.6665,0,0.1333,0,300,0.089481,0.020292,0.091922,0.019613,0,0,0,0,0,0,1,1,0.2,0.2,300,300
1225,12,101.73,102.63,14,1,68,0.99996,3.7037e-05,0.89997,3.3333e-05,66.667,66.667,0,0.88889,0,0.4,0,133.33,0.10319,0.023436,0.09625,0.023384,0,0,0,0,0,0,1,1,0.9,0.9,66.667,66.667
1225,12,103.07,103.43,14,1,69,1,0,0.3666,0,163.67,0,0,1,0,0.3666,0,163.67,0.099886,0.020812,0.10124,0.020916,0,0,0,0,0,0,1,1,0.3666,0.3666,163.67,163.67
1225,12,104.07,104.9,23,1,70,0,1,0,0.8333,0,72.003,0,1,0,0.8333,0,72.003,0.063688,0.019142,0.063919,0.019001,0,0,0,0,0,0,0,2,0,0.55553,0,216.01
1225,12,106,106.27,18,1,71,0,0,0,0,0,0,1,0,0.2666,0,225.06,0,0.079143,0.028395,0.08012,0.027822,0,0,0,0,0,0,1,1,0.2666,0.2666,225.06,225.06
1225,12,106.73,106.83,18,1,72,1,0,0.1,0,600,0,1,0,0.1,0,600,0,0.072023,0.028024,0.072217,0.028206,0,0,0,0,0,0,1,1,0.1,0.1,600,600
1225,12,107.97,108.4,18,1,73,1,0,0.4333,0,138.47,0,1,0,0.4333,0,138.47,0,0.080805,0.026279,0.079393,0.026167,0,0,0,0,0,0,1,1,0.4333,0.4333,138.47,138.47
1225,12,108.73,109.17,23,1,74,0,1,0,0.4333,0,138.47,0,1,0,0.4333,0,138.47,0.083506,0.020833,0.087002,0.020413,0,0,0,0,0,0,0,2,0,0.4333,0,276.94
1225,12,109.17,109.33,18,1,75,1,0,0.1666,0,360.14,0,1,0,0.1666,0,360.14,0,0.1593,0.026702,0.16,0.025729,0,0,0,0,0,0,1,1,0.1666,0.1666,360.14,360.14
1225,12,109.7,109.77,23,1,76,0,1,0,0.0666,0,900.9,0,1,0,0.0666,0,900.9,0.083114,0.027511,0.083114,0.027511,0,0,0,0,0,0,0,2,0,0.0666,0,1801.8
1225,12,109.83,110.07,18,1,77,1,0,0.2333,0,257.18,0,1,0,0.2333,0,257.18,0,0.19215,0.041294,0.18197,0.040244,0,0,0,0,0,0,1,1,0.2333,0.2333,257.18,257.18
1225,12,110.1,110.8,23,1,78,0,1,0,0.7,0,85.714,0,1,0,0.7,0,85.714,0.089107,0.027153,0.09082,0.026786,0,0,0,0,0,0,0,2,0,0.7,0,171.43
1225,12,110.87,111.37,23,1,79,0,1,0,0.4999,0,120.02,0,1,0,0.4999,0,120.02,0.081015,0.02509,0.079831,0.02421,0,0,0,0,0,0,0,2,0,0.4999,0,240.05
1225,12,111.5,112.2,18,1,80,1,0,0.7,0,85.714,0,1,0,0.7,0,85.714,0,0.15129,0.032861,0.13689,0.032695,0,0,0,0,0,0,1,1,0.7,0.7,85.714,85.714
1225,12,112.3,112.83,23,1,81,0,0.43753,0,0.23333,0,112.51,0,0.31252,0,0.16667,0,112.51,0.091847,0.028255,0.091234,0.029626,0,0,0,0,0,0,0,2,0,0.5333,0,225.01
1225,12,112.83,113.1,18,1,82,0,0.74991,0,0.2,0,224.97,0,0,0,0,0,0,0.1628,0.030221,0.16225,0.030363,0,0,0,0,0,0,1,1,0.2667,0.2667,224.97,224.97
1225,12,113.1,113.13,23,1,83,0,1,0,0.0333,0,1801.8,0,0,0,0,0,0,0.074421,0.026345,0.074421,0.026345,0,0,0,0,0,0,0,2,0,0.0333,0,3603.6
1225,12,113.53,113.87,18,1,84,0,1,0,0.3333,0,180.02,0,0,0,0,0,0,0.16212,0.032523,0.1687,0.032092,0,0,0,0,0,0,1,1,0.3333,0.3333,180.02,180.02
1225,12,114.63,115.6,23,1,85,0,1,0,0.48335,0,124.13,0,0.72415,0,0.35002,0,124.13,0.084387,0.027613,0.082383,0.027864,0,0,0,0,0,0,0,2,0,0.9667,0,124.13
1225,12,118.63,118.7,21,1,86,0,1,0,0.0667,0,899.55,0,0,0,0,0,0,0.13399,0.031137,0.13399,0.031137,0,0,0,0,0,0,0,1,0,0.0667,0,899.55
1225,12,119.2,119.4,12,1,87,0,1,0,0.2,0,300,0,0,0,0,0,0,0.12236,0.035004,0.12239,0.034272,0,0,0,0,0,0,0,1,0,0.2,0,300
1225,12,127.83,128.53,18,1,88,0.47624,0.33333,0.33337,0.23333,85.714,85.714,0,1,0,0.7,0,85.714,0.1618,0.028806,0.16332,0.028685,0,0,0,0,0,0,0,0.99995,0,0.69997,0,85.714
1225,12,128.53,128.57,10,1,89,0,0,0,0,0,0,0,1,0,0.0333,0,1801.8,0.20835,0.038593,0.20835,0.038593,0,0,0,0,0,0,0,1,0,0.0333,0,1801.8
1225,12,128.6,129.13,18,1,90,0,0.43746,0,0.2333,0,112.51,0,1,0,0.5333,0,112.51,0.13693,0.026594,0.13683,0.026309,0,0,0,0,0,0,0,1,0,0.5333,0,112.51
1225,12,131.4,131.6,23,1,91,0,1,0,0.2,0,300,0,1,0,0.2,0,300,0.078743,0.027289,0.081027,0.027191,0,0,0,0,0,0,0,1,0,0.2,0,300
1225,12,131.83,132.07,23,1,92,0,1,0,0.2333,0,257.18,0,1,0,0.2333,0,257.18,0.077521,0.031046,0.079297,0.028645,0,0,0,0,0,0,0,1,0,0.2333,0,257.18
1225,12,132.1,132.17,23,1,93,0,1,0,0.0666,0,900.9,0,1,0,0.0666,0,900.9,0.084525,0.032666,0.084525,0.032666,0,0,0,0,0,0,0,1,0,0.0666,0,900.9
1225,12,133.4,134.7,23,1,94,0,1,0,1.3,0,46.154,0,0.23077,0,0.3,0,46.154,0.071917,0.021428,0.070527,0.021018,0,0,0,0,0,0,0,1,0,1.3,0,46.154
1225,12,135.13,135.17,23,1,95,0,1,0,0.0333,0,1801.8,0,0,0,0,0,0,0.074209,0.021902,0.074209,0.021902,0,0,0,0,0,0,0,1,0,0.0333,0,1801.8
1225,12,135.63,137.8,23,1,96,0,1,0,2.1667,0,27.692,0,0.38461,0,0.83333,0,27.692,0.10873,0.024767,0.079788,0.024883,0,0,0,0,0,0,0,1,0,2.1667,0,27.692
1225,12,137.83,138.23,23,1,97,0,1,0,0.4,0,150,0,1,0,0.4,0,150,0.072681,0.022419,0.074217,0.021956,0,0,0,0,0,0,0,1,0,0.4,0,150
1225,12,138.4,138.77,23,1,98,0,1,0,0.3666,0,163.67,0,1,0,0.3666,0,163.67,0.067049,0.020615,0.068359,0.020343,0,0,0,0,0,0,0,1,0,0.3666,0,163.67
1225,12,139.2,139.37,23,1,99,0,1,0,0.1666,0,360.14,0,0,0,0,0,0,0.065897,0.023564,0.066016,0.023723,0,0,0,0,0,0,0,1,0,0.1666,0,360.14
1225,12,139.4,139.63,23,1,100,0,1,0,0.2333,0,257.18,0,0,0,0,0,0,0.073218,0.022068,0.072786,0.02173,0,0,0,0,0,0,0,1,0,0.2333,0,257.18
1225,12,140.33,140.37,23,1,101,0,1,0,0.0333,0,1801.8,0,0,0,0,0,0,0.079316,0.028975,0.079316,0.028975,0,0,0,0,0,0,0,1,0,0.0333,0,1801.8
1225,12,140.6,141,23,1,102,0,1,0,0.4,0,150,0,0.5,0,0.2,0,150,0.086948,0.023338,0.086919,0.022483,0,0,0,0,0,0,0,1,0,0.4,0,150
1225,12,142.27,143.03,23,1,103,0,1,0,0.7666,0,78.268,0,1,0,0.7666,0,78.268,0.074478,0.025452,0.075264,0.024888,0,0,0,0,0,0,0,1,0,0.7666,0,78.268
1225,12,143.23,143.9,23,1,104,0,1,0,0.6667,0,89.996,0,1,0,0.6667,0,89.996,0.081196,0.027789,0.082354,0.028045,0,0,0,0,0,0,0,1.4,0,0.46668,0,179.99
1225,12,143.9,145.8,15,1,105,1,0,1.9,0,31.579,0,1,0,1.9,0,31.579,0,0.22968,0.032666,0.24027,0.032169,0,0,0,0,0,0,1,1,1.9,1.9,31.579,31.579
1225,12,146.2,146.27,15,1,106,1,0,0.0666,0,900.9,0,0,0,0,0,0,0,0.082142,0.025278,0.082142,0.025278,0,0,0,0,0,0,1,1,0.0666,0.0666,900.9,900.9
1225,12,146.73,148.1,15,1,107,0,1,0,1.3667,0,43.901,0,0,0,0,0,0,0.2072,0.026817,0.20876,0.026762,0,0,0,0,0,0,1,1,1.3667,1.3667,43.901,43.901
1225,12,148.63,148.7,15,1,108,0,1,0,0.0667,899.55,899.55,1,0,0.0667,0,899.55,0,0.16785,0.027959,0.16785,0.027959,0,0,0,0,0,0,1,1,0.0667,0.0667,899.55,899.55
1225,12,149.53,149.63,23,1,109,0,1,0,0.1,0,600,0,0,0,0,0,0,0.071986,0.027027,0.07276,0.02696,0,0,0,0,0,0,0,2,0,0.1,0,1200
1225,12,149.67,152.1,15,1,110,0.17807,0.80823,0.4333,1.9667,24.658,24.658,0,0.47946,0,0.58333,0,49.316,0.28897,0.033198,0.30974,0.031481,0,0,0,0,0,0,1,1,2.4333,2.4333,24.658,24.658
1225,12,152.1,152.13,23,1,111,0,1,0,0.0333,0,1801.8,0,1,0,0.0333,0,1801.8,0.064388,0.023954,0.064388,0.023954,0,0,0,0,0,0,0,2,0,0.0333,0,3603.6
1225,12,152.13,156.13,15,1,112,0.99999,8.3333e-06,4,3.3333e-05,15,15,0.71666,0.10001,1.4333,0.40003,30,15,0.26861,0.03143,0.25948,0.031179,0,0,0,0,0,0,1,1,4,4,15,15
1225,12,156.13,156.37,23,1,113,0,1,0,0.2333,0,257.18,0,1,0,0.2333,0,257.18,0.068447,0.020828,0.070313,0.021669,0,0,0,0,0,0,0,2,0,0.2333,0,514.36
1225,12,156.47,156.63,23,1,114,0,1,0,0.1666,0,360.14,0,1,0,0.1666,0,360.14,0.068317,0.019338,0.069587,0.019464,0,0,0,0,0,0,0,2,0,0.1666,0,720.29
1225,12,156.63,156.7,15,1,115,1,0,0.0667,0,899.55,0,1,0,0.0667,0,899.55,0,0.16287,0.025659,0.16287,0.025659,0,0,0,0,0,0,1,1,0.0667,0.0667,899.55,899.55
1225,12,156.7,156.9,23,1,116,0,1,0,0.2,0,300,0,1,0,0.2,0,300,0.066261,0.020234,0.066592,0.020189,0,0,0,0,0,0,0,2,0,0.2,0,600
1225,12,156.9,157,21,1,117,0,1,0,0.1,0,600,0,1,0,0.1,0,600,0.1412,0.02614,0.11826,0.026201,0,0,0,0,0,0,0,2,0,0.1,0,1200
1225,12,157.37,157.77,23,1,118,0,1,0,0.3999,0,150.04,0,0,0,0,0,0,0.06692,0.024018,0.06696,0.023983,0,0,0,0,0,0,0,2,0,0.3999,0,300.08
1225,12,158.97,159.03,23,1,119,0,1,0,0.0666,0,900.9,0,0,0,0,0,0,0.080781,0.027459,0.080781,0.027459,0,0,0,0,0,0,0,2,0,0.0666,0,1801.8
1225,12,159.07,161.07,15,1,120,0.46666,0.53334,0.93327,1.0666,30.002,30.002,0.31668,0,0.63333,0,30.002,0,0.21639,0.031887,0.23698,0.031937,0,0,0,0,0,0,1,1,1.9999,1.9999,30.002,30.002
1225,12,161.07,161.13,23,1,121,0,1,0,0.0666,0,900.9,0,0,0,0,0,0,0.071631,0.026975,0.071631,0.026975,0,0,0,0,0,0,0,2,0,0.0666,0,1801.8
1225,12,162.23,162.67,23,1,122,0,1,0,0.4333,0,138.47,0,1,0,0.4333,0,138.47,0.073156,0.022429,0.0725,0.021203,0,0,0,0,0,0,0,2,0,0.4333,0,276.94
1225,12,162.8,162.87,23,1,123,0,1,0,0.0666,0,900.9,0,1,0,0.0666,0,900.9,0.068867,0.026705,0.068867,0.026705,0,0,0,0,0,0,0,2,0,0.0666,0,1801.8
1225,12,163.17,163.3,15,1,124,1,0,0.1333,0,450.11,0,0,1,0,0.1333,0,450.11,0.22428,0.031466,0.22469,0.031762,0,0,0,0,0,0,1,1,0.1333,0.1333,450.11,450.11
1225,12,163.33,164.03,15,1,125,1,0,0.7,0,85.714,0,0,1,0,0.7,0,85.714,0.14636,0.027813,0.12373,0.027281,0,0,0,0,0,0,1,1,0.7,0.7,85.714,85.714
1225,12,164.2,164.23,15,1,126,0,1,0,0.0333,0,1801.8,0,1,0,0.0333,0,1801.8,0.089375,0.026042,0.089375,0.026042,0,0,0,0,0,0,1,1,0.0333,0.0333,1801.8,1801.8
1225,12,165.67,167.5,18,1,127,0,1,0,1.8333,0,32.728,0,0.89093,0,0.54444,0,98.184,0.13433,0.028267,0.12854,0.028007,0,0,0,0,0,0,1,1,1.8333,0.91665,32.728,65.456
1225,12,167.5,167.53,15,1,128,0,1,0,0.0333,0,1801.8,0,1,0,0.0333,0,1801.8,0.092503,0.030179,0.092503,0.030179,0,0,0,0,0,0,0,2,0,0.0333,0,3603.6
1225,12,167.53,167.6,18,1,129,0,1,0,0.0667,0,899.55,0,1,0,0.0667,0,899.55,0.13824,0.033682,0.13824,0.033682,0,0,0,0,0,0,1,1,0.0667,0.0667,899.55,899.55
1225,12,168.3,168.43,15,1,130,1,0,0.1333,0,450.11,0,0,0,0,0,0,0,0.087017,0.037054,0.087007,0.036743,0,0,0,0,0,0,0,2,0,0.1333,0,900.23
1225,12,168.6,168.87,15,1,131,1,0,0.2666,0,225.06,0,0,0,0,0,0,0,0.11402,0.032419,0.11644,0.033139,0,0,0,0,0,0,0,2,0,0.2666,0,450.11
1225,12,169.37,170.13,13,1,132,1,0,0.7666,0,78.268,0,0.8696,0,0.66663,0,78.268,0,0.139,0.032927,0.13579,0.031099,0,0,0,0,0,0,1,1,0.7666,0.7666,78.268,78.268
1225,12,170.6,170.73,13,1,133,1,0,0.1333,0,450.11,0,1,0,0.1333,0,450.11,0,0.081871,0.033367,0.082186,0.032905,0,0,0,0,0,0,1,1,0.1333,0.1333,450.11,450.11
1225,12,171.4,171.73,15,1,134,0,0,0,0,0,0,0,1,0,0.3333,0,180.02,0.11398,0.035492,0.11472,0.036003,0,0,0,0,0,0,0,2,0,0.3333,0,360.04
1225,12,171.8,172.37,15,1,135,0,0,0,0,0,0,0,1,0,0.5666,0,105.89,0.12417,0.034751,0.12246,0.035323,0,0,0,0,0,0,0,2,0,0.5666,0,211.79
1225,12,172.5,172.67,15,1,136,0,0,0,0,0,0,0,1,0,0.1666,0,360.14,0.09257,0.026881,0.091146,0.027177,0,0,0,0,0,0,0,2,0,0.1666,0,720.29
1225,12,173.17,173.6,15,1,137,0,1,0,0.4333,0,138.47,0,1,0,0.4333,0,138.47,0.086684,0.028574,0.087904,0.028359,0,0,0,0,0,0,0,2,0,0.4333,0,276.94
1225,12,173.8,175.1,13,1,138,1,0,1.3,0,46.154,0,1,0,1.3,0,46.154,0,0.098746,0.025175,0.09599,0.02394,0,0,0,0,0,0,1,1,1.3,1.3,46.154,46.154
1225,12,175.1,176.2,15,1,139,0,1,0,1.1,0,54.545,0,1,0,1.1,0,54.545,0.11989,0.030396,0.12428,0.031375,0,0,0,0,0,0,0,2,0,1.1,0,109.09
1225,12,176.2,177.63,13,1,140,1,0,1.4333,0,41.861,0,1,0,1.4333,0,41.861,0,0.14989,0.033202,0.15327,0.030859,0,0,0,0,0,0,1,1,1.4333,1.4333,41.861,41.861
1225,12,179.57,179.67,23,1,141,0,1,0,0.0999,0,600.6,0,1,0,0.0999,0,600.6,0.069106,0.024538,0.069106,0.024538,0,0,0,0,0,0,0,1,0,0.0999,0,600.6
1225,12,179.7,179.83,23,1,142,0,1,0,0.1333,0,450.11,0,1,0,0.1333,0,450.11,0.073455,0.02706,0.07356,0.027064,0,0,0,0,0,0,0,1,0,0.1333,0,450.11
1225,12,180.03,180.33,15,1,143,0,1,0,0.3,0,200,0,1,0,0.3,0,200,0.084837,0.027518,0.088945,0.02694,0,0,0,0,0,0,0,2,0,0.3,0,400
1225,12,180.5,181,23,1,144,0,1,0,0.5,0,120,0,1,0,0.5,0,120,0.071148,0.023552,0.072848,0.023497,0,0,0,0,0,0,0,2,0,0.5,0,240
1225,12,181.2,181.57,15,1,145,0,1,0,0.3666,0,163.67,0,1,0,0.3666,0,163.67,0.11114,0.029222,0.114,0.029244,0,0,0,0,0,0,0,2,0,0.3666,0,327.33
1225,12,184.07,184.37,18,1,146,0,0,0,0,0,0,0,1,0,0.2999,0,200.07,0.095496,0.031762,0.097695,0.030599,0,0.55563,0,0.16663,0,200.07,0,1,0,0.2999,0,200.07
1225,12,184.87,186.3,15,1,147,1,0,1.4333,0,41.861,0,0,1,0,1.4333,0,41.861,0.13675,0.031496,0.13785,0.031513,0,0,0,0,0,0,0,1,0,1.4333,0,41.861
1225,12,187.87,188.87,15,1,148,0.099943,0.90006,0.099933,0.89997,60.006,60.006,0,1,0,0.49995,0,120.01,0.10872,0.032043,0.10721,0.031803,0,0,0,0,0,0,0,1,0,0.9999,0,60.006
1225,12,188.93,190.13,15,1,149,0.69444,0.25,0.41667,0.3,100,50,0,0.66667,0,0.4,0,100,0.10088,0.030415,0.10121,0.030256,0,0,0,0,0,0,0,1,0,1.2,0,50
1225,12,190.43,190.67,15,1,150,1,0,0.2333,0,257.18,0,0,1,0,0.2333,0,257.18,0.097108,0.028277,0.097396,0.028858,0,0,0,0,0,0,0,0.99986,0,0.23327,0,257.18
1225,12,191.3,192.47,15,1,151,0.85719,0.057089,1,0.0666,51.432,51.432,0,1,0,1.1666,0,51.432,0.11389,0.031404,0.11564,0.032465,0,0,0,0,0,0,0,1,0,1.1666,0,51.432
1225,12,192.57,192.7,15,1,152,0,1,0,0.1333,0,450.11,0,1,0,0.1333,0,450.11,0.084709,0.020221,0.08651,0.020304,0,0,0,0,0,0,0,1,0,0.1333,0,450.11
1225,12,194.7,194.93,15,1,153,0,1,0,0.2333,0,257.18,0,1,0,0.2333,0,257.18,0.13712,0.039163,0.13181,0.039149,0,0,0,0,0,0,0,2,0,0.2333,0,514.36
1225,12,195.1,195.17,15,1,154,0,1,0,0.0666,0,900.9,0,1,0,0.0666,0,900.9,0.14722,0.042028,0.14722,0.042028,0,0,0,0,0,0,0,2,0,0.0666,0,1801.8
1225,12,195.4,195.53,15,1,155,0,1,0,0.1333,0,450.11,0,1,0,0.1333,0,450.11,0.10858,0.036835,0.10783,0.037953,0,0,0,0,0,0,0,2,0,0.1333,0,900.23
1225,12,207.73,208.27,15,1,156,0,1,0,0.5333,0,112.51,0,1,0,0.5333,0,112.51,0.12287,0.026571,0.11824,0.025847,0,0,0,0,0,0,0,1,0,0.5333,0,112.51
1225,12,208.73,209.17,15,1,157,0.077006,0.84607,0.033367,0.3666,138.47,138.47,0,1,0,0.4333,0,138.47,0.12155,0.035299,0.12152,0.034723,0,0,0,0,0,0,0,0.99992,0,0.21663,0,276.94
1225,12,209.5,209.53,15,1,158,0,1,0,0.0333,0,1801.8,0,1,0,0.0333,0,1801.8,0.10187,0.034092,0.10187,0.034092,0,0,0,0,0,0,0,1,0,0.0333,0,1801.8
1225,12,209.57,209.6,15,1,159,0,1,0,0.0333,0,1801.8,0,1,0,0.0333,0,1801.8,0,0,0,0,0,0,0,0,0,0,0,1,0,0.0333,0,1801.8
1225,12,209.77,210.2,15,1,160,0,1,0,0.4333,0,138.47,0,1,0,0.4333,0,138.47,0.11041,0.039534,0.10918,0.039863,0,0,0,0,0,0,0,1,0,0.4333,0,138.47
1225,12,210.43,213.1,15,1,161,0,1,0,1.3333,0,44.999,0,1,0,2.6667,0,22.5,0.11422,0.029038,0.11455,0.028018,0,0,0,0,0,0,0,1,0,2.6667,0,22.5
1225,12,214.1,214.37,18,1,162,0,1,0,0.2666,0,225.06,0,1,0,0.2666,0,225.06,0.15197,0.067069,0.15372,0.066374,0,1,0,0.2666,0,225.06,0,1,0,0.2666,0,225.06
1225,12,214.8,214.83,17,1,163,1,0,0.0333,0,1801.8,0,1,0,0.0333,0,1801.8,0,0.13526,0.043988,0.13526,0.043988,1,0,0.0333,0,1801.8,0,0,1,0,0.0333,0,1801.8
1225,12,215.1,216.1,17,1,164,1,0,1,0,60,0,1,0,1,0,60,0,0.16899,0.043733,0.15417,0.043406,1,0,1,0,60,0,0,1,0,1,0,60
1225,12,216.13,218.8,17,1,165,1,0,2.6667,0,22.5,0,0.725,0,0.96668,0,44.999,0,0.16472,0.035818,0.14606,0.035714,1.6125,0,2.15,0,44.999,0,0,1,0,2.6667,0,22.5
1225,12,218.83,219,17,1,166,1,0,0.1667,0,359.93,0,1,0,0.1667,0,359.93,0,0.17594,0.041021,0.16917,0.041133,2,0,0.1667,0,719.86,0,0,1,0,0.1667,0,359.93
1225,12,219,219.07,3,1,167,0,1,0,0.0666,0,900.9,0,1,0,0.0666,0,900.9,0.25902,0.050205,0.25902,0.050205,0,2,0,0.0666,0,1801.8,0,1,0,0.0666,0,900.9
1225,12,219.1,220.3,17,1,168,1,0,1.2,0,50,0,1,0,1.2,0,50,0,0.20491,0.037916,0.20409,0.037926,2,0,1.2,0,100,0,0,1,0,1.2,0,50
1225,12,220.3,220.7,3,1,169,0,1,0,0.4,0,150,0,1,0,0.4,0,150,0.2263,0.037799,0.22988,0.037573,0,2,0,0.4,0,300,0,1,0,0.4,0,150
1225,12,220.7,220.8,15,1,170,0,1,0,0.1,0,600,0,1,0,0.1,0,600,0.12794,0.030363,0.12937,0.030352,0,2,0,0.1,0,1200,0,1,0,0.1,0,600
1225,12,220.87,220.9,17,1,171,1,0,0.0333,0,1801.8,0,1,0,0.0333,0,1801.8,0,0,0,0,0,2,0,0.0333,0,3603.6,0,0,1,0,0.0333,0,1801.8
1225,12,221.17,221.3,17,1,172,1,0,0.1333,0,450.11,0,1,0,0.1333,0,450.11,0,0.17092,0.035145,0.17198,0.035064,2,0,0.1333,0,900.23,0,0,1,0,0.1333,0,450.11
1225,12,221.3,221.53,3,1,173,0,1,0,0.2333,0,257.18,0,0.85712,0,0.099983,0,514.36,0.25016,0.046851,0.24418,0.046603,0,2,0,0.2333,0,514.36,0,1,0,0.2333,0,257.18
1225,12,221.53,222.27,17,1,174,1,0,0.7333,0,81.822,0,0.36356,0.3637,0.2666,0.2667,81.822,81.822,0.20578,0.033885,0.20872,0.034054,2,0,0.7333,0,163.64,0,0,1,0,0.7333,0,81.822
1225,12,222.33,222.37,15,1,175,0,1,0,0.0333,0,1801.8,0,1,0,0.0333,0,1801.8,0.12568,0.035063,0.12568,0.035063,0,2,0,0.0333,0,3603.6,0,1,0,0.0333,0,1801.8
1225,12,222.5,223.57,17,1,176,1,0,1.0666,0,56.254,0,1,0,1.0666,0,56.254,0,0.14158,0.038571,0.14021,0.03977,2,0,1.0666,0,112.51,0,0,1,0,1.0666,0,56.254
1225,12,223.67,223.73,15,1,177,0,1,0,0.0666,0,900.9,0,1,0,0.0666,0,900.9,0.144,0.047943,0.144,0.047943,0,2,0,0.0666,0,1801.8,0,1,0,0.0666,0,900.9
1225,12,223.83,224.43,17,1,178,1,0,0.6,0,100,0,1,0,0.6,0,100,0,0.22616,0.043834,0.23487,0.043694,2,0,0.6,0,200,0,0,1,0,0.6,0,100
1225,12,225,225.6,17,1,179,1,0,0.6,0,100,0,1,0,0.6,0,100,0,0.19128,0.053922,0.17474,0.056627,2,0,0.6,0,200,0,0,1,0,0.6,0,100
1225,12,225.6,225.73,15,1,180,0,1,0,0.1333,0,450.11,0,1,0,0.1333,0,450.11,0.12758,0.045068,0.12787,0.046799,0,2,0,0.1333,0,900.23,0,1,0,0.1333,0,450.11
1225,12,226,226.07,17,1,181,1,0,0.0666,0,900.9,0,1,0,0.0666,0,900.9,0,0.17368,0.049514,0.17368,0.049514,2,0,0.0666,0,1801.8,0,0,1,0,0.0666,0,900.9
1225,12,226.07,226.6,15,1,182,0,1,0,0.5333,0,112.51,0,1,0,0.5333,0,112.51,0.13142,0.033077,0.13151,0.032053,0,2,0,0.5333,0,225.01,0,1,0,0.5333,0,112.51
1225,12,226.6,226.63,17,1,183,1,0,0.0333,0,1801.8,0,1,0,0.0333,0,1801.8,0,0.16258,0.047789,0.16258,0.047789,2,0,0.0333,0,3603.6,0,0,1,0,0.0333,0,1801.8
1225,12,226.63,227.13,15,1,184,0,1,0,0.5,0,120,0,1,0,0.5,0,120,0.11715,0.034322,0.11683,0.034434,0,2,0,0.5,0,240,0,1,0,0.5,0,120
1225,12,227.27,227.43,17,1,185,1,0,0.1666,0,360.14,0,1,0,0.1666,0,360.14,0,0.1609,0.057704,0.1635,0.057739,2,0,0.1666,0,720.29,0,0,1,0,0.1666,0,360.14
1225,12,227.83,228.53,17,1,186,1,0,0.7,0,85.714,0,0,0.23805,0,0.16663,0,85.714,0.21068,0.052614,0.19824,0.051398,2,0,0.7,0,171.43,0,0,1,0,0.7,0,85.714
1225,12,228.57,228.63,15,1,187,0,1,0,0.0666,0,900.9,0,1,0,0.0666,0,900.9,0.13774,0.043624,0.13774,0.043624,0,2,0,0.0666,0,1801.8,0,1,0,0.0666,0,900.9
1225,12,228.73,228.93,3,1,188,0,1,0,0.2,0,300,0,0.8335,0,0.1667,0,300,0.2369,0.04602,0.2471,0.047067,0,2,0,0.2,0,600,0,1,0,0.2,0,300
1225,12,229.03,229.67,3,1,189,0,1,0,0.6333,0,94.742,0,1,0,0.6333,0,94.742,0.25008,0.036775,0.26953,0.0364,0,2,0,0.6333,0,189.48,0,1,0,0.6333,0,94.742
1225,12,229.73,229.77,17,1,190,1,0,0.0333,0,1801.8,0,1,0,0.0333,0,1801.8,0,0.19462,0.038583,0.19462,0.038583,2,0,0.0333,0,3603.6,0,0,1,0,0.0333,0,1801.8
1225,12,230.03,230.07,15,1,191,0,1,0,0.0333,0,1801.8,0,1,0,0.0333,0,1801.8,0.11479,0.029914,0.11479,0.029914,0,2,0,0.0333,0,3603.6,0,1,0,0.0333,0,1801.8
1225,12,230.13,230.17,15,1,192,0,1,0,0.0333,0,1801.8,0,1,0,0.0333,0,1801.8,0.11497,0.031379,0.11497,0.031379,0,2,0,0.0333,0,3603.6,0,1,0,0.0333,0,1801.8
1225,12,230.3,230.63,17,1,193,1,0,0.3333,0,180.02,0,1,0,0.3333,0,180.02,0,0.36343,0.043862,0.38464,0.044173,2,0,0.3333,0,360.04,0,0,1,0,0.3333,0,180.02
1225,12,230.63,230.73,15,1,194,0,1,0,0.1,0,600,0,1,0,0.1,0,600,0.13139,0.040316,0.13236,0.039948,0,2,0,0.1,0,1200,0,1,0,0.1,0,600
1225,12,291.87,292.1,15,2,195,0,1,0,0.2333,0,257.18,0,0.85712,0,0.19997,0,257.18,0.084068,0.032332,0.085807,0.031565,0,0,0,0,0,0,0,1,0,0.2333,0,257.18
1225,12,292.13,292.27,15,2,196,0,1,0,0.1333,0,450.11,0,0.99975,0,0.13327,0,450.11,0.078415,0.03476,0.078311,0.034833,0,0,0,0,0,0,0,1,0,0.1333,0,450.11
1225,12,333,333.03,15,2,197,0,1,0,0.0333,0,1801.8,0,1,0,0.0333,0,1801.8,0.054753,0.01916,0.054753,0.01916,0,1,0,0.0333,0,1801.8,0,2,0,0.0333,0,3603.6
1225,12,333.27,334.07,18,2,198,1,0,0.7999,0,75.009,0,0,1,0,0.7999,0,75.009,0.25575,0.026249,0.27058,0.02572,1.8334,0,0.73325,0,150.02,0,0,1.2083,0,0.48325,0,150.02
1225,12,335.13,335.23,1,2,199,0,1,0,0.1,0,600,0,1,0,0.1,0,600,0.15629,0.023148,0.15507,0.023163,0,2,0,0.1,0,1200,0,2,0,0.1,0,1200
1225,12,335.47,335.5,18,2,200,1,0,0.0333,0,1801.8,0,0,1,0,0.0333,0,1801.8,0,0,0,0,2,0,0.0333,0,3603.6,0,0,1,0,0.0333,0,1801.8
1225,12,341.3,341.83,14,2,201,0,1,0,0.5333,0,112.51,0,0.74998,0,0.19998,0,225.01,0.17114,0.035164,0.16354,0.035367,0,2,0,0.5333,0,225.01,0,2,0,0.5333,0,225.01
1225,12,356.2,356.63,14,2,202,0,1,0,0.21665,0,276.94,0,0.61536,0,0.13332,0,276.94,0.24233,0.049758,0.24028,0.050007,0,1.2307,0,0.26663,0,276.94,0,2,0,0.4333,0,276.94
1225,12,357.7,357.73,21,2,203,0,1,0,0.0333,0,1801.8,0,1,0,0.0333,0,1801.8,0.35663,0.023363,0.35663,0.023363,0,1,0,0.0333,0,1801.8,0,2,0,0.0333,0,3603.6
1225,12,358.07,358.1,14,2,204,0,1,0,0.0333,0,1801.8,0,1,0,0.0333,0,1801.8,0,0,0,0,0,2,0,0.0333,0,3603.6,0,2,0,0.0333,0,3603.6
1225,12,360.47,360.5,21,2,205,0,1,0,0.0333,0,1801.8,0,1,0,0.0333,0,1801.8,0,0,0,0,0,2,0,0.0333,0,3603.6,0,2,0,0.0333,0,3603.6
1225,12,361.13,361.23,14,2,206,0,1,0,0.1,0,600,0,1,0,0.1,0,600,0.20809,0.022295,0.20687,0.023148,0,2,0,0.1,0,1200,0,2,0,0.1,0,1200
1225,12,361.4,361.6,14,2,207,0,1,0,0.2,0,300,0,1,0,0.2,0,300,0.14095,0.027869,0.14765,0.027211,0,1.1667,0,0.11667,0,600,0,2,0,0.2,0,600
1225,12,362,362.23,14,2,208,0,1,0,0.2333,0,257.18,0,1,0,0.2333,0,257.18,0.33664,0.033872,0.33147,0.029218,0,2,0,0.2333,0,514.36,0,2,0,0.2333,0,514.36
1225,12,362.73,362.8,14,2,209,0,0,0,0,0,0,0,1,0,0.0667,0,899.55,0.30022,0.049525,0.30022,0.049525,0,2,0,0.0667,0,1799.1,0,2,0,0.0667,0,1799.1
1225,12,384.13,385.07,15,2,210,0.96425,0,0.89993,0,64.288,0,0.071431,0.67856,0.066667,0.31665,64.288,128.58,0.10759,0.021218,0.10305,0.021113,0,2,0,0.9333,0,128.58,0,0.99996,0,0.46663,0,128.58
1225,12,385.47,387.33,15,2,211,0.375,0.35716,0.69997,0.66667,32.144,32.144,0,0.91071,0,0.84997,0,64.288,0.098269,0.025967,0.098529,0.026871,0,2,0,1.8666,0,64.288,0,1,0,1.8666,0,32.144
1225,12,388.2,390.17,15,2,212,0,0.94915,0,1.8666,0,30.51,0,0.84749,0,0.55556,0,91.529,0.094704,0.027422,0.094427,0.027601,0,2,0,1.9666,0,61.019,0,1,0,1.9666,0,30.51
1225,12,390.9,392.2,15,2,213,0,1,0,1.3,0,46.154,0,0.94872,0,1.2333,0,46.154,0.098629,0.025686,0.093457,0.025791,0,2,0,1.3,0,92.308,0,1,0,1.3,0,46.154
1225,12,393.57,396.37,2,2,214,1,0,2.7999,0,21.429,0,0.80952,0,1.1333,0,42.859,0,0.3829,0.040016,0.34942,0.041484,2,0,2.7999,0,42.859,0,0,1,0,2.7999,0,21.429
1225,12,396.4,397.57,2,2,215,0.97148,0,1.1333,0,51.432,0,0.97148,0,1.1333,0,51.432,0,0.3323,0.030055,0.31696,0.028752,2,0,1.1666,0,102.86,0,0,1,0,1.1666,0,51.432
1225,12,399.73,399.8,15,2,216,0,1,0,0.0667,0,899.55,0,1,0,0.0667,0,899.55,0.33494,0.086977,0.33494,0.086977,0,1.4998,0,0.050017,0,1799.1,0,1,0,0.0667,0,899.55
1225,12,399.83,400.03,15,2,217,0,1,0,0.2,0,300,0,1,0,0.2,0,300,0.34391,0.070907,0.34391,0.070092,0,2,0,0.2,0,600,0,1,0,0.2,0,300
1225,12,400.77,400.87,15,2,218,0,1,0,0.0999,0,600.6,0,1,0,0.0999,0,600.6,0.21008,0.047659,0.21008,0.047659,0,2,0,0.0999,0,1201.2,0,1,0,0.0999,0,600.6
1225,12,400.9,401.07,15,2,219,0,1,0,0.1666,0,360.14,0,1,0,0.1666,0,360.14,0.20362,0.046512,0.20689,0.047674,0,2,0,0.1666,0,720.29,0,1,0,0.1666,0,360.14
1225,12,416.17,416.3,20,2,220,0,1,0,0.1333,0,450.11,0,1,0,0.1333,0,450.11,0.28132,0.060402,0.28135,0.058263,0,2,0,0.1333,0,900.23,0,1,0,0.1333,0,450.11
1225,12,416.43,416.63,15,2,221,0,1,0,0.2,0,300,0,1,0,0.2,0,300,0.082084,0.029546,0.082368,0.029673,0,2,0,0.2,0,600,0,1,0,0.2,0,300
1225,12,416.77,416.87,15,2,222,0,1,0,0.0999,0,600.6,0,1,0,0.0999,0,600.6,0.072321,0.028725,0.072321,0.028725,0,2,0,0.0999,0,1201.2,0,1,0,0.0999,0,600.6
1225,12,417.37,417.9,15,2,223,0,1,0,0.5333,0,112.51,0,1,0,0.5333,0,112.51,0.085163,0.028163,0.086224,0.027973,0,2,0,0.5333,0,225.01,0,1,0,0.5333,0,112.51
1225,12,417.9,417.97,20,2,224,0,1,0,0.0666,0,900.9,0,1,0,0.0666,0,900.9,0.28925,0.037909,0.28925,0.037909,0,2,0,0.0666,0,1801.8,0,1,0,0.0666,0,900.9
1225,12,426.27,428.13,17,2,225,0.46428,0.53572,0.86663,0.99997,32.144,32.144,0.41073,0.21428,0.76667,0.39997,32.144,32.144,0.26377,0.050373,0.2675,0.050491,1.3036,0.21429,1.2166,0.4,64.288,32.144,0,1,0,1.8666,0,32.144
1225,12,428.17,428.3,15,2,226,0,0,0,0,0,0,0,0,0,0,0,0,0.10541,0.030909,0.10729,0.031183,0,2,0,0.1333,0,900.23,0,1,0,0.1333,0,450.11
1225,12,428.37,428.4,15,2,227,0,0,0,0,0,0,0,0,0,0,0,0,0,0,0,0,0,2,0,0.0333,0,3603.6,0,1,0,0.0333,0,1801.8
1225,12,429.8,430.3,15,2,228,0,0.6,0,0.3,0,120,0,1,0,0.5,0,120,0.11556,0.030569,0.11754,0.030764,0,2,0,0.5,0,240,0,2,0,0.5,0,240
1225,12,430.47,431.2,17,2,229,1,0,0.7333,0,81.822,0,1,0,0.7333,0,81.822,0,0.15816,0.034462,0.15803,0.034421,2,0,0.7333,0,163.64,0,0,1.7727,0,0.43331,0,245.47
1225,12,431.57,431.8,17,2,230,1,0,0.2333,0,257.18,0,1,0,0.2333,0,257.18,0,0.13229,0.033967,0.13637,0.03348,2,0,0.2333,0,514.36,0,0,2,0,0.2333,0,514.36
1225,12,432.77,433.07,17,2,231,1,0,0.2999,0,200.07,0,1,0,0.2999,0,200.07,0,0.13831,0.034675,0.13945,0.034479,1.4445,0,0.2166,0,400.13,0,0,2,0,0.2999,0,400.13
1225,12,433.27,433.5,15,2,232,0,1,0,0.2333,0,257.18,0,1,0,0.2333,0,257.18,0.099136,0.032101,0.099951,0.031723,0,2,0,0.2333,0,514.36,0,2,0,0.2333,0,514.36
1225,12,433.67,434.77,15,2,233,0,1,0,1.0999,0,54.55,0,1,0,1.0999,0,54.55,0.092725,0.032013,0.092972,0.030659,0,2,0,1.0999,0,109.1,0,1.7879,0,0.65549,0,163.65
1225,12,434.9,435.63,17,2,234,1,0,0.7333,0,81.822,0,1,0,0.7333,0,81.822,0,0.1522,0.038818,0.15317,0.038533,1.7727,0,0.43331,0,245.47,0,0,2,0,0.7333,0,163.64
1225,12,435.8,436.37,17,2,235,1,0,0.5666,0,105.89,0,1,0,0.5666,0,105.89,0,0.15362,0.036416,0.15584,0.035528,2,0,0.5666,0,211.79,0,0,2,0,0.5666,0,211.79
1225,12,436.43,437.57,17,2,236,1,0,1.1333,0,52.943,0,1,0,1.1333,0,52.943,0,0.15947,0.039367,0.16765,0.03843,2,0,1.1333,0,105.89,0,0,1.2059,0,0.45556,0,158.83
1225,12,437.67,437.9,15,2,237,0,1,0,0.2333,0,257.18,0,1,0,0.2333,0,257.18,0.12713,0.034561,0.12634,0.034985,0,2,0,0.2333,0,514.36,0,1,0,0.2333,0,257.18
1225,12,438,438.3,15,2,238,0,1,0,0.3,0,200,0,1,0,0.3,0,200,0.12606,0.035629,0.12632,0.035502,0,2,0,0.3,0,400,0,1,0,0.3,0,200
1225,12,438.4,438.47,15,2,239,0,1,0,0.0666,0,900.9,0,1,0,0.0666,0,900.9,0.12566,0.037179,0.12566,0.037179,0,2,0,0.0666,0,1801.8,0,1,0,0.0666,0,900.9
1225,12,516.5,516.87,15,2,240,0,0.72722,0,0.2666,0,163.67,0,0.36352,0,0.13327,0,163.67,0.10697,0.02978,0.1109,0.028908,0,2,0,0.3666,0,327.33,0,1,0,0.3666,0,163.67
1225,12,532.03,532.33,17,2,241,0,1,0,0.3,0,200,0,1,0,0.3,0,200,0.083315,0.025325,0.085156,0.025256,2,0,0.3,0,400,0,0,1,0,0.3,0,200
1225,12,532.43,532.57,17,2,242,0,1,0,0.1333,0,450.11,0,1,0,0.1333,0,450.11,0.10233,0.032751,0.10417,0.032946,2,0,0.1333,0,900.23,0,0,1,0,0.1333,0,450.11
1225,12,532.7,532.9,15,2,243,0.83333,0,0.16667,0,300,0,1,0,0.2,0,300,0,0.10722,0.037856,0.1087,0.037616,0,1.6667,0,0.16667,0,600,0,1,0,0.2,0,300
1225,12,532.93,533.07,15,2,244,0,0,0,0,0,0,0.75044,0,0.10003,0,450.11,0,0.095942,0.035682,0.09568,0.03593,0,0,0,0,0,0,0,1,0,0.1333,0,450.11
1225,12,533.23,533.4,15,2,245,0,0.39992,0,0.066667,0,359.93,0,6.8198e-13,0,1.1369e-13,0,359.93,0.10678,0.031983,0.10664,0.032261,0,0,0,0,0,0,0,1,0,0.1667,0,359.93
1225,12,533.6,533.67,17,2,246,1,0,0.0666,0,900.9,0,0,1,0,0.0666,0,900.9,0.071525,0.028499,0.071525,0.028499,0,0,0,0,0,0,0,1,0,0.0666,0,900.9
1225,12,533.9,533.97,17,2,247,0,1,0,0.0666,0,900.9,0,1,0,0.0666,0,900.9,0.078955,0.029439,0.078955,0.029439,0,0,0,0,0,0,0,1,0,0.0666,0,900.9
1225,12,534.73,535,17,2,248,0,1,0,0.2667,0,224.97,0,1,0,0.2667,0,224.97,0.080356,0.031524,0.079959,0.032104,0,0,0,0,0,0,0,1,0,0.2667,0,224.97
1225,12,535.13,535.3,17,2,249,0,1,0,0.1667,0,359.93,0,1,0,0.1667,0,359.93,0.071963,0.025589,0.072689,0.02456,0,0,0,0,0,0,0,1.3999,0,0.11668,0,719.86
1225,12,535.63,535.77,17,2,250,0,1,0,0.1333,0,450.11,0,1,0,0.1333,0,450.11,0.082776,0.025006,0.082329,0.025095,0,0,0,0,0,0,0,1,0,0.1333,0,450.11
1225,12,535.77,535.83,14,2,251,0,1,0,0.0666,0,900.9,0,1,0,0.0666,0,900.9,0.1202,0.035818,0.1202,0.035818,0,0,0,0,0,0,0,1,0,0.0666,0,900.9
1225,12,535.83,536.4,17,2,252,0,1,0,0.5667,0,105.88,0,1,0,0.5667,0,105.88,0.090734,0.029473,0.089671,0.029953,0,0.70584,0,0.2,0,211.75,0,1,0,0.5667,0,105.88
1225,12,552.17,552.27,15,2,253,0,1,0,0.0999,0,600.6,0,1,0,0.0999,0,600.6,0.091595,0.028772,0.091595,0.028772,0,2,0,0.0999,0,1201.2,0,1,0,0.0999,0,600.6
1225,12,552.97,554.17,15,2,254,0,1,0,1.1999,0,50.004,0,1,0,1.1999,0,50.004,0.099732,0.027149,0.1002,0.026864,0,2,0,1.1999,0,100.01,0,1,0,1.1999,0,50.004
1225,12,586.57,586.6,23,2,255,0,1,0,0.0333,0,1801.8,0,1,0,0.0333,0,1801.8,0,0,0,0,0,2,0,0.0333,0,3603.6,0,1,0,0.0333,0,1801.8
1225,12,609.63,609.7,17,2,256,0,1,0,0.0667,0,899.55,0,0,0,0,0,899.55,0.13426,0.041223,0.13426,0.041223,0,2,0,0.0667,0,1799.1,0,1,0,0.0667,0,899.55
1225,12,617.13,617.3,15,2,257,0,1,0,0.1667,0,359.93,0,1,0,0.1667,0,359.93,0.10424,0.041259,0.10391,0.041102,0,2,0,0.1667,0,719.86,0,1,0,0.1667,0,359.93
1225,12,617.37,617.5,15,2,258,0,1,0,0.1333,0,450.11,0,0,0,0,0,0,0.1094,0.039932,0.11102,0.039775,0,2,0,0.1333,0,900.23,0,1,0,0.1333,0,450.11
1225,12,617.67,617.7,17,2,259,0,0,0,0,0,0,0,1,0,0.0333,0,1801.8,0,0,0,0,0,2,0,0.0333,0,3603.6,0,1,0,0.0333,0,1801.8
1225,12,618.33,618.73,17,2,260,0,0.58342,0,0.23337,0,150,0,1,0,0.4,0,150,0.070021,0.025818,0.070781,0.026044,0,2,0,0.4,0,300,0,1,0,0.4,0,150
1225,12,618.87,618.9,20,2,261,0,0,0,0,0,0,0,1,0,0.0333,0,1801.8,0,0,0,0,0,2,0,0.0333,0,3603.6,0,1,0,0.0333,0,1801.8
1225,12,618.9,619.1,17,2,262,0,0,0,0,0,0,0,1,0,0.2,0,300,0.079604,0.024749,0.080996,0.024909,0,2,0,0.2,0,600,0,1,0,0.2,0,300
1225,12,619.73,621.5,21,2,263,0.96225,0,1.7,0,33.962,0,0.64152,0.22641,0.56668,0.4,67.923,33.962,0.2661,0.036351,0.2654,0.035293,2,0,1.7667,0,67.923,0,0,1,0,1.7667,0,33.962
1225,12,623,623.87,21,2,264,1,0,0.8666,0,69.236,0,1,0,0.8666,0,69.236,0,0.35881,0.037098,0.36091,0.037224,2,0,0.8666,0,138.47,0,0,1,0,0.8666,0,69.236
1225,12,623.9,624.23,15,2,265,0,1,0,0.3333,0,180.02,0,1,0,0.3333,0,180.02,0.1093,0.038418,0.10896,0.039181,0,2,0,0.3333,0,360.04,0,1,0,0.3333,0,180.02
1225,12,624.27,624.3,15,2,266,0,1,0,0.0333,0,1801.8,0,0,0,0,0,0,0,0,0,0,0,2,0,0.0333,0,3603.6,0,1,0,0.0333,0,1801.8
1225,12,624.87,626.2,21,2,267,0.9,0,1.2,0,45.001,0,0.77502,0,1.0333,0,45.001,0,0.21926,0.045572,0.21827,0.044354,2,0,1.3333,0,90.002,0,0,1,0,1.3333,0,45.001
1225,12,626.53,626.6,15,2,268,0,0,0,0,0,0,0,0.49975,0,0.033333,0,899.55,0.099395,0.032927,0.099395,0.032927,0,2,0,0.0667,0,1799.1,0,1,0,0.0667,0,899.55
1225,12,627.57,627.7,17,2,269,0,1,0,0.1333,0,450.11,0,1,0,0.1333,0,450.11,0.085009,0.033095,0.085723,0.032518,0,2,0,0.1333,0,900.23,0,1,0,0.1333,0,450.11
1225,12,629.33,629.43,15,2,270,0,1,0,0.1,0,600,0,1,0,0.1,0,600,0.092491,0.031878,0.092383,0.031941,0,2,0,0.1,0,1200,0,1,0,0.1,0,600
1225,12,629.63,629.83,15,2,271,0,1,0,0.2,0,300,0,1,0,0.2,0,300,0.087325,0.03122,0.087251,0.031361,0,2,0,0.2,0,600,0,1,0,0.2,0,300
1225,12,630.13,630.5,15,2,272,0,1,0,0.3667,0,163.62,0,1,0,0.3667,0,163.62,0.090784,0.030774,0.091322,0.030913,0,2,0,0.3667,0,327.24,0,1,0,0.3667,0,163.62
1225,12,630.83,631.07,15,2,273,0,0.85741,0,0.20003,0,257.18,0,1,0,0.11665,0,514.36,0.10391,0.029458,0.10656,0.029328,0,2,0,0.2333,0,514.36,0,1,0,0.2333,0,257.18
1225,12,631.53,632,21,2,274,1,0,0.4667,0,128.56,0,1,0,0.4667,0,128.56,0,0.18171,0.043385,0.19043,0.04173,2,0,0.4667,0,257.12,0,0,1,0,0.4667,0,128.56
1225,12,632,632.13,15,2,275,0,1,0,0.1333,0,450.11,0,1,0,0.1333,0,450.11,0.093477,0.045602,0.092751,0.046367,0,2,0,0.1333,0,900.23,0,1,0,0.1333,0,450.11
1225,12,632.37,632.8,21,2,276,1,0,0.4333,0,138.47,0,1,0,0.4333,0,138.47,0,0.31049,0.055302,0.29483,0.055883,2,0,0.4333,0,276.94,0,0,1,0,0.4333,0,138.47
1225,12,633.4,634.5,15,2,277,0,1,0,1.1,0,54.545,0,1,0,1.1,0,54.545,0.10434,0.032237,0.10293,0.031561,0,2,0,1.1,0,109.09,0,1,0,1.1,0,54.545
1225,12,634.67,634.87,21,2,278,1,0,0.1999,0,300.15,0,1,0,0.1999,0,300.15,0,0.2031,0.043313,0.2065,0.043677,1.3333,0,0.13327,0,600.3,0,0,1,0,0.1999,0,300.15
1225,12,634.87,635.1,15,2,279,0,1,0,0.2333,0,257.18,0,1,0,0.2333,0,257.18,0.085286,0.026914,0.085202,0.025922,0,1.1429,0,0.13332,0,514.36,0,1.1429,0,0.13332,0,514.36
1225,12,635.23,635.27,14,2,280,0,1,0,0.0333,0,1801.8,0,1,0,0.0333,0,1801.8,0.20078,0.036636,0.20078,0.036636,0,1,0,0.0333,0,1801.8,0,2,0,0.0333,0,3603.6
1225,12,635.47,635.73,15,2,281,0,0.62503,0,0.16663,0,225.06,0,0.37497,0,0.099967,0,225.06,0.079487,0,0.080742,0,0,1.4999,0,0.13329,0,675.17,0,2,0,0.2666,0,450.11
1225,12,635.73,635.77,14,2,282,0,1,0,0.0333,0,1801.8,0,1,0,0.0333,0,1801.8,0.11953,0.072734,0.11953,0.072734,0,2,0,0.0333,0,3603.6,0,2,0,0.0333,0,3603.6
1225,12,635.77,636.07,15,2,283,0,1,0,0.2999,0,200.07,0,1,0,0.2999,0,200.07,0.073523,0.025475,0.071777,0.025475,0,2,0,0.2999,0,400.13,0,2,0,0.2999,0,400.13
1225,12,636.13,636.23,15,2,284,0,1,0,0.1,0,600,0,1,0,0.1,0,600,0.10034,0.039963,0.096823,0.040094,0,2,0,0.1,0,1200,0,2,0,0.1,0,1200
1225,12,636.23,636.3,14,2,285,0,1,0,0.0667,0,899.55,0,1,0,0.0667,0,899.55,0.17795,0.063408,0.17795,0.063408,0,2,0,0.0667,0,1799.1,0,2,0,0.0667,0,1799.1
1225,12,636.3,636.57,15,2,286,0,1,0,0.2666,0,225.06,0,1,0,0.2666,0,225.06,0.15663,0.048797,0.14053,0.048698,0,2,0,0.2666,0,450.11,0,2,0,0.2666,0,450.11
1225,12,636.67,636.7,21,2,287,0,1,0,0.0333,0,1801.8,0,1,0,0.0333,0,1801.8,0,0,0,0,2,0,0.0333,0,3603.6,0,0,2,0,0.0333,0,3603.6
1225,12,639.07,639.1,20,2,288,0,1,0,0.0333,0,1801.8,0,1,0,0.0333,0,1801.8,0,0,0,0,0,2,0,0.0333,0,3603.6,0,2,0,0.0333,0,3603.6
1225,12,639.2,639.53,15,2,289,0,1,0,0.3333,0,180.02,0,1,0,0.3333,0,180.02,0.10525,0.025004,0.10473,0.024246,0,2,0,0.3333,0,360.04,0,2,0,0.3333,0,360.04
1225,12,639.93,639.97,19,2,290,0,1,0,0.0333,0,1801.8,0,1,0,0.0333,0,1801.8,0.17979,0.073171,0.17979,0.073171,0,2,0,0.0333,0,3603.6,0,2,0,0.0333,0,3603.6
1225,12,641.17,641.2,15,2,291,0,1,0,0.0333,0,1801.8,0,1,0,0.0333,0,1801.8,0,0,0,0,0,2,0,0.0333,0,3603.6,0,2,0,0.0333,0,3603.6
1225,12,641.4,641.47,15,2,292,0,1,0,0.0666,0,900.9,0,1,0,0.0666,0,900.9,0.10038,0.052078,0.10038,0.052078,0,2,0,0.0666,0,1801.8,0,2,0,0.0666,0,1801.8
1225,12,641.6,641.63,15,2,293,0,1,0,0.0333,0,1801.8,0,1,0,0.0333,0,1801.8,0.10372,0.024046,0.10372,0.024046,0,2,0,0.0333,0,3603.6,0,2,0,0.0333,0,3603.6
1225,12,641.67,641.73,15,2,294,0,1,0,0.0666,0,900.9,0,1,0,0.0666,0,900.9,0.098395,0.041089,0.098395,0.041089,0,2,0,0.0666,0,1801.8,0,2,0,0.0666,0,1801.8
1225,12,641.77,641.8,15,2,295,0,1,0,0.0333,0,1801.8,0,1,0,0.0333,0,1801.8,0,0,0,0,0,2,0,0.0333,0,3603.6,0,2,0,0.0333,0,3603.6
1226,12,33.067,33.267,9,1,1,0,1,0,0.1999,0,300.15,0,1,0,0.1999,0,300.15,0.062143,0,0.062207,0,0,2,0,0.1999,0,600.3,0,1,0,0.1999,0,300.15
1226,12,36.367,36.5,1,1,2,1,0,0.1333,0,450.11,0,0,1,0,0.1333,0,450.11,0.098354,0.035582,0.097969,0.035721,0,1,0,0.1333,0,450.11,0,1,0,0.1333,0,450.11
1226,12,36.633,36.667,1,1,3,1,0,0.0333,0,1801.8,0,0,1,0,0.0333,0,1801.8,0.10139,0.0374,0.10139,0.0374,0,1,0,0.0333,0,1801.8,0,1,0,0.0333,0,1801.8
1226,12,37.067,37.233,1,1,4,0,0.80012,0,0.1333,0,360.14,0,1,0,0.1666,0,360.14,0.12856,0.044885,0.12812,0.044636,0,0,0,0,0,0,0,1.6,0,0.13328,0,720.29
1226,12,37.433,37.467,21,1,5,1,0,0.0333,0,1801.8,0,0,1,0,0.0333,0,1801.8,0.12733,0.057745,0.12733,0.057745,0,0,0,0,0,0,0,1,0,0.0333,0,1801.8
1226,12,37.5,37.633,21,1,6,1,0,0.1333,0,450.11,0,0,1,0,0.1333,0,450.11,0.13046,0.05411,0.13118,0.053883,0,0,0,0,0,0,0,1,0,0.1333,0,450.11
1226,12,37.667,37.7,21,1,7,1,0,0.0333,0,1801.8,0,0,1,0,0.0333,0,1801.8,0,0,0,0,0,0,0,0,0,0,0,1,0,0.0333,0,1801.8
1226,12,37.733,37.833,21,1,8,1,0,0.1,0,600,0,0,1,0,0.1,0,600,0.1114,0.056822,0.111,0.055118,0.66633,0,0.066633,0,600,0,0,1,0,0.1,0,600
1226,12,39.6,39.733,4,1,9,0,1,0,0.1333,0,450.11,0,1,0,0.1333,0,450.11,0.10698,0.040491,0.10819,0.040476,0,1,0,0.1333,0,450.11,0,1,0,0.1333,0,450.11
1226,12,41.633,41.8,1,1,10,0,1,0,0.1667,0,359.93,0,1,0,0.1667,0,359.93,0.091632,0.029822,0.09224,0.029138,0,1,0,0.1667,0,359.93,0,1,0,0.1667,0,359.93
1226,12,41.833,42.067,21,1,11,1,0,0.2333,0,257.18,0,0,1,0,0.2333,0,257.18,0.13054,0.0335,0.12432,0.032484,1,0,0.2333,0,257.18,0,0,1,0,0.2333,0,257.18
1226,12,42.567,42.633,21,1,12,1,0,0.0666,0,900.9,0,0,1,0,0.0666,0,900.9,0.22513,0.02694,0.22513,0.02694,1,0,0.0666,0,900.9,0,0,1,0,0.0666,0,900.9
1226,12,42.7,43.367,21,1,13,0.65007,0.19992,0.43333,0.13327,90.009,90.009,0,1,0,0.6666,0,90.009,0.22583,0.033401,0.23199,0.033815,1,0,0.6666,0,90.009,0,0,1.2499,0,0.4166,0,180.02
1226,12,44.167,44.2,15,1,14,0,1,0,0.0333,0,1801.8,0,0,0,0,0,0,0,0,0,0,0,1,0,0.0333,0,1801.8,0,1,0,0.0333,0,1801.8
1226,12,46.633,46.867,15,1,15,0,1,0,0.2333,0,257.18,0,0,0,0,0,0,0.12353,0.033079,0.1234,0.032355,0,1,0,0.2333,0,257.18,0,1,0,0.2333,0,257.18
1226,12,46.967,47.667,21,1,16,0,0.38091,0,0.2666,0,85.727,0,1,0,0.6999,0,85.727,0.20077,0.04618,0.20193,0.041859,1,0,0.6999,0,85.727,0,0,1.0475,0,0.36658,0,171.45
1226,12,48.233,48.367,21,1,17,0.49962,0.00025006,0.0666,3.3333e-05,450.11,450.11,1,0,0.1333,0,450.11,0,0.095473,0.056168,0.095337,0.056082,1,0,0.1333,0,450.11,0,0,2,0,0.1333,0,900.23
1226,12,48.733,49.067,21,1,18,0.20012,0,0.0667,0,180.02,0,1,0,0.3333,0,180.02,0,0.14082,0.035062,0.14379,0.034384,0,0,0,0,0,0,0,2,0,0.3333,0,360.04
1226,12,49.733,49.767,4,1,19,1,0,0.0333,0,1801.8,0,0,1,0,0.0333,0,1801.8,0.10336,0.04297,0.10336,0.04297,0,0,0,0,0,0,0,1,0,0.0333,0,1801.8
1226,12,49.933,50.067,4,1,20,0.00025006,0,3.3333e-05,0,450.11,0,0,1,0,0.1333,0,450.11,0.10957,0.051999,0.10969,0.051322,0,0,0,0,0,0,0,1,0,0.1333,0,450.11
1226,12,52.3,52.733,15,1,21,0,0.69228,0,0.14998,0,276.94,0,0.76921,0,0.16665,0,276.94,0.15742,0.075657,0.15891,0.076172,0,1,0,0.4333,0,138.47,0,1.1539,0,0.24998,0,276.94
1226,12,53.033,53.367,9,1,22,0,0.69997,0,0.11665,0,360.04,0,0,0,0,0,0,0.1557,0.053522,0.15897,0.051907,1,0,0.3333,0,180.02,0,0,1,0,0.3333,0,180.02
1226,12,54.433,54.733,4,1,23,0,0.55544,0,0.16663,0,200,0,0.77789,0,0.23337,0,200,0.093799,0.035491,0.093633,0.035631,0,1,0,0.3,0,200,0,1,0,0.3,0,200
1226,12,55.233,55.267,15,1,24,0,1,0,0.0333,0,1801.8,0,1,0,0.0333,0,1801.8,0.08583,0.036366,0.08583,0.036366,0,1,0,0.0333,0,1801.8,0,1,0,0.0333,0,1801.8
1226,12,55.867,56.133,15,1,25,0,0.62491,0,0.0833,0,450.11,0,1,0,0.2666,0,225.06,0.09562,0.029605,0.096377,0.029035,0,1,0,0.2666,0,225.06,0,1,0,0.2666,0,225.06
1226,12,56.467,58.767,9,1,26,0.79712,0.1594,1.8333,0.3666,26.088,26.088,1,0,2.2999,0,26.088,0,0.18047,0.039547,0.15345,0.038252,0.88408,0,2.0333,0,26.088,0,0.49275,1,1.1333,2.2999,26.088,26.088
1226,12,59.2,59.267,15,1,27,0,1,0,0.0666,0,900.9,0,1,0,0.0666,0,900.9,0.11675,0.039461,0.11675,0.039461,0,0,0,0,0,0,0,2,0,0.0666,0,1801.8
1226,12,60.033,60.733,15,1,28,0,0.85719,0,0.30002,0,171.43,0,1,0,0.7,0,85.714,0.10754,0.03897,0.10732,0.038702,0,0,0,0,0,0,0,2,0,0.46667,0,257.14
1226,12,61.467,61.7,18,1,29,0,1,0,0.2333,0,257.18,0,1,0,0.2333,0,257.18,0.13258,0.064736,0.13404,0.06482,0,1,0,0.2333,0,257.18,0,2,0,0.2333,0,514.36
1226,12,62.3,62.467,18,1,30,0,1,0,0.1666,0,360.14,0,1,0,0.1666,0,360.14,0.16372,0.082339,0.16108,0.083382,0,1.5998,0,0.13327,0,720.29,0,1,0,0.1666,0,360.14
1226,12,62.467,62.533,19,1,31,1,0,0.0666,0,900.9,0,0,1,0,0.0666,0,900.9,0.11802,0.07542,0.11802,0.07542,1,1,0.0666,0.0666,900.9,900.9,0,1,0,0.0666,0,900.9
1226,12,62.533,62.767,18,1,32,0,1,0,0.2333,0,257.18,0,1,0,0.2333,0,257.18,0.19579,0.084392,0.19668,0.085177,0,2,0,0.2333,0,514.36,0,1,0,0.2333,0,257.18
1226,12,62.867,62.967,19,1,33,1,0,0.0999,0,600.6,0,0,1,0,0.0999,0,600.6,0.1627,0.077719,0.1627,0.077719,1,1,0.0999,0.0999,600.6,600.6,0,1,0,0.0999,0,600.6
1226,12,63,63.767,19,1,34,1,0,0.7666,0,78.268,0,0,1,0,0.7666,0,78.268,0.22421,0.051263,0.2243,0.050665,1,0.60875,0.7666,0.46667,78.268,78.268,0,1,0,0.3833,0,156.54
1226,12,63.833,64.233,15,1,35,0,0.58333,0,0.11667,0,300,0,1,0,0.2,0,300,0.089663,0.034577,0.090169,0.034174,0,1,0,0.4,0,150,0,1.5,0,0.3,0,300
1226,12,65.133,65.4,15,1,36,0,1,0,0.2667,0,224.97,0,1,0,0.2667,0,224.97,0.076797,0.026108,0.077095,0.02582,0,1,0,0.2667,0,224.97,0,1,0,0.2667,0,224.97
1226,12,65.667,65.8,21,1,37,0,1,0,0.1333,0,450.11,0,1,0,0.1333,0,450.11,0.096822,0.031058,0.096178,0.030872,0,1,0,0.1333,0,450.11,1,1,0.1333,0.1333,450.11,450.11
1226,12,66.5,66.567,21,1,38,0,0,0,0,0,0,0,1,0,0.0666,0,900.9,0.10915,0.040973,0.10915,0.040973,0,0,0,0,0,0,1,1,0.0666,0.0666,900.9,900.9
1226,12,67.033,67.1,21,1,39,0,0,0,0,0,0,0,1,0,0.0667,0,899.55,0.12158,0.040427,0.12158,0.040427,0,0,0,0,0,0,1,1,0.0667,0.0667,899.55,899.55
1226,12,69.4,69.5,15,1,40,0,1,0,0.1,0,600,0,1,0,0.1,0,600,0.099221,0.046396,0.099616,0.046139,0,0,0,0,0,0,0,2,0,0.1,0,1200
1226,12,69.733,69.833,19,1,41,1,0,0.1,0,600,0,0,0,0,0,0,0,0.13222,0.065818,0.12988,0.065929,0,0,0,0,0,0,1,1,0.1,0.1,600,600
1226,12,70.133,70.3,4,1,42,0,1,0,0.1667,0,359.93,0,0.79984,0,0.13333,0,359.93,0.082391,0.045304,0.082292,0.044163,0,0,0,0,0,0,0,2,0,0.1667,0,719.86
1226,12,70.5,70.8,19,1,43,1,0,0.3,0,200,0,0,0,0,0,0,200,0.11562,0.033785,0.11362,0.030948,0,0,0,0,0,0,1,1,0.3,0.3,200,200
1226,12,71.6,71.733,19,1,44,1,0,0.1333,0,450.11,0,0,0,0,0,0,0,0.096343,0.056195,0.095664,0.055723,0,0,0,0,0,0,1,1,0.1333,0.1333,450.11,450.11
1226,12,72.133,72.333,19,1,45,0.16683,0.33317,0.033367,0.066633,300,300,1,0,0.2,0,300,0,0.11472,0.044879,0.11686,0.040009,0,0,0,0,0,0,1,1,0.2,0.2,300,300
1226,12,74.833,77.7,4,1,46,0.91861,0,2.6334,0,20.93,0,0.32558,0.65117,0.93333,1.8667,20.93,20.93,0.24792,0.036161,0.21061,0.03578,1.3488,0,1.9333,0,41.86,0,0,1,0,2.8667,0,20.93
1226,12,78.2,79.3,21,1,47,0,0.87879,0,0.48333,0,109.09,0,1,0,1.1,0,54.545,0.097279,0.031173,0.10104,0.029742,0,0.63636,0,0.7,0,54.545,1,1,1.1,1.1,54.545,54.545
1226,12,79.833,80.067,18,1,48,1,0,0.2333,0,257.18,0,0,1,0,0.2333,0,257.18,0.11515,0.040743,0.11745,0.040859,0,0,0,0,0,0,0,2,0,0.2333,0,514.36
1226,12,80.467,80.567,19,1,49,0,1,0,0.0999,0,600.6,0,0,0,0,0,0,0.17337,0.055999,0.17337,0.055999,0,0,0,0,0,0,0,2,0,0.0999,0,1201.2
1226,12,80.633,80.967,18,1,50,0,0.89989,0,0.29993,0,180.02,0,0.69987,0,0.23327,0,180.02,0.21518,0.062014,0.22001,0.062415,0,0,0,0,0,0,0,2,0,0.3333,0,360.04
1226,12,81.1,81.833,18,1,51,0,1,0,0.7333,0,81.822,0,0.54548,0,0.4,0,81.822,0.18851,0.049174,0.19292,0.049209,1,0,0.7333,0,81.822,0,0,1,0,0.7333,0,81.822
1226,12,84.467,86,3,1,52,1,0,1.5333,0,39.131,0,0,0.15216,0,0.2333,0,39.131,0.16659,0.045595,0.14598,0.043583,0.56523,0,0.86667,0,39.131,0,0,1.0652,0,0.81663,0,78.263
1226,12,86.033,87.567,3,1,53,1,0,1.5333,0,39.131,0,0.26088,0.26083,0.4,0.39993,39.131,39.131,0.26347,0.04961,0.26914,0.052176,1,0,1.5333,0,39.131,0,0,1.1522,0,0.88332,0,78.263
1226,12,87.567,87.6,20,1,54,0,1,0,0.0333,0,1801.8,0,1,0,0.0333,0,1801.8,0,0,0,0,0,1,0,0.0333,0,1801.8,0,1,0,0.0333,0,1801.8
1226,12,87.6,87.633,3,1,55,1,0,0.0333,0,1801.8,0,0,1,0,0.0333,0,1801.8,0.26104,0.033892,0.26104,0.033892,1,0,0.0333,0,1801.8,0,0,1,0,0.0333,0,1801.8
1226,12,87.633,87.667,16,1,56,0,1,0,0.0333,0,1801.8,0,1,0,0.0333,0,1801.8,0.28428,0.078234,0.28428,0.078234,0,1,0,0.0333,0,1801.8,0,1,0,0.0333,0,1801.8
1226,12,87.7,91.4,3,1,57,0.22523,0.74775,0.83333,2.7667,16.216,16.216,0,0.81081,0,1.5,0,32.432,0.29258,0.037114,0.27832,0.036383,1.6757,0,3.1,0,32.432,0,0,1,0,3.7,0,16.216
1226,12,91.4,91.433,16,1,58,0,1,0,0.0333,0,1801.8,0,0,0,0,0,0,0.62084,0.096369,0.62084,0.096369,0,1,0,0.0333,0,1801.8,0,1,0,0.0333,0,1801.8
1226,12,91.433,91.6,3,1,59,0,1,0,0.1667,0,359.93,0,0,0,0,0,0,0.37816,0.066199,0.39585,0.062195,1,0,0.1667,0,359.93,0,0,1,0,0.1667,0,359.93
1226,12,91.633,91.767,16,1,60,0,0.75044,0,0.10003,0,450.11,0,0.74969,0,0.099933,0,450.11,0.15741,0.040913,0.16317,0.039763,0,1,0,0.1333,0,450.11,0,1,0,0.1333,0,450.11
1226,12,96.667,98.367,19,1,61,1,0,1.6999,0,35.296,0,0,0.64704,0,0.54995,0,70.592,0.21989,0.04302,0.18826,0.045673,1.6471,0,1.3999,0,70.592,0,0,1,0,1.6999,0,35.296
1226,12,98.433,100.27,18,1,62,0.12728,0.81821,0.23333,1.5,32.728,32.728,0,0.65454,0,0.59998,0,65.456,0.14311,0.041819,0.14323,0.040762,0,1.8364,0,1.6833,0,65.456,0,1,0,1.8333,0,32.728
1226,12,100.53,100.8,18,1,63,0,1,0,0.2667,0,224.97,0,0.75003,0,0.10002,0,449.94,0.11843,0.034973,0.11881,0.033662,0,1,0,0.2667,0,224.97,0,1,0,0.2667,0,224.97
1226,12,101.63,101.93,18,1,64,0,0.77789,0,0.23337,0,200,0,0.77789,0,0.23337,0,200,0.11138,0.045568,0.11149,0.045533,0,1,0,0.3,0,200,0,1,0,0.3,0,200
1226,12,102.67,102.97,18,1,65,0,1,0,0.2999,0,200.07,0.22207,0,0.0666,0,200.07,0,0.11582,0.033691,0.1179,0.033217,0,0,0,0,0,0,0,1.4446,0,0.21662,0,400.13
1226,12,103,103.07,18,1,66,0,1,0,0.0666,0,900.9,1,0,0.0666,0,900.9,0,0.089521,0.032897,0.089521,0.032897,0,0,0,0,0,0,0,1,0,0.0666,0,900.9
1226,12,103.17,103.2,15,1,67,0,1,0,0.0333,0,1801.8,0,1,0,0.0333,0,1801.8,0,0,0,0,0,0,0,0,0,0,0,1,0,0.0333,0,1801.8
1226,12,103.47,105.27,23,1,68,1,0,1.7999,0,33.335,0,0.59261,0.3148,1.0666,0.2833,33.335,66.67,0.22141,0.034671,0.22679,0.033849,0,0,0,0,0,0,0.48149,1,0.43332,1.7999,66.67,33.335
1226,12,105.3,106.37,23,1,69,1,0,1.0666,0,56.254,0,0,0.90624,0,0.4833,0,112.51,0.2689,0.045055,0.26947,0.042898,0.46872,0,0.49993,0,56.254,0,0,1.4687,0,0.52218,0,168.76
1226,12,106.43,107.27,23,1,70,0.44006,0.47994,0.3667,0.39993,72.003,72.003,0,1,0,0.8333,0,72.003,0.22147,0.054714,0.22352,0.056097,0.40006,0,0.33337,0,72.003,0,0,1.2799,0,0.53328,0,144.01
1226,12,107.3,107.57,23,1,71,0,1,0,0.2666,0,225.06,0,1,0,0.2666,0,225.06,0.1681,0.040009,0.16628,0.041396,0,0,0,0,0,0,0,2,0,0.2666,0,450.11
1226,12,107.6,108.2,23,1,72,0,1,0,0.6,0,100,0,1,0,0.6,0,100,0.19675,0.045043,0.19557,0.045108,0,0,0,0,0,0,0,1.1111,0,0.33333,0,200
1226,12,108.37,109.17,23,1,73,0,1,0,0.7999,0,75.009,0,1,0,0.7999,0,75.009,0.17331,0.031961,0.17445,0.028975,0,0,0,0,0,0,0,1,0,0.7999,0,75.009
1226,12,111.07,112.23,23,1,74,0,1,0,1.1666,0,51.432,0.14284,0.42857,0.16663,0.49997,51.432,51.432,0.22414,0.046086,0.22081,0.048921,0,0,0,0,0,0,0,1,0,1.1666,0,51.432
1226,12,112.27,112.4,23,1,75,0,0.25006,0,0.033333,0,450.11,0.49987,0,0.066633,0,450.11,0,0.16239,0.049262,0.16206,0.047179,0,0,0,0,0,0,0,2,0,0.1333,0,900.23
1226,12,112.43,113.17,23,1,76,0,1,0,0.7333,0,81.822,0,0.40902,0,0.29993,0,81.822,0.12471,0.0367,0.12557,0.035321,0,0,0,0,0,0,0,1.2273,0,0.45,0,163.64
1226,12,114.67,116.33,15,1,77,1,0,1.6666,0,36.001,0,0,1,0,1.6666,0,36.001,0.14982,0.036454,0.14557,0.035873,0,0,0,0,0,0,1,1,1.6666,1.6666,36.001,36.001
1226,12,116.5,116.77,15,1,78,1,0,0.2666,0,225.06,0,0,1,0,0.2666,0,225.06,0.16032,0.042889,0.16006,0.043087,0,0,0,0,0,0,1,1,0.2666,0.2666,225.06,225.06
1226,12,117.07,117.4,15,1,79,1,0,0.3333,0,180.02,0,0,0.79998,0,0.13332,0,360.04,0.12916,0.028235,0.12762,0.028116,0,0,0,0,0,0,0.89999,1,0.29997,0.3333,180.02,180.02
1226,12,130.9,131.77,15,1,80,0,1,0,0.8666,0,69.236,0,1,0,0.8666,0,69.236,0.23757,0.047218,0.24052,0.050814,1,0,0.8666,0,69.236,0,0,1,0,0.8666,0,69.236
1226,12,132.3,132.5,23,1,81,0,1,0,0.2,0,300,0,1,0,0.2,0,300,0.14183,0.044134,0.13987,0.043357,0,1,0,0.2,0,300,0,2,0,0.2,0,600
1226,12,132.6,132.93,15,1,82,0,0.69997,0,0.2333,0,180.02,0,1,0,0.3333,0,180.02,0.22305,0.055407,0.22449,0.055595,1,1,0.3333,0.3333,180.02,180.02,0,2,0,0.3333,0,360.04
1226,12,133.03,133.33,15,1,83,0,1,0,0.3,0,200,0,1,0,0.3,0,200,0.19992,0.055748,0.20033,0.054601,1,1,0.3,0.3,200,200,0,2,0,0.3,0,400
1226,12,133.97,135.33,15,1,84,0,0.87807,0,1.2,0,43.905,0,1,0,1.3666,0,43.905,0.21862,0.050293,0.21675,0.049699,1,1,1.3666,1.3666,43.905,43.905,0,1.6829,0,1.1499,0,87.809
1226,12,135.4,135.43,23,1,85,0,1,0,0.0333,0,1801.8,0,1,0,0.0333,0,1801.8,0.17094,0.03883,0.17094,0.03883,0,2,0,0.0333,0,3603.6,0,1,0,0.0333,0,1801.8
1226,12,135.43,135.47,3,1,86,1,0,0.0333,0,1801.8,0,0,1,0,0.0333,0,1801.8,0.11229,0.031321,0.11229,0.031321,0,2,0,0.0333,0,3603.6,0,1,0,0.0333,0,1801.8
1226,12,135.47,135.5,23,1,87,0,1,0,0.0333,0,1801.8,0,1,0,0.0333,0,1801.8,0,0,0,0,0,2,0,0.0333,0,3603.6,0,1,0,0.0333,0,1801.8
1226,12,135.53,135.97,23,1,88,0,1,0,0.4333,0,138.47,0,1,0,0.4333,0,138.47,0.22059,0.050704,0.22559,0.052479,0,1.7694,0,0.38333,0,276.94,0,1.8461,0,0.39995,0,276.94
1226,12,135.97,136,3,1,89,1,0,0.0333,0,1801.8,0,0,1,0,0.0333,0,1801.8,0,0,0,0,0,1,0,0.0333,0,1801.8,0,2,0,0.0333,0,3603.6
1226,12,136,136.63,23,1,90,0,0.89473,0,0.28332,0,189.48,0,1,0,0.6333,0,94.742,0.22386,0.051114,0.2246,0.050591,0,1.5263,0,0.4833,0,189.48,0,2,0,0.6333,0,189.48
1226,12,136.73,137.1,23,1,91,0,0.6364,0,0.11668,0,327.24,0,1,0,0.3667,0,163.62,0.24648,0.052369,0.25076,0.051671,0,2,0,0.3667,0,327.24,0,2,0,0.3667,0,327.24
1226,12,137.13,138.6,23,1,92,0,0.84091,0,1.2334,0,40.908,0,1,0,1.4667,0,40.908,0.27487,0.048601,0.27555,0.04649,0,2,0,1.4667,0,81.816,0,1.5682,0,0.57502,0,163.63
1226,12,138.6,138.63,15,1,93,0,0,0,0,0,0,0,1,0,0.0333,0,1801.8,0.20959,0.04482,0.20959,0.04482,1,1,0.0333,0.0333,1801.8,1801.8,0,1,0,0.0333,0,1801.8
1226,12,138.67,140.83,15,1,94,0.78464,0,1.7,0,27.693,0,0,1,0,2.1666,0,27.693,0.4504,0.060227,0.4732,0.057113,1.4923,0.16922,1.6166,0.36663,55.386,27.693,0,1.2,0,1.3,0,55.386
1226,12,140.9,141.07,15,1,95,0,1,0,0.1666,0,360.14,0,1,0,0.1666,0,360.14,0.3155,0.044387,0.2914,0.042761,1,0,0.1666,0,360.14,0,0,1,0,0.1666,0,360.14
1226,12,141.07,141.33,23,1,96,0,1,0,0.2666,0,225.06,0,1,0,0.2666,0,225.06,0.22308,0.065554,0.22087,0.066674,0,1,0,0.2666,0,225.06,0,1,0,0.2666,0,225.06
1226,12,141.47,141.5,23,1,97,0,1,0,0.0333,0,1801.8,0,1,0,0.0333,0,1801.8,0,0,0,0,0,1,0,0.0333,0,1801.8,0,1,0,0.0333,0,1801.8
1226,12,142.13,142.5,23,1,98,0,1,0,0.3667,0,163.62,0,0.18189,0,0.0667,0,163.62,0.20515,0.06856,0.21146,0.067093,0,1,0,0.3667,0,163.62,0,1.091,0,0.20003,0,327.24
1226,12,142.63,142.7,23,1,99,0,1,0,0.0667,0,899.55,0,0,0,0,0,0,0.16194,0.045919,0.16194,0.045919,0,1,0,0.0667,0,899.55,0,1,0,0.0667,0,899.55
1226,12,142.8,142.9,15,1,100,0,1,0,0.1,0,600,0,1,0,0.1,0,600,0.18315,0.065653,0.18318,0.067224,1,0,0.1,0,600,0,0,1,0,0.1,0,600
1226,12,143.7,143.77,15,1,101,1,0,0.0666,0,900.9,0,0,1,0,0.0666,0,900.9,0.21068,0.065845,0.21068,0.065845,1,0,0.0666,0,900.9,0,0,1,0,0.0666,0,900.9
1226,12,144.03,144.07,15,1,102,0,0,0,0,0,0,0,1,0,0.0333,0,1801.8,0.20676,0.047277,0.20676,0.047277,1,0,0.0333,0,1801.8,0,0,0.999,0,0.033267,0,1801.8
1226,12,144.07,144.1,23,1,103,0,1,0,0.0333,0,1801.8,0,1,0,0.0333,0,1801.8,0,0,0,0,0,1,0,0.0333,0,1801.8,0,1,0,0.0333,0,1801.8
1226,12,144.1,144.43,15,1,104,0,1,0,0.3333,0,180.02,0,0.29993,0,0.049983,0,360.04,0.18989,0.046336,0.19432,0.046163,1,0,0.3333,0,180.02,0,0,1,0,0.3333,0,180.02
1226,12,144.57,144.6,15,1,105,0,1,0,0.0333,0,1801.8,0,1,0,0.0333,0,1801.8,0,0,0,0,1,0,0.0333,0,1801.8,0,0,1,0,0.0333,0,1801.8
1226,12,145.4,145.7,23,1,106,0,1,0,0.3,0,200,0,0.88889,0,0.26667,0,200,0.20198,0.045093,0.2058,0.04503,0,0,0,0,0,0,0,1,0,0.3,0,200
1226,12,145.87,146,15,1,107,1,0,0.1333,0,450.11,0,0,1,0,0.1333,0,450.11,0.20836,0.05005,0.2108,0.049413,0,0,0,0,0,0,0,1,0,0.1333,0,450.11
1226,12,146.1,146.37,15,1,108,1,0,0.2666,0,225.06,0,0,1,0,0.2666,0,225.06,0.2094,0.053292,0.20729,0.051915,0,0,0,0,0,0,0,1,0,0.2666,0,225.06
1226,12,146.4,146.83,15,1,109,1,0,0.4333,0,138.47,0,0,0.76921,0,0.16665,0,276.94,0.18736,0.046376,0.18393,0.04611,0,0,0,0,0,0,0,1,0,0.4333,0,138.47
1226,12,147.3,147.47,23,1,110,0,1,0,0.1666,0,360.14,0,1,0,0.1666,0,360.14,0.15756,0.041984,0.1575,0.042427,0,1,0,0.1666,0,360.14,0,1,0,0.1666,0,360.14
1226,12,147.83,147.87,23,1,111,0,1,0,0.0333,0,1801.8,0,1,0,0.0333,0,1801.8,0.1333,0.031136,0.1333,0.031136,0,0,0,0,0,0,0,1,0,0.0333,0,1801.8
1226,12,148.03,148.17,23,1,112,0,1,0,0.1333,0,450.11,0,1,0,0.1333,0,450.11,0.20307,0.049935,0.20519,0.050575,0,0,0,0,0,0,0,1,0,0.1333,0,450.11
1226,12,148.33,149.2,23,1,113,0,0.92308,0,0.40002,0,138.46,0,1,0,0.8667,0,69.228,0.26119,0.03161,0.26297,0.030984,0,0,0,0,0,0,0,1,0,0.8667,0,69.228
1226,12,149.23,149.53,23,1,114,0,1,0,0.3,0,200,0,1,0,0.3,0,200,0.27956,0.036285,0.28121,0.035808,0,0,0,0,0,0,0,1,0,0.3,0,200
1226,12,149.93,150.5,23,1,115,0,0.88236,0,0.25002,0,211.75,0,1,0,0.5667,0,105.88,0.27815,0.031912,0.27852,0.030995,0,0,0,0,0,0,0,1,0,0.5667,0,105.88
1226,12,150.9,152.3,23,1,116,0,1,0,1.4,0,42.857,0,0.90476,0,0.63333,0,85.714,0.22814,0.027693,0.22507,0.027597,0,0,0,0,0,0,0,1,0,0.7,0,85.714
1226,12,152.37,153,23,1,117,0,1,0,0.6333,0,94.742,0,1,0,0.6333,0,94.742,0.23912,0.028224,0.23554,0.028263,0,0,0,0,0,0,0,1,0,0.6333,0,94.742
1226,12,153.6,153.73,23,1,118,0,1,0,0.1333,0,450.11,0,1,0,0.1333,0,450.11,0.22546,0.030923,0.22514,0.030946,0,0,0,0,0,0,0,1,0,0.1333,0,450.11
1226,12,155.87,155.9,23,1,119,0,1,0,0.0333,0,1801.8,0,0,0,0,0,0,0,0,0,0,0,0,0,0,0,0,0,1,0,0.0333,0,1801.8
1226,12,156.9,157.03,23,1,120,0,1,0,0.1333,0,450.11,0,0,0,0,0,0,0.11072,0.040488,0.11074,0.039386,0,0,0,0,0,0,0,1,0,0.1333,0,450.11
1226,12,157.63,158.37,23,1,121,0,0.6363,0,0.2333,0,163.64,0,1,0,0.7333,0,81.822,0.19014,0.055078,0.1928,0.053497,0,0,0,0,0,0,0,1.409,0,0.51662,0,163.64
1226,12,159.1,159.97,23,1,122,0.96154,0,0.83327,0,69.236,0,0,1,0,0.8666,0,69.236,0.15808,0.050772,0.15715,0.050285,0,0,0,0,0,0,0,2,0,0.8666,0,138.47
1226,12,160.23,160.27,23,1,123,1,0,0.0333,0,1801.8,0,0,1,0,0.0333,0,1801.8,0.13943,0.059406,0.13943,0.059406,0,0,0,0,0,0,0,2,0,0.0333,0,3603.6
1226,12,160.73,160.8,19,1,124,0,1,0,0.0667,0,899.55,0,1,0,0.0667,0,899.55,0.1326,0.060038,0.1326,0.060038,0,0,0,0,0,0,0,2,0,0.0667,0,1799.1
1226,12,160.93,160.97,19,1,125,0,1,0,0.0333,0,1801.8,0,1,0,0.0333,0,1801.8,0.14742,0.05291,0.14742,0.05291,1,0,0.0333,0,1801.8,0,0,2,0,0.0333,0,3603.6
1226,12,161.5,161.93,19,1,126,1,0,0.4333,0,138.47,0,0,1,0,0.4333,0,138.47,0.13667,0.049967,0.12986,0.049712,1,0,0.4333,0,138.47,0,0,2,0,0.4333,0,276.94
1226,12,162.03,162.83,23,1,127,0,0.87504,0,0.70003,0,75,0,1,0,0.8,0,75,0.15968,0.058557,0.16668,0.059763,0,1,0,0.8,0,75,0,2,0,0.8,0,150
1226,12,162.87,163.03,23,1,128,1,0,0.1666,0,360.14,0,0,1,0,0.1666,0,360.14,0.19535,0.049134,0.19596,0.048142,0,1,0,0.1666,0,360.14,0,2,0,0.1666,0,720.29
1226,12,163.4,163.47,5,1,129,0,1,0,0.0666,0,900.9,0,1,0,0.0666,0,900.9,0.16183,0.034435,0.16183,0.034435,0,1,0,0.0666,0,900.9,0,2,0,0.0666,0,1801.8
1226,12,163.47,163.5,3,1,130,0,1,0,0.0333,0,1801.8,0,1,0,0.0333,0,1801.8,0,0,0,0,0,1,0,0.0333,0,1801.8,0,2,0,0.0333,0,3603.6
1226,12,163.5,164.23,5,1,131,0.59089,0.3182,0.4333,0.23333,81.822,81.822,0,1,0,0.7333,0,81.822,0.15837,0.03781,0.16209,0.037818,0,0.45457,0,0.33333,0,81.822,0,2,0,0.7333,0,163.64
1226,12,164.27,164.33,5,1,132,1,0,0.0666,0,900.9,0,0,1,0,0.0666,0,900.9,0.15561,0.034539,0.15561,0.034539,0,0,0,0,0,0,0,2,0,0.0666,0,1801.8
1226,12,164.33,164.37,23,1,133,0,1,0,0.0333,0,1801.8,0,1,0,0.0333,0,1801.8,0.20132,0.045873,0.20132,0.045873,0,0,0,0,0,0,0,2,0,0.0333,0,3603.6
1226,12,164.47,164.53,23,1,134,0,1,0,0.0666,0,900.9,0,1,0,0.0666,0,900.9,0.19324,0.044909,0.19324,0.044909,0,0,0,0,0,0,0,2,0,0.0666,0,1801.8
1226,12,164.83,164.9,23,1,135,0,1,0,0.0667,0,899.55,0,1,0,0.0667,0,899.55,0.12797,0.043232,0.12797,0.043232,0,0.9995,0,0.066667,0,899.55,0,2,0,0.0667,0,1799.1
1226,12,165.27,165.37,5,1,136,1,0,0.0999,0,600.6,0,0,1,0,0.0999,0,600.6,0.15204,0.04809,0.15204,0.04809,1,0,0.0999,0,600.6,0,0,2,0,0.0999,0,1201.2
1226,12,165.4,165.43,5,1,137,1,0,0.0333,0,1801.8,0,0,1,0,0.0333,0,1801.8,0.15541,0.045497,0.15541,0.045497,1,0,0.0333,0,1801.8,0,0,2,0,0.0333,0,3603.6
1226,12,165.47,166.37,23,1,138,0,0.85184,0,0.38328,0,133.35,0,1,0,0.8999,0,66.674,0.24793,0.041608,0.25174,0.041983,0,1,0,0.8999,0,66.674,0,2,0,0.8999,0,133.35
1226,12,166.4,166.6,23,1,139,0,1,0,0.2,0,300,0,1,0,0.2,0,300,0.25496,0.035343,0.25616,0.035234,0,1,0,0.2,0,300,0,2,0,0.2,0,600
1226,12,166.63,166.73,23,1,140,0,1,0,0.1,0,600,0,1,0,0.1,0,600,0.24533,0.037052,0.24479,0.035359,0,1,0,0.1,0,600,0,2,0,0.1,0,1200
1226,12,166.73,166.8,3,1,141,1,0,0.0667,0,899.55,0,0,1,0,0.0667,0,899.55,0.086172,0.035683,0.086172,0.035683,0,1,0,0.0667,0,899.55,0,2,0,0.0667,0,1799.1
1226,12,166.8,176.13,23,1,142,0,0.96429,0,4.5,0,12.857,0,0.93571,0,4.3666,0,12.857,0.15897,0.035875,0.14549,0.035095,0,1,0,9.3333,0,6.4286,0,1.8321,0,5.7,0,19.286
1226,12,177.97,178.07,23,1,143,0,1,0,0.0999,0,600.6,0,1,0,0.0999,0,600.6,0.11999,0.036242,0.11999,0.036242,0,1,0,0.0999,0,600.6,0,2,0,0.0999,0,1201.2
1226,12,178.53,179.6,23,1,144,0,1,0,1.0667,0,56.248,0,1,0,1.0667,0,56.248,0.12719,0.035759,0.11999,0.036628,0,0.43752,0,0.4667,0,56.248,0,1.375,0,0.73337,0,112.5
1226,12,187.1,187.37,23,1,145,0,1,0,0.2666,0,225.06,0,1,0,0.2666,0,225.06,0.21485,0.038075,0.21497,0.037924,0,2,0,0.2666,0,450.11,0,1,0,0.2666,0,225.06
1226,12,187.47,187.93,23,1,146,0,1,0,0.4666,0,128.59,0,1,0,0.4666,0,128.59,0.17496,0.038029,0.17604,0.038112,0,2,0,0.4666,0,257.18,0,1,0,0.4666,0,128.59
1226,12,188.07,190,23,1,147,0,0.43102,0,0.41665,0,62.07,0,1,0,1.9333,0,31.035,0.14735,0.0346,0.14381,0.034301,0,1.9138,0,1.85,0,62.07,0,1,0,1.9333,0,31.035
1226,12,192.9,193.37,23,1,148,0,0.78568,0,0.1833,0,257.18,0,1,0,0.4666,0,128.59,0.1746,0.048701,0.1748,0.048107,0,2,0,0.4666,0,257.18,0,1,0,0.4666,0,128.59
1226,12,194.5,194.53,21,1,149,0,0,0,0,0,0,0,1,0,0.0333,0,1801.8,0.084857,0.039704,0.084857,0.039704,0,2,0,0.0333,0,3603.6,0,2,0,0.0333,0,3603.6
1226,12,195.67,196.13,21,1,150,0,0,0,0,0,0,0,0,0,0,0,0,0.1119,0.011535,0.12412,0.0089062,0,2,0,0.4666,0,257.18,0,2,0,0.4666,0,257.18
1226,12,197.3,197.43,21,1,151,0,0,0,0,0,0,0,0.25006,0,0.033333,0,450.11,0.088439,0.032456,0.090742,0.031903,0,0,0,0,0,0,0,1,0,0.1333,0,450.11
1226,12,197.43,197.47,18,1,152,0,0,0,0,0,0,0,0,0,0,0,0,0.097617,0.024313,0.097617,0.024313,0,0,0,0,0,0,0,1,0,0.0333,0,1801.8
1226,12,197.5,197.77,23,1,153,0,0,0,0,0,0,0,0.37484,0,0.099933,0,225.06,0.15109,0.039386,0.156,0.038481,0,0,0,0,0,0,0,1,0,0.2666,0,225.06
1226,12,198.23,198.73,23,1,154,0,0.86673,0,0.43337,0,120,0,1,0,0.5,0,120,0.18963,0.041682,0.18773,0.041859,0,0,0,0,0,0,0,0.99993,0,0.49997,0,120
1226,12,199.53,199.93,23,1,155,0,0,0,0,0,0,0,0,0,0,0,0,0.14246,0.036956,0.14891,0.0361,0,0,0,0,0,0,0,1.4999,0,0.29998,0,300
1226,12,202.07,204.67,23,1,156,0.17949,0.44874,0.46667,0.38889,23.078,69.233,0,0.17947,0,0.4666,0,23.078,0.18252,0.040579,0.1879,0.040615,0,0,0,0,0,0,0,1.1282,0,1.4666,0,46.156
1226,12,204.7,205.03,23,1,157,0,0,0,0,0,0,0,0,0,0,0,0,0.074255,0.050262,0.069674,0.050262,0,0,0,0,0,0,0,1,0,0.3333,0,180.02
1226,12,205.07,205.87,23,1,158,0.12493,0,0.099933,0,75.009,0,0,0.20828,0,0.1666,0,75.009,0.1298,0.029366,0.12186,0.023232,0,0,0,0,0,0,0,1,0,0.7999,0,75.009
1226,12,205.9,206.53,23,1,159,0.31581,0.63156,0.2,0.39997,94.742,94.742,0,1,0,0.6333,0,94.742,0.15184,0.028202,0.15601,0.027747,0,0,0,0,0,0,0,1,0,0.6333,0,94.742
1226,12,206.57,206.63,23,1,160,0,0,0,0,0,0,0,1,0,0.0666,0,900.9,0.12078,0.024752,0.12078,0.024752,0,0,0,0,0,0,0,1,0,0.0666,0,900.9
1226,12,206.67,209.7,23,1,161,0.24176,0.37363,0.73333,1.1333,19.78,19.78,0,0.83516,0,2.5333,0,19.78,0.18161,0.037898,0.15332,0.037073,0,0.28572,0,0.86667,0,19.78,0,1,0,3.0333,0,19.78
1226,12,210.2,210.43,10,1,162,0,1,0,0.2333,0,257.18,0,0,0,0,0,0,0.14068,0.063701,0.15049,0.064321,0,0,0,0,0,0,0,1.4286,0,0.16665,0,514.36
1226,12,210.77,210.83,4,1,163,0,1,0,0.0666,0,900.9,0,0,0,0,0,0,0.21348,0.10891,0.21348,0.10891,0,0,0,0,0,0,0,1,0,0.0666,0,900.9
1226,12,211,211.17,18,1,164,0,1,0,0.1666,0,360.14,0,0,0,0,0,0,0.19346,0.097508,0.19121,0.098896,0,0,0,0,0,0,0,1,0,0.1666,0,360.14
1226,12,211.23,211.27,18,1,165,0,1,0,0.0333,0,1801.8,0,0,0,0,0,0,0.15958,0.073995,0.15958,0.073995,0,0,0,0,0,0,0,1,0,0.0333,0,1801.8
1226,12,211.93,212.33,23,1,166,0,1,0,0.4,0,150,0,0,0,0,0,0,0.095068,0.031668,0.094141,0.03133,0,0,0,0,0,0,0,1.8333,0,0.36665,0,300
1226,12,212.43,213.5,18,1,167,0.71873,0.18753,0.76667,0.20003,56.248,56.248,0,0.87497,0,0.93333,0,56.248,0.28581,0.044998,0.29215,0.044364,0.62498,0.31249,0.66667,0.33333,56.248,56.248,1,1,1.0667,1.0667,56.248,56.248
1226,12,213.5,213.87,23,1,168,0,1,0,0.3666,0,163.67,0,1,0,0.3666,0,163.67,0.10822,0.042644,0.11006,0.041296,0,0.7274,0,0.26667,0,163.67,0,2,0,0.3666,0,327.33
1226,12,213.87,214.13,18,1,169,1,0,0.2666,0,225.06,0,0,0.75006,0,0.19997,0,225.06,0.124,0.040642,0.12393,0.039207,0,0,0,0,0,0,0.12491,1,0.0333,0.2666,225.06,225.06
1226,12,214.2,214.73,18,1,170,1,0,0.5333,0,112.51,0,0,0.87499,0,0.46663,0,112.51,0.14848,0.064519,0.14794,0.063181,0.18745,0,0.099967,0,112.51,0,0,1,0,0.5333,0,112.51
1226,12,214.93,215.03,18,1,171,1,0,0.1,0,600,0,0.99967,0,0.099967,0,600,0,0.17238,0.079214,0.16883,0.078203,1,0,0.1,0,600,0,0,1,0,0.1,0,600
1226,12,215.07,215.43,23,1,172,0,0.6363,0,0.11663,0,327.33,0,1,0,0.3666,0,163.67,0.097746,0.028481,0.10197,0.027831,0,1,0,0.3666,0,163.67,0,1,0,0.3666,0,163.67
1226,12,215.83,215.93,23,1,173,0.333,0,0.0333,0,600,0,0,0,0,0,0,0,0.073847,0.019593,0.073262,0.022064,0,1,0,0.1,0,600,0,1,0,0.1,0,600
1226,12,216,216.4,23,1,174,1,0,0.4,0,150,0,0,0,0,0,0,0,0.10006,0.021929,0.099593,0.023033,0,1,0,0.4,0,150,0,1,0,0.4,0,150
1226,12,217.43,218.9,23,1,175,0.18184,0,0.2667,0,40.908,0,0,0.47726,0,0.7,0,40.908,0.11977,0.033255,0.11937,0.033453,0,0.6591,0,0.9667,0,40.908,0,0.99998,0,1.4667,0,40.908
1226,12,314.47,314.6,23,2,176,0,0,0,0,0,0,0,0,0,0,0,0,0.17224,0.052519,0.16901,0.052027,0,0,0,0,0,0,0,1,0,0.1333,0,450.11
1226,12,314.6,314.63,1,2,177,0,0,0,0,0,0,0,0,0,0,0,0,0.088568,0.040579,0.088568,0.040579,0,0,0,0,0,0,0,1,0,0.0333,0,1801.8
1226,12,314.63,314.83,23,2,178,0,0,0,0,0,0,0,0.49983,0,0.099967,0,300,0.14363,0.050282,0.14106,0.051771,0,0,0,0,0,0,0,1,0,0.2,0,300
1226,12,315.1,315.17,15,2,179,0,0,0,0,0,0,0,1,0,0.0666,0,900.9,0.13388,0.056019,0.13388,0.056019,0,0,0,0,0,0,0,1,0,0.0666,0,900.9
1226,12,316.47,316.87,23,2,180,0,0,0,0,0,0,0,1,0,0.3999,0,150.04,0.13054,0.049191,0.13234,0.051979,0,0,0,0,0,0,0,1,0,0.3999,0,150.04
1226,12,316.9,316.93,20,2,181,0,0,0,0,0,0,0,1,0,0.0333,0,1801.8,0.12305,0.035591,0.12305,0.035591,0,0,0,0,0,0,0,1,0,0.0333,0,1801.8
1226,12,316.97,317.03,23,2,182,0,0.5,0,0.0333,0,900.9,0,1,0,0.0666,0,900.9,0.145,0.05546,0.145,0.05546,0,0,0,0,0,0,0,1,0,0.0666,0,900.9
1226,12,317.03,317.07,20,2,183,0,1,0,0.0333,0,1801.8,0,1,0,0.0333,0,1801.8,0.11319,0.041064,0.11319,0.041064,0,0,0,0,0,0,0,1,0,0.0333,0,1801.8
1226,12,317.07,317.17,23,2,184,0,1,0,0.0999,0,600.6,0,1,0,0.0999,0,600.6,0.1306,0.053878,0.1306,0.053878,0,0,0,0,0,0,0,1,0,0.0999,0,600.6
1226,12,317.77,319.93,23,2,185,0.58462,0.23076,1.2666,0.49997,27.693,27.693,0,0.35383,0,0.3833,0,55.386,0.159,0.051399,0.17102,0.049574,0,0,0,0,0,0,0,1,0,1.0833,0,55.386
1226,12,320.03,320.73,23,2,186,1,0,0.7,0,85.714,0,0,0.33338,0,0.23337,0,85.714,0.2408,0.063534,0.24311,0.063822,0.95233,0,0.66663,0,85.714,0,0,1,0,0.7,0,85.714
1226,12,320.73,320.77,3,2,187,0,1,0,0.0333,0,1801.8,0,0,0,0,0,0,0.15746,0.048017,0.15746,0.048017,0,1,0,0.0333,0,1801.8,0,1,0,0.0333,0,1801.8
1226,12,320.77,320.9,23,2,188,1,0,0.1333,0,450.11,0,0,0,0,0,0,450.11,0.28088,0.062252,0.28187,0.061633,1,0,0.1333,0,450.11,0,0,1,0,0.1333,0,450.11
1226,12,320.9,320.93,3,2,189,0,1,0,0.0333,0,1801.8,0,1,0,0.0333,0,1801.8,0.1563,0.050366,0.1563,0.050366,0,1,0,0.0333,0,1801.8,0,1,0,0.0333,0,1801.8
1226,12,320.93,321.07,23,2,190,1,0,0.1333,0,450.11,0,0,1,0,0.1333,0,450.11,0.2307,0.079878,0.22779,0.079413,1,0,0.1333,0,450.11,0,0,1,0,0.1333,0,450.11
1226,12,321.1,321.63,23,2,191,1,0,0.5333,0,112.51,0,0,0.81255,0,0.43333,0,112.51,0.27168,0.073032,0.27313,0.07027,0.75005,0,0.4,0,112.51,0,0,1,0,0.5333,0,112.51
1226,12,324.17,324.83,23,2,192,0.95005,0,0.6333,0,90.009,0,1,0,0.6666,0,90.009,0,0.25558,0.0092708,0.24951,0.0092708,1,0,0.6666,0,90.009,0,0,1,0,0.6666,0,90.009
1226,12,327.2,327.83,21,2,193,0.42102,0,0.26663,0,94.742,0,0,0,0,0,0,0,0.14002,0.064021,0.14686,0.063499,0,0,0,0,0,0,0,1,0,0.6333,0,94.742
1226,12,329.03,329.33,23,2,194,0,0.77767,0,0.2333,0,200,0,0,0,0,0,0,0.13633,0.051325,0.13581,0.051036,0,0,0,0,0,0,0,0.99989,0,0.29997,0,200
1226,12,332.53,332.6,18,2,195,0,1,0,0.0667,0,899.55,0,1,0,0.0667,0,899.55,0.14911,0.067353,0.14911,0.067353,0,2,0,0.0667,0,1799.1,0,1,0,0.0667,0,899.55
1226,12,332.97,333,1,2,196,1,0,0.0333,0,1801.8,0,0,1,0,0.0333,0,1801.8,0,0,0,0,1,1,0.0333,0.0333,1801.8,1801.8,0,1,0,0.0333,0,1801.8
1226,12,333,333.9,15,2,197,0,1,0,0.9,0,66.667,1,0,0.9,0,66.667,0,0.25229,0.058389,0.25385,0.059073,0.85185,0.62963,0.38333,0.28333,133.33,133.33,0,1,0,0.9,0,66.667
1226,12,333.9,334.6,1,2,198,1,0,0.7,0,85.714,0,0,0.28571,0,0.2,0,85.714,0.17623,0.059745,0.17034,0.059494,0.71429,1,0.5,0.7,85.714,85.714,0,1,0,0.7,0,85.714
1226,12,334.63,334.87,15,2,199,0,1,0,0.2333,0,257.18,0,0.7141,0,0.1666,0,257.18,0.3171,0.073011,0.324,0.073406,1,1,0.2333,0.2333,257.18,257.18,0,1,0,0.2333,0,257.18
1226,12,335,335.03,15,2,200,0,1,0,0.0333,0,1801.8,0,1,0,0.0333,0,1801.8,0.48,0.090189,0.48,0.090189,1,1,0.0333,0.0333,1801.8,1801.8,0,1,0,0.0333,0,1801.8
1226,12,335.03,335.43,20,2,201,0,1,0,0.4,0,150,0,0.91667,0,0.18333,0,300,0.58009,0.052859,0.58446,0.052139,0,2,0,0.4,0,300,0,1,0,0.4,0,150
1226,12,335.77,335.87,20,2,202,0,1,0,0.0999,0,600.6,0,1,0,0.0999,0,600.6,0.4874,0.10787,0.4874,0.10787,0,2,0,0.0999,0,1201.2,0,1,0,0.0999,0,600.6
1226,12,340.93,342.03,1,2,203,1,0,1.1,0,54.545,0,1,0,1.1,0,54.545,0,0.28097,0.039806,0.27432,0.038906,2,0,1.1,0,109.09,0,0,1,0,1.1,0,54.545
1226,12,342.4,342.57,1,2,204,1,0,0.1666,0,360.14,0,1,0,0.1666,0,360.14,0,0.35772,0.046032,0.36412,0.03784,1.1997,0,0.099933,0,720.29,0,0,1,0,0.1666,0,360.14
1226,12,342.93,343.07,1,2,205,1,0,0.1333,0,450.11,0,1,0,0.1333,0,450.11,0,0.33863,0.035172,0.34247,0.035084,2,0,0.1333,0,900.23,0,0,1,0,0.1333,0,450.11
1226,12,343.1,343.3,7,2,206,0,1,0,0.2,0,300,0,1,0,0.2,0,300,0.26651,0.040768,0.26614,0.03981,0,2,0,0.2,0,600,0,1,0,0.2,0,300
1226,12,343.3,343.77,16,2,207,0,1,0,0.4666,0,128.59,0,1,0,0.4666,0,128.59,0.11707,0.037302,0.1114,0.036675,0,2,0,0.4666,0,257.18,0,1,0,0.4666,0,128.59
1226,12,343.77,343.83,1,2,208,0,1,0,0.0666,0,900.9,1,0,0.0666,0,900.9,0,0.35623,0.049798,0.35623,0.049798,1.5,0,0.04995,0,1801.8,0,0,1,0,0.0666,0,900.9
1226,12,344.07,345.47,1,2,209,0,1,0,1.3999,0,42.86,0.14284,0.85716,0.19997,1.1999,42.86,42.86,0.2694,0.039421,0.25781,0.040593,1.9286,0,1.3499,0,85.72,0,0,1,0,1.3999,0,42.86
1226,12,345.53,345.57,20,2,210,0,1,0,0.0333,0,1801.8,0,1,0,0.0333,0,1801.8,0.51098,0.16161,0.51098,0.16161,0,1,0,0.0333,0,1801.8,0,1,0,0.0333,0,1801.8
1226,12,347.57,347.6,1,2,211,1,0,0.0333,0,1801.8,0,0,0,0,0,0,0,0,0,0,0,1,0,0.0333,0,1801.8,0,0,1,0,0.0333,0,1801.8
1226,12,347.6,347.63,21,2,212,0,1,0,0.0333,0,1801.8,0,0,0,0,0,0,0.64023,0.081163,0.64023,0.081163,0,1,0,0.0333,0,1801.8,0,1,0,0.0333,0,1801.8
1226,12,347.63,347.93,1,2,213,0.44456,0.22211,0.13337,0.066633,200,200,0,0,0,0,0,0,0.40834,0.071579,0.3929,0.064544,1.8888,0,0.28332,0,400,0,0,1,0,0.3,0,200
1226,12,347.93,347.97,2,2,214,0,1,0,0.0333,0,1801.8,0,0,0,0,0,0,0.39023,0.11088,0.39023,0.11088,0,2,0,0.0333,0,3603.6,0,1,0,0.0333,0,1801.8
1226,12,349.6,349.7,23,2,215,1,0,0.1,0,600,0,0,1,0,0.1,0,600,0.16176,0.10561,0.16176,0.10298,0,1.3333,0,0.066667,0,1200,0,1,0,0.1,0,600
1226,12,349.93,350.17,21,2,216,0.71453,0,0.1667,0,257.18,0,0,1,0,0.2333,0,257.18,0.169,0.12641,0.17096,0.12543,1,1,0.2333,0.2333,257.18,257.18,0,1,0,0.2333,0,257.18
1226,12,354.87,355.43,15,2,217,0.058772,0.94123,0.0333,0.5333,105.89,105.89,0,0.47058,0,0.26663,0,105.89,0.2508,0.1408,0.24838,0.13759,0,2,0,0.5666,0,211.79,0,1,0,0.5666,0,105.89
1226,12,355.87,355.97,15,2,218,0,1,0,0.0999,0,600.6,0,1,0,0.0999,0,600.6,0.24027,0.20545,0.24027,0.20545,0,2,0,0.0999,0,1201.2,0,1,0,0.0999,0,600.6
1226,12,358.93,359,1,2,219,1,0,0.0667,0,899.55,0,0,0,0,0,0,0,0.097821,0.032979,0.097821,0.032979,2,0,0.0667,0,1799.1,0,0,0.9995,0,0.066667,0,899.55
1226,12,360.8,361.03,1,2,220,0,1,0,0.2333,0,257.18,1,0,0.2333,0,257.18,0,0.25418,0.055601,0.25334,0.056284,1.1429,0,0.13332,0,514.36,0,0,1,0,0.2333,0,257.18
1226,12,361.03,361.07,2,2,221,0,1,0,0.0333,0,1801.8,0,1,0,0.0333,0,1801.8,0.28281,0.075166,0.28281,0.075166,0,1,0,0.0333,0,1801.8,0,1,0,0.0333,0,1801.8
1226,12,361.5,362.2,1,2,222,0.66667,0.2381,0.46667,0.16667,85.714,85.714,0.90476,0.095238,0.63333,0.066667,85.714,85.714,0.20187,0.047581,0.19983,0.052567,1,1,0.7,0.7,85.714,85.714,0.85714,1,0.6,0.7,85.714,85.714
1226,12,362.2,362.23,15,2,223,0,1,0,0.0333,0,1801.8,1,0,0.0333,0,1801.8,0,0.10527,0.029388,0.10527,0.029388,0,2,0,0.0333,0,3603.6,1,1,0.0333,0.0333,1801.8,1801.8
1226,12,362.23,362.3,1,2,224,1,0,0.0667,0,899.55,0,0,1,0,0.0667,0,899.55,0.19106,0.05988,0.19106,0.05988,1,1,0.0667,0.0667,899.55,899.55,1,1,0.0667,0.0667,899.55,899.55
1226,12,362.3,362.33,3,2,225,0,1,0,0.0333,0,1801.8,0,1,0,0.0333,0,1801.8,0.1943,0.068066,0.1943,0.068066,0,2,0,0.0333,0,3603.6,0,2,0,0.0333,0,3603.6
1226,12,362.37,363.2,15,2,226,0.20001,0.67999,0.16667,0.56663,72.003,72.003,1,0,0.8333,0,72.003,0,0.20801,0.07439,0.21625,0.081381,0,0.11996,0,0.099967,0,72.003,1,1,0.8333,0.8333,72.003,72.003
1226,12,363.37,363.47,23,2,227,0,1,0,0.0999,0,600.6,0,1,0,0.0999,0,600.6,0.1047,0.031828,0.1047,0.031828,0,0,0,0,0,0,0,2,0,0.0999,0,1201.2
1226,12,363.63,365.23,23,2,228,0,0.91667,0,0.73333,0,75,0,1,0,0.8,0,75,0.13988,0.040144,0.14466,0.040328,0,0,0,0,0,0,0,2,0,1.6,0,75
1226,12,366.3,367.1,3,2,229,0.45833,0,0.36667,0,75,0,0,1,0,0.8,0,75,0.14975,0.043066,0.15083,0.043257,1,0,0.8,0,75,0,0,2,0,0.8,0,150
1226,12,367.23,367.3,16,2,230,0,0,0,0,0,0,0,1,0,0.0667,0,899.55,0.094346,0.036319,0.094346,0.036319,0,1,0,0.0667,0,899.55,0,2,0,0.0667,0,1799.1
1226,12,367.33,367.4,16,2,231,0,0,0,0,0,0,0,1,0,0.0667,0,899.55,0.086803,0.032359,0.086803,0.032359,0,1,0,0.0667,0,899.55,0,2,0,0.0667,0,1799.1
1226,12,367.53,368.23,23,2,232,0,0.90476,0,0.31667,0,171.43,0,0.381,0,0.2667,0,85.714,0.10052,0.039032,0.10005,0.039914,0,1,0,0.7,0,85.714,0,1.4286,0,0.50002,0,171.43
1226,12,368.27,368.43,23,2,233,0,1,0,0.1666,0,360.14,0,0,0,0,0,0,0.10319,0.039597,0.1043,0.039063,0,1,0,0.1666,0,360.14,0,1,0,0.1666,0,360.14
1226,12,369,369.4,23,2,234,0,1,0,0.4,0,150,0,0.41667,0,0.16667,0,150,0.10448,0.035684,0.10596,0.03587,0,1,0,0.4,0,150,0,1,0,0.4,0,150
1226,12,372.23,372.4,16,2,235,0,0,0,0,0,0,0,0,0,0,0,0,0.16395,0.067993,0.16058,0.069038,0,1,0,0.1667,0,359.93,0,0.9998,0,0.16667,0,359.93
1226,12,372.73,373.2,16,2,236,0,0,0,0,0,0,0,0,0,0,0,0,0.16138,0.11271,0.1626,0.11478,0,0.92858,0,0.43337,0,128.56,0,1,0,0.4667,0,128.56
1226,12,374.4,374.77,1,2,237,0,0,0,0,0,0,0,0,0,0,0,0,0.071694,0.025982,0.070016,0.026329,0,0,0,0,0,0,0,1.8183,0,0.3333,0,327.33
1226,12,374.83,375.1,1,2,238,0,0,0,0,0,0,0,0,0,0,0,0,0.093868,0.037581,0.094336,0.03765,0,0,0,0,0,0,0,1,0,0.2667,0,224.97
1226,12,375.9,376.47,1,2,239,0,0.82351,0,0.4666,0,105.89,0,0,0,0,0,0,0.087788,0.027801,0.087578,0.028075,0,0,0,0,0,0,0,1,0,0.5666,0,105.89
1226,12,377.93,378.43,1,2,240,0,1,0,0.5,0,120,0,0,0,0,0,0,0.082762,0.028642,0.082305,0.028318,0,0,0,0,0,0,0,1,0,0.5,0,120
1226,12,379.77,379.8,23,2,241,0,0,0,0,0,0,0,1,0,0.0333,0,1801.8,0,0,0,0,0,0,0,0,0,0,0,2,0,0.0333,0,3603.6
1226,12,381.43,381.77,3,2,242,0,0,0,0,0,0,0,1,0,0.3333,0,180.02,0.10495,0.033449,0.10959,0.032834,0,0,0,0,0,0,0.10011,1,0.033367,0.3333,180.02,180.02
1226,12,382.07,382.7,23,2,243,0,1,0,0.6333,0,94.742,0,1,0,0.6333,0,94.742,0.14358,0.043768,0.14323,0.042691,0,0,0,0,0,0,0,1.8421,0,0.5833,0,189.48
1226,12,383.37,383.53,23,2,244,0,1,0,0.1666,0,360.14,0,0,0,0,0,0,0.1268,0.038215,0.12631,0.038166,0,0,0,0,0,0,0,1,0,0.1666,0,360.14
1226,12,386.23,386.27,23,2,245,0,1,0,0.0333,0,1801.8,0,1,0,0.0333,0,1801.8,0.12735,0.058045,0.12735,0.058045,0,0,0,0,0,0,0,2,0,0.0333,0,3603.6
1226,12,386.5,387.13,3,2,246,1,0,0.6333,0,94.742,0,0,0,0,0,0,0,0.11181,0.03982,0.11129,0.040824,0,0,0,0,0,0,0.73688,1,0.46667,0.6333,94.742,94.742
1226,12,387.17,388.3,3,2,247,0.70587,0.20589,0.79997,0.23333,52.943,52.943,0,0.7059,0,0.4,0,105.89,0.094055,0.034412,0.094447,0.034646,0,0,0,0,0,0,0,1.1765,0,0.66665,0,105.89
1226,12,388.73,388.83,3,2,248,0.333,0,0.0333,0,600,0,0,1,0,0.1,0,600,0.098366,0.048503,0.099056,0.048271,0,0,0,0,0,0,0,1,0,0.05,0,1200
1226,12,389.17,389.2,5,2,249,0,0,0,0,0,0,0,0,0,0,0,0,0,0,0,0,0,0,0,0,0,0,0,1,0,0.0333,0,1801.8
1226,12,390.37,390.67,3,2,250,0,1,0,0.2999,0,200.07,0,1,0,0.2999,0,200.07,0.093372,0.027855,0.096611,0.027377,0,0,0,0,0,0,0,1.8891,0,0.28327,0,400.13
1226,12,391.73,391.83,23,2,251,0,1,0,0.1,0,600,0,1,0,0.1,0,600,0.11019,0.035866,0.11188,0.035794,0,0,0,0,0,0,0,1,0,0.1,0,600
1226,12,392.63,392.8,23,2,252,0,1,0,0.1667,0,359.93,0,0,0,0,0,0,0.083699,0.038676,0.083262,0.038513,0,0,0,0,0,0,0,1,0,0.1667,0,359.93
1226,12,393.57,393.63,23,2,253,0,1,0,0.0666,0,900.9,0,1,0,0.0666,0,900.9,0.086725,0.035969,0.086725,0.035969,0,0,0,0,0,0,0,1,0,0.0666,0,900.9
1226,12,396.87,397.1,23,2,254,0,1,0,0.2333,0,257.18,0,1,0,0.2333,0,257.18,0.11573,0.040919,0.11625,0.040697,0,0,0,0,0,0,0,2,0,0.2333,0,514.36
1226,12,397.17,397.2,3,2,255,0,1,0,0.0333,0,1801.8,0,1,0,0.0333,0,1801.8,0,0,0,0,0,0,0,0,0,0,0,2,0,0.0333,0,3603.6
1226,12,397.2,397.23,23,2,256,0,1,0,0.0333,0,1801.8,0,1,0,0.0333,0,1801.8,0.10954,0.036074,0.10954,0.036074,0,0,0,0,0,0,0,2,0,0.0333,0,3603.6
1226,12,397.23,397.8,3,2,257,0,1,0,0.5667,0,105.88,0,1,0,0.5667,0,105.88,0.18559,0.040308,0.18665,0.041014,0,0,0,0,0,0,0,2,0,0.5667,0,211.75
1226,12,397.83,398,3,2,258,0,1,0,0.1667,0,359.93,0,1,0,0.1667,0,359.93,0.21438,0.033779,0.21403,0.033916,0,0,0,0,0,0,0,2,0,0.1667,0,719.86
1226,12,398.07,398.57,3,2,259,0,1,0,0.4999,0,120.02,0,1,0,0.4999,0,120.02,0.19382,0.036282,0.20043,0.036722,0,0,0,0,0,0,0,2,0,0.4999,0,240.05
1226,12,398.67,399.13,1,2,260,0,1,0,0.4666,0,128.59,0,1,0,0.4666,0,128.59,0.07958,0.033949,0.080566,0.034114,0,0,0,0,0,0,0,1.5,0,0.34995,0,257.18
1226,12,399.13,399.27,15,2,261,0,1,0,0.1333,0,450.11,0,1,0,0.1333,0,450.11,0.13489,0.037772,0.13482,0.037725,0,0,0,0,0,0,0,1,0,0.1333,0,450.11
1226,12,399.27,399.47,1,2,262,0,1,0,0.1999,0,300.15,0,1,0,0.1999,0,300.15,0.078962,0.031624,0.079785,0.031274,0,0,0,0,0,0,0,1,0,0.1999,0,300.15
1226,12,401.3,401.33,1,2,263,0,1,0,0.0333,0,1801.8,0,1,0,0.0333,0,1801.8,0.070879,0.030721,0.070879,0.030721,0,0,0,0,0,0,0,1,0,0.0333,0,1801.8
1226,12,403.4,403.43,23,2,264,0,1,0,0.0333,0,1801.8,0,1,0,0.0333,0,1801.8,0.089023,0.033896,0.089023,0.033896,0,0,0,0,0,0,0,1,0,0.0333,0,1801.8
1226,12,404.63,404.73,15,2,265,0,1,0,0.1,0,600,0,0,0,0,0,0,0.12895,0.039641,0.12856,0.040936,0,0,0,0,0,0,0,2,0,0.1,0,1200
1226,12,404.77,404.83,20,2,266,1,0,0.0666,0,900.9,0,0,0,0,0,0,0,0.10953,0.042507,0.10953,0.042507,0,0,0,0,0,0,1,1,0.0666,0.0666,900.9,900.9
1226,12,405.5,406.23,20,2,267,1,0,0.7333,0,81.822,0,1,0,0.7333,0,81.822,0,0.1615,0.058706,0.16196,0.058563,0,0,0,0,0,0,0.13637,1,0.1,0.7333,81.822,81.822
1226,12,406.37,406.57,3,2,268,0,1,0,0.1999,0,300.15,0,0.16658,0,0.0333,0,300.15,0.13586,0.056096,0.13767,0.057451,0,0,0,0,0,0,0,1,0,0.1999,0,300.15
1226,12,407.5,407.87,20,2,269,0,1,0,0.3666,0,163.67,0.2726,0,0.099933,0,163.67,0,0.12719,0.042012,0.12539,0.041459,0,0,0,0,0,0,0,1,0,0.3666,0,163.67
1226,12,408.07,409.4,20,2,270,1,0,1.3333,0,45.001,0,0.72499,0,0.96663,0,45.001,0,0.12979,0.047294,0.12681,0.04604,0,0,0,0,0,0,0.125,1,0.083333,1.3333,90.002,45.001
1226,12,409.57,409.77,20,2,271,0.33333,0.16642,0.066633,0.033267,300.15,300.15,0,1,0,0.1999,0,300.15,0.11088,0.039465,0.11156,0.040061,0,0,0,0,0,0,0,1,0,0.1999,0,300.15
1226,12,409.9,410.3,20,2,272,0,1,0,0.4,0,150,0,1,0,0.4,0,150,0.1109,0.041238,0.11116,0.040984,0,0,0,0,0,0,0,1.5833,0,0.21111,0,450
1226,12,410.37,410.5,20,2,273,0,1,0,0.1333,0,450.11,0,1,0,0.1333,0,450.11,0.11489,0.044856,0.1151,0.04235,0,0,0,0,0,0,0,1,0,0.1333,0,450.11
1226,12,410.7,410.73,3,2,274,1,0,0.0333,0,1801.8,0,0,1,0,0.0333,0,1801.8,0.1016,0.039785,0.1016,0.039785,0,0,0,0,0,0,0,2,0,0.0333,0,3603.6
1226,12,410.9,411,20,2,275,0,1,0,0.1,0,600,0,1,0,0.1,0,600,0.11257,0.055912,0.11333,0.056289,0,0,0,0,0,0,0,2,0,0.1,0,1200
1226,12,411.1,411.2,20,2,276,0,1,0,0.1,0,600,0,1,0,0.1,0,600,0.10453,0.02465,0.10441,0.027044,0,0,0,0,0,0,0,2,0,0.1,0,1200
1226,12,412.9,413.13,3,2,277,0,1,0,0.2333,0,257.18,0,1,0,0.2333,0,257.18,0.11609,0.046192,0.11608,0.045743,0,0,0,0,0,0,0,1,0,0.2333,0,257.18
1226,12,413.3,413.33,3,2,278,0,1,0,0.0333,0,1801.8,0,1,0,0.0333,0,1801.8,0.1024,0.044333,0.1024,0.044333,0,0,0,0,0,0,0,1,0,0.0333,0,1801.8
1226,12,413.8,413.9,1,2,279,0,1,0,0.1,0,600,0,0.33333,0,0.033333,0,600,0.088007,0.037874,0.088232,0.037446,0,0,0,0,0,0,0,1,0,0.1,0,600
1226,12,418.4,419.1,3,2,280,0,1,0,0.7,0,85.714,0,1,0,0.7,0,85.714,0.1419,0.053491,0.14001,0.055018,0,0,0,0,0,0,0,1,0,0.7,0,85.714
1226,12,419.93,420.67,3,2,281,0,1,0,0.7333,0,81.822,0,1,0,0.7333,0,81.822,0.10819,0.040405,0.10837,0.040432,0,0.77267,0,0.5666,0,81.822,0,1,0,0.7333,0,81.822
1226,12,424.23,424.3,16,2,282,0,1,0,0.0667,0,899.55,0,1,0,0.0667,0,899.55,0.16823,0.063899,0.16823,0.063899,1,0,0.0667,0,899.55,0,0,0.9995,0,0.066667,0,899.55
1226,12,425.6,425.67,16,2,283,0,1,0,0.0666,0,900.9,0,0,0,0,0,0,0.13348,0.048935,0.13348,0.048935,1,0,0.0666,0,900.9,0,0,1,0,0.0333,0,1801.8
1226,12,426.97,427,20,2,284,0,1,0,0.0333,0,1801.8,0,0,0,0,0,0,0,0,0,0,0,1,0,0.0333,0,1801.8,0,1,0,0.0333,0,1801.8
1226,12,427,427.13,3,2,285,0,1,0,0.1333,0,450.11,0,0,0,0,0,0,0.11613,0.044755,0.11748,0.045052,0,1,0,0.1333,0,450.11,0,1,0,0.1333,0,450.11
1226,12,428.37,428.67,3,2,286,0,1,0,0.2999,0,200.07,0,1,0,0.2999,0,200.07,0.12242,0.039848,0.12296,0.041608,0,1,0,0.2999,0,200.07,0,1,0,0.2999,0,200.07
1226,12,428.9,428.93,3,2,287,0,1,0,0.0333,0,1801.8,0,0,0,0,0,0,0.12423,0.040285,0.12423,0.040285,0,1,0,0.0333,0,1801.8,0,1,0,0.0333,0,1801.8
1226,12,429.2,429.77,3,2,288,0,1,0,0.5666,0,105.89,0,0.47064,0,0.26667,0,105.89,0.12402,0.040838,0.12568,0.041209,0,1,0,0.5666,0,105.89,0,1.4117,0,0.26662,0,317.68
1226,12,429.97,430,3,2,289,0,1,0,0.0333,0,1801.8,0,1,0,0.0333,0,1801.8,0,0,0,0,0,1,0,0.0333,0,1801.8,0,2,0,0.0333,0,3603.6
1226,12,431.3,432.8,3,2,290,0,0.86667,0,0.65,0,80,0,0.66667,0,1,0,40,0.10487,0.030172,0.10329,0.030218,0,1,0,1.5,0,40,0,1,0,1.5,0,40
1226,12,432.93,437.43,3,2,291,0,0.9926,0,2.2333,0,26.667,0,1,0,4.5,0,13.333,0.12078,0.030508,0.11883,0.030795,0,1,0,4.5,0,13.333,0,1,0,4.5,0,13.333
1226,12,437.5,437.63,1,2,292,0,0,0,0,0,0,0,1,0,0.1333,0,450.11,0.10119,0.026264,0.10126,0.025302,0,1,0,0.1333,0,450.11,0,1,0,0.1333,0,450.11
1226,12,437.63,437.7,15,2,293,0,0,0,0,0,899.55,0,1,0,0.0667,0,899.55,0.15789,0.046845,0.15789,0.046845,0,1,0,0.0667,0,899.55,0,1,0,0.0667,0,899.55
1226,12,439.47,439.5,21,2,294,1,0,0.0333,0,1801.8,0,0,1,0,0.0333,0,1801.8,0,0,0,0,1,1,0.0333,0.0333,1801.8,1801.8,0,1,0,0.0333,0,1801.8
1226,12,439.57,439.97,23,2,295,0,1,0,0.3999,0,150.04,0,1,0,0.3999,0,150.04,0.13214,0.081847,0.13248,0.074054,0,2,0,0.3999,0,300.08,0,1,0,0.3999,0,150.04
1226,12,440,440.03,23,2,296,0,1,0,0.0333,0,1801.8,0,1,0,0.0333,0,1801.8,0.13161,0.10479,0.13161,0.10479,0,2,0,0.0333,0,3603.6,0,1,0,0.0333,0,1801.8
1226,12,440.17,440.27,23,2,297,0,1,0,0.0999,0,600.6,0,1,0,0.0999,0,600.6,0.12477,0.099102,0.12477,0.099102,0,2,0,0.0999,0,1201.2,0,1,0,0.0999,0,600.6
1226,12,440.3,440.5,23,2,298,0,1,0,0.2,0,300,0,1,0,0.2,0,300,0.12884,0.096772,0.1293,0.097651,0,2,0,0.2,0,600,0,1,0,0.2,0,300
1226,12,440.87,440.93,21,2,299,1,0,0.0666,0,900.9,0,0,1,0,0.0666,0,900.9,0.18148,0.10868,0.18148,0.10868,1,1,0.0666,0.0666,900.9,900.9,0,1,0,0.0666,0,900.9
1226,12,441,443.83,21,2,300,1,0,2.8333,0,21.177,0,0,0.92942,0,2.6333,0,21.177,0.23606,0.065348,0.24707,0.062357,1.6,0,2.2666,0,42.353,0,0,1,0,2.8333,0,21.177
1226,12,444.53,444.57,21,2,301,0,1,0,0.0333,0,1801.8,0,0,0,0,0,0,0.12633,0.048788,0.12633,0.048788,2,0,0.0333,0,3603.6,0,0,0.999,0,0.033267,0,1801.8
1226,12,445.23,446.7,21,2,302,0.52274,0.43181,0.7667,0.63333,40.908,40.908,0,0.3409,0,0.5,0,40.908,0.2444,0.06541,0.24824,0.065591,1.3864,0,1.0167,0,81.816,0,0.15911,0.99998,0.23337,1.4667,40.908,40.908
1226,12,447.47,447.53,21,2,303,1,0,0.0666,0,900.9,0,1,0,0.0666,0,900.9,0,0.11081,0.0562,0.11081,0.0562,1,0,0.0666,0,900.9,0,0,1,0,0.0666,0,900.9
1226,12,447.67,449.33,21,2,304,0.92002,0,1.5333,0,36.001,0,0.35999,0.52,0.59997,0.86663,36.001,36.001,0.13469,0.059784,0.13288,0.059995,0.90002,0,1.5,0,36.001,0,0.18001,1,0.3,1.6666,36.001,36.001
1226,12,449.73,449.93,3,2,305,0.49983,0,0.099967,0,300,0,0,1,0,0.2,0,300,0.11778,0.042523,0.11734,0.039405,0,0,0,0,0,0,0,1,0,0.2,0,300
1226,12,450.13,450.5,3,2,306,0.8182,0,0.30003,0,163.62,0,0,1,0,0.3667,0,163.62,0.15525,0.049048,0.15755,0.046092,0,0.99991,0,0.36667,0,163.62,0,1,0,0.3667,0,163.62
1226,12,451.07,451.23,16,2,307,1,0,0.1666,0,360.14,0,0,1,0,0.1666,0,360.14,0.17738,0.073254,0.17659,0.081098,0,0,0,0,0,0,0,1,0,0.1666,0,360.14
1226,12,452.27,452.7,16,2,308,0,0.23079,0,0.1,0,138.47,0,1,0,0.4333,0,138.47,0.12305,0.033562,0.12525,0.030761,1,0,0.4333,0,138.47,0,0,1,0,0.4333,0,138.47
1226,12,452.77,452.83,5,2,309,0,1,0,0.0666,0,900.9,0,1,0,0.0666,0,900.9,0.075326,0.033021,0.075326,0.033021,0,1,0,0.0666,0,900.9,0,1,0,0.0666,0,900.9
1226,12,453.27,453.53,1,2,310,0,1,0,0.2666,0,225.06,0,1,0,0.2666,0,225.06,0.093221,0.030563,0.093652,0.030343,0,1,0,0.2666,0,225.06,0,1,0,0.2666,0,225.06
1226,12,453.7,454.57,1,2,311,0,0.88461,0,0.3833,0,138.47,0,1,0,0.8666,0,69.236,0.081034,0.023022,0.074227,0.023584,0,1,0,0.8666,0,69.236,0,1,0,0.8666,0,69.236
1226,12,454.87,454.9,1,2,312,0,1,0,0.0333,0,1801.8,0,1,0,0.0333,0,1801.8,0,0,0,0,0,1,0,0.0333,0,1801.8,0,1,0,0.0333,0,1801.8
1226,12,454.9,455.13,15,2,313,0,1,0,0.2333,0,257.18,0,1,0,0.2333,0,257.18,0.11871,0.034025,0.11703,0.032628,0,1,0,0.2333,0,257.18,0,1,0,0.2333,0,257.18
1226,12,455.9,456.63,1,2,314,0,1,0,0.7333,0,81.822,0,0.86363,0,0.31665,0,163.64,0.097552,0.033688,0.096001,0.035009,0,0.95459,0,0.7,0,81.822,0,1,0,0.7333,0,81.822
1226,12,456.63,456.77,15,2,315,0,1,0,0.1333,0,450.11,0,1,0,0.1333,0,450.11,0.15543,0.040272,0.15455,0.040175,0,0,0,0,0,0,0,1,0,0.1333,0,450.11
1226,12,456.77,457.33,1,2,316,0,1,0,0.5666,0,105.89,0,0.88234,0,0.24997,0,211.79,0.16722,0.049341,0.16629,0.043086,0,0,0,0,0,0,0,1,0,0.5666,0,105.89
1226,12,457.47,457.57,10,2,317,1,0,0.0999,0,600.6,0,0,1,0,0.0999,0,600.6,0.16453,0.093439,0.16453,0.093439,0,1,0,0.0999,0,600.6,0,1,0,0.0999,0,600.6
1226,12,457.77,457.83,6,2,318,0,1,0,0.0666,0,900.9,0,1,0,0.0666,0,900.9,0.14689,0.054049,0.14689,0.054049,0,1,0,0.0666,0,900.9,0,1,0,0.0666,0,900.9
1226,12,458.57,458.67,3,2,319,0,1,0,0.0999,0,600.6,0,0,0,0,0,0,0.1388,0.073649,0.1388,0.073649,0,1,0,0.0999,0,600.6,0,1,0,0.0999,0,600.6
1226,12,463.5,463.57,7,2,320,0,1,0,0.0666,0,900.9,0,1,0,0.0666,0,900.9,0.17693,0.094636,0.17693,0.094636,0,2,0,0.0666,0,1801.8,0,1,0,0.0666,0,900.9
1226,12,475.33,475.37,9,2,321,0,0,0,0,0,0,0,0,0,0,0,0,0.053047,0,0.053047,0,0,1,0,0.0333,0,1801.8,0,1,0,0.0333,0,1801.8
1226,12,475.97,476,9,2,322,0,0,0,0,0,0,0,0,0,0,0,1801.8,0,0,0,0,0,0,0,0,0,0,0,1,0,0.0333,0,1801.8
1226,12,476.1,476.47,11,2,323,0,0,0,0,0,0,0,1,0,0.3666,0,163.67,0.059455,0.014724,0.06043,0.014836,0,0,0,0,0,0,0,1,0,0.3666,0,163.67
1226,12,478.27,478.4,9,2,324,0,0,0,0,0,0,0,1,0,0.1333,0,450.11,0.093377,0.051491,0.093994,0.050415,0,0,0,0,0,0,0,1,0,0.1333,0,450.11
1226,12,478.5,478.73,5,2,325,0,1,0,0.2333,0,257.18,0,0,0,0,0,0,0.12182,0.041843,0.12203,0.042327,0,0,0,0,0,0,0,1,0,0.2333,0,257.18
1226,12,479.07,479.3,5,2,326,0,1,0,0.2333,0,257.18,0,1,0,0.2333,0,257.18,0.10506,0.032952,0.1044,0.032641,0,0,0,0,0,0,0,1,0,0.2333,0,257.18
1226,12,480.1,480.13,3,2,327,0,1,0,0.0333,0,1801.8,0,0,0,0,0,0,0.068447,0.022414,0.068447,0.022414,0,0,0,0,0,0,0,1,0,0.0333,0,1801.8
1226,12,480.73,480.8,15,2,328,0,1,0,0.0667,0,899.55,0,0,0,0,0,0,0.081978,0.030952,0.081978,0.030952,0,0,0,0,0,0,0,1,0,0.0667,0,899.55
1226,12,481.9,481.93,16,2,329,0,0,0,0,0,0,0,0,0,0,0,0,0.116,0.04895,0.116,0.04895,0,0,0,0,0,0,0,1,0,0.0333,0,1801.8
1226,12,482.3,482.47,16,2,330,0,0,0,0,0,0,0,0,0,0,0,0,0.25367,0.029344,0.2583,0.029492,0,0,0,0,0,0,0,1,0,0.1666,0,360.14
1226,12,483.03,483.1,16,2,331,0,1,0,0.0667,0,899.55,0,0,0,0,0,0,0.13535,0.053022,0.13535,0.053022,0,1,0,0.0667,0,899.55,0,1,0,0.0667,0,899.55
1226,12,484.27,484.63,23,2,332,0,1,0,0.3666,0,163.67,0,0,0,0,0,0,0.13918,0.030109,0.13831,0.029357,0,1,0,0.3666,0,163.67,0,1,0,0.3666,0,163.67
1226,12,484.67,485.03,23,2,333,0,0.63639,0,0.2333,0,163.67,0,0.63648,0,0.23333,0,163.67,0.16454,0.032682,0.16442,0.032689,0,1,0,0.3666,0,163.67,0,1,0,0.3666,0,163.67
1226,12,485.03,485.07,15,2,334,0,0,0,0,0,0,0,0,0,0,0,0,0.20736,0.050181,0.20736,0.050181,0,1,0,0.0333,0,1801.8,0,1,0,0.0333,0,1801.8
1226,12,486.2,487.73,24,2,335,1,0,1.5333,0,39.131,0,0.86956,0,1.3333,0,39.131,0,0.20208,0.073279,0.19778,0.067622,2,0,1.5333,0,78.263,0,0,1,0,1.5333,0,39.131
1226,12,488.13,488.3,9,2,336,0,1,0,0.1667,0,359.93,0,1,0,0.1667,0,359.93,0.093749,0.05472,0.093503,0.054772,0,2,0,0.1667,0,719.86,0,1,0,0.1667,0,359.93
1226,12,488.3,489.3,24,2,337,0.93333,0,0.93333,0,60,0,0,0.66667,0,0.66667,0,60,0.13697,0.066084,0.13825,0.065672,1.8333,0,0.91667,0,120,0,0,1.3667,0,0.68333,0,120
1226,12,489.47,489.5,15,2,338,0,0,0,0,0,0,0,0,0,0,0,0,0,0,0,0,0,1,0,0.0333,0,1801.8,0,2,0,0.0333,0,3603.6
1226,12,490.7,491.37,24,2,339,0.94999,0,0.63327,0,90.009,0,0,0,0,0,0,0,0.1597,0.060087,0.16437,0.058614,1,0,0.6666,0,90.009,0,0,2,0,0.6666,0,180.02
1226,12,491.37,491.6,21,2,340,0,1,0,0.2333,0,257.18,0,0.28576,0,0.066667,0,257.18,0.25115,0.10553,0.25027,0.11164,0,1,0,0.2333,0,257.18,1,1,0.2333,0.2333,257.18,257.18
1226,12,491.73,491.83,24,2,341,1,0,0.1,0,600,0,0,1,0,0.1,0,600,0.23628,0.12276,0.23537,0.12277,1,0,0.1,0,600,0,0,2,0,0.1,0,1200
1226,12,491.9,492,21,2,342,0,1,0,0.1,0,600,0,1,0,0.1,0,600,0.1577,0.10495,0.15648,0.10532,0,1,0,0.1,0,600,1,1,0.1,0.1,600,600
1226,12,492.03,492.07,21,2,343,0,1,0,0.0333,0,1801.8,0,0.001001,0,3.3333e-05,0,1801.8,0.14942,0.10178,0.14942,0.10178,0,1,0,0.0333,0,1801.8,1,1,0.0333,0.0333,1801.8,1801.8
1226,12,492.47,492.73,23,2,344,0,1,0,0.2666,0,225.06,0,0.37497,0,0.099967,0,225.06,0.1348,0.090414,0.13482,0.090347,0,1,0,0.2666,0,225.06,0,2,0,0.2666,0,450.11
1226,12,492.8,492.87,24,2,345,1,0,0.0666,0,900.9,0,0,0,0,0,0,0,0.17437,0.099078,0.17437,0.099078,1,0,0.0666,0,900.9,0,0,2,0,0.0666,0,1801.8
1226,12,493.83,493.87,23,2,346,0,0,0,0,0,0,0,1,0,0.0333,0,1801.8,0.18035,0.083344,0.18035,0.083344,0,1,0,0.0333,0,1801.8,0,1,0,0.0333,0,1801.8
1226,12,494.33,494.37,15,2,347,0,1,0,0.0333,0,1801.8,0,0,0,0,0,0,0.14844,0.056597,0.14844,0.056597,0,1,0,0.0333,0,1801.8,0,1,0,0.0333,0,1801.8
1226,12,495.07,495.23,15,2,348,0,1,0,0.1666,0,360.14,0,0,0,0,0,0,0.18743,0.075142,0.18818,0.07494,0,1,0,0.1666,0,360.14,0,1,0,0.1666,0,360.14
1226,12,495.77,495.93,15,2,349,0,1,0,0.1666,0,360.14,0,1,0,0.1666,0,360.14,0.11509,0.043154,0.11533,0.042264,0,1,0,0.1666,0,360.14,0,1.6,0,0.13328,0,720.29
1226,12,496.67,497.23,5,2,350,0.41175,0,0.2333,0,105.89,0,0,0.41181,0,0.23333,0,105.89,0.098259,0.035166,0.094985,0.03148,0,0.41181,0,0.23333,0,105.89,0,1,0,0.5666,0,105.89
1226,12,497.43,497.47,2,2,351,0,0,0,0,0,0,0,0,0,0,0,0,0.059326,0,0.059326,0,0,0,0,0,0,0,0,1,0,0.0333,0,1801.8
1226,12,502.03,502.27,15,2,352,0,1,0,0.2333,0,257.18,0,0,0,0,0,0,0.1005,0.032142,0.10322,0.032007,0,0,0,0,0,0,0,1,0,0.2333,0,257.18
1226,12,502.43,502.73,15,2,353,0,1,0,0.3,0,200,0,0,0,0,0,0,0.10232,0.02945,0.1031,0.029298,0,0,0,0,0,0,0,1,0,0.3,0,200
1226,12,502.93,503.1,15,2,354,0,1,0,0.1667,0,359.93,0,0,0,0,0,0,0.10939,0.033689,0.11226,0.034246,0,0,0,0,0,0,0,1,0,0.1667,0,359.93
1226,12,503.2,503.3,11,2,355,0,0.66667,0,0.066667,0,600,0,0,0,0,0,0,0.27169,0.040065,0.27691,0.040476,0,0,0,0,0,0,0,1,0,0.1,0,600
1226,12,503.3,503.5,15,2,356,0,0,0,0,0,0,0,0.33333,0,0.066667,0,300,0.12342,0.027011,0.12341,0.026239,0,0,0,0,0,0,0,1,0,0.2,0,300
1226,12,504.33,504.47,3,2,357,0,0,0,0,0,0,0,0.49962,0,0.0666,0,450.11,0.081099,0.031742,0.081727,0.032177,0,1,0,0.1333,0,450.11,0,1,0,0.1333,0,450.11
1226,12,506.8,507.37,15,2,358,0,0.52947,0,0.3,0,105.89,0,0.5883,0,0.33333,0,105.89,0.12284,0.036977,0.12282,0.037353,0,1,0,0.5666,0,105.89,0,1,0,0.5666,0,105.89
1226,12,507.4,507.57,15,2,359,0,0,0,0,0,0,0,0,0,0,0,0,0.13186,0.037639,0.13333,0.036624,0,1,0,0.1666,0,360.14,0,1,0,0.1666,0,360.14
1226,12,507.87,508.23,1,2,360,0,0,0,0,0,0,0,0,0,0,0,0,0.080666,0.032601,0.08026,0.031933,0,1,0,0.3666,0,163.67,0,1,0,0.3666,0,163.67
1226,12,508.3,508.57,23,2,361,0,1,0,0.2666,0,225.06,0,0.62491,0,0.1666,0,225.06,0.12381,0.033983,0.11571,0.033869,0,1,0,0.2666,0,225.06,0,1,0,0.2666,0,225.06
1226,12,508.57,508.7,1,2,362,0,1,0,0.1333,0,450.11,0,1,0,0.1333,0,450.11,0.10789,0.03962,0.10971,0.038368,0,1,0,0.1333,0,450.11,0,1,0,0.1333,0,450.11
1226,12,508.7,508.73,15,2,363,1,0,0.0333,0,1801.8,0,0,1,0,0.0333,0,1801.8,0.16023,0.054878,0.16023,0.054878,0,1,0,0.0333,0,1801.8,0,1,0,0.0333,0,1801.8
1226,12,508.93,509.13,15,2,364,1,0,0.2,0,300,0,0,0,0,0,0,0,0.13101,0.042262,0.13104,0.0418,0,1,0,0.2,0,300,0,1,0,0.2,0,300
1226,12,509.13,509.17,1,2,365,0,1,0,0.0333,0,1801.8,0,0,0,0,0,0,0.066855,0.016582,0.066855,0.016582,0,1,0,0.0333,0,1801.8,0,1,0,0.0333,0,1801.8
1226,12,509.53,509.57,23,2,366,0,1,0,0.0333,0,1801.8,0,1,0,0.0333,0,1801.8,0.17798,0.037199,0.17798,0.037199,0,1,0,0.0333,0,1801.8,0,1,0,0.0333,0,1801.8
1226,12,509.7,509.93,15,2,367,0,1,0,0.2333,0,257.18,0,1,0,0.2333,0,257.18,0.12764,0.028457,0.13093,0.027075,0,1,0,0.2333,0,257.18,0,1,0,0.2333,0,257.18
1226,12,510.67,510.8,21,2,368,0,1,0,0.1333,0,450.11,0,1,0,0.1333,0,450.11,0.21009,0.016734,0.21585,0.01672,0,1,0,0.1333,0,450.11,0,1,0,0.1333,0,450.11
1226,12,510.83,511.8,21,2,369,0,0.89656,0,0.43335,0,124.13,0,1,0,0.9667,0,62.067,0.20731,0.011327,0.25582,0.010647,0,1,0,0.9667,0,62.067,0,1,0,0.9667,0,62.067
1226,12,512.3,512.33,21,2,370,0,1,0,0.0333,0,1801.8,0,1,0,0.0333,0,1801.8,0.23145,0.019316,0.23145,0.019316,0,0,0,0,0,0,0,1,0,0.0333,0,1801.8
1226,12,512.47,512.63,15,2,371,0,1,0,0.1666,0,360.14,0,1,0,0.1666,0,360.14,0.067795,0.021456,0.067938,0.020676,0,0,0,0,0,0,0,1,0,0.1666,0,360.14
1226,12,513,513.17,3,2,372,0,1,0,0.1666,0,360.14,0,1,0,0.1666,0,360.14,0.099545,0.0389,0.10082,0.038643,0,0,0,0,0,0,0,1,0,0.1666,0,360.14
1226,12,513.63,513.8,3,2,373,0,1,0,0.1667,0,359.93,0,1,0,0.1667,0,359.93,0.15972,0.047702,0.1611,0.046057,0,1,0,0.1667,0,359.93,0,1,0,0.1667,0,359.93
1226,12,514.53,514.73,13,2,374,1,0,0.2,0,300,0,0,1,0,0.2,0,300,0.14117,0.041755,0.14216,0.040723,1,0,0.2,0,300,0,0,1,0,0.2,0,300
1226,12,514.87,515.63,13,2,375,1,0,0.7666,0,78.268,0,0.21737,0.52174,0.16663,0.39997,78.268,78.268,0.1442,0.035076,0.14488,0.034681,1,0.043439,0.7666,0.0333,78.268,78.268,0,1,0,0.7666,0,78.268
1226,12,517.03,517.73,13,2,376,0.42862,0.47614,0.30003,0.3333,85.714,85.714,0,0.85714,0,0.3,0,171.43,0.14443,0.05276,0.14273,0.051996,1,1,0.7,0.7,85.714,85.714,0,1,0,0.7,0,85.714
1226,12,522.67,522.93,15,2,377,1,0,0.2666,0,225.06,0,0,1,0,0.2666,0,225.06,0.14535,0.036255,0.14273,0.039251,0,2,0,0.2666,0,450.11,0,1,0,0.2666,0,225.06
1226,12,522.93,523.2,1,2,378,0,1,0,0.2667,0,224.97,0,1,0,0.2667,0,224.97,0.092461,0.023846,0.093083,0.023904,0,2,0,0.2667,0,449.94,0,1,0,0.2667,0,224.97
1226,12,523.2,523.7,23,2,379,0,1,0,0.5,0,120,0,1,0,0.5,0,120,0.15715,0.052046,0.15703,0.044451,0,2,0,0.5,0,240,0,1,0,0.5,0,120
1226,12,524.07,524.1,23,2,380,0,0,0,0,0,0,0,1,0,0.0333,0,1801.8,0,0,0,0,0,2,0,0.0333,0,3603.6,0,1,0,0.0333,0,1801.8
1226,12,524.1,524.37,15,2,381,0,0,0,0,0,0,0,1,0,0.2666,0,225.06,0.14426,0.040657,0.14484,0.042242,0,2,0,0.2666,0,450.11,0,1,0,0.2666,0,225.06
1226,12,524.83,525.53,15,2,382,0,0,0,0,0,0,0,0.42857,0,0.15,0,171.43,0.14653,0.046898,0.15046,0.0445,0,1,0,0.35002,0,171.43,0,1,0,0.7,0,85.714
1226,12,525.9,527.2,15,2,383,0,0.94872,0,1.2333,0,46.154,0,0.33333,0,0.21667,0,92.308,0.12674,0.053504,0.12727,0.05362,0,1,0,1.3,0,46.154,0,1,0,1.3,0,46.154
1226,12,529.5,530.73,18,2,384,0,1,0,1.2333,0,48.65,0,0,0,0,0,0,0.14373,0.04983,0.14651,0.049684,0,1,0,1.2333,0,48.65,0,1,0,1.2333,0,48.65
1226,12,530.9,530.93,18,2,385,0,1,0,0.0333,0,1801.8,0,1,0,0.0333,0,1801.8,0.15458,0.053894,0.15458,0.053894,0,0,0,0,0,0,0,1,0,0.0333,0,1801.8
1226,12,531.13,531.37,18,2,386,0,1,0,0.2333,0,257.18,0,1,0,0.2333,0,257.18,0.14011,0.044352,0.14199,0.044619,0,0,0,0,0,0,0,1,0,0.2333,0,257.18
1226,12,531.77,534.03,3,2,387,0,0.95588,0,1.0833,0,52.943,0,0.51471,0,1.1666,0,26.471,0.15529,0.042846,0.14964,0.04099,0,0,0,0,0,0,0,1,0,2.2666,0,26.471
1226,12,534.07,536,3,2,388,0,0.68965,0,0.66665,0,62.07,0.51725,0.22412,1,0.21665,31.035,62.07,0.16493,0.049001,0.16094,0.048422,0,0.051725,0,0.1,0,31.035,0,1,0,1.9333,0,31.035
1226,12,536.03,536.13,3,2,389,0,1,0,0.1,0,600,0,0,0,0,0,0,0.098129,0.037499,0.097969,0.037104,0,1,0,0.1,0,600,0,1,0,0.1,0,600
1226,12,536.67,536.8,18,2,390,0,0,0,0,0,0,0,0,0,0,0,0,0.11145,0.041787,0.11003,0.042584,0,1,0,0.1333,0,450.11,0,1,0,0.1333,0,450.11
1226,12,537.23,537.3,1,2,391,0,1,0,0.0667,0,899.55,0,1,0,0.0667,0,899.55,0.12593,0.048287,0.12593,0.048287,0,1,0,0.0667,0,899.55,0,1,0,0.0667,0,899.55
1226,12,545.33,545.7,15,2,392,0,0.2727,0,0.1,0,163.62,0,1,0,0.3667,0,163.62,0.10924,0.051895,0.107,0.05195,0,0.36379,0,0.0667,0,327.24,0,1,0,0.3667,0,163.62
1226,12,545.8,545.83,15,2,393,0,1,0,0.0333,0,1801.8,0,1,0,0.0333,0,1801.8,0.13798,0.039609,0.13798,0.039609,0,0,0,0,0,0,0,1,0,0.0333,0,1801.8
1226,12,546.73,546.77,23,2,394,0,1,0,0.0333,0,1801.8,0,1,0,0.0333,0,1801.8,0.077116,0.047065,0.077116,0.047065,0,1,0,0.0333,0,1801.8,0,2,0,0.0333,0,3603.6
1226,12,547.47,547.57,23,2,395,0,0,0,0,0,0,0,1,0,0.0999,0,600.6,0.087383,0.022419,0.087383,0.022419,0,1,0,0.0999,0,600.6,0,2,0,0.0999,0,1201.2
1226,12,547.63,547.67,15,2,396,0,1,0,0.0333,0,1801.8,0,1,0,0.0333,0,1801.8,0.14837,0.027983,0.14837,0.027983,0,1,0,0.0333,0,1801.8,0,2,0,0.0333,0,3603.6
1226,12,547.67,547.7,1,2,397,0,1,0,0.0333,0,1801.8,0,1,0,0.0333,0,1801.8,0,0,0,0,0,1,0,0.0333,0,1801.8,0,2,0,0.0333,0,3603.6
1226,12,547.7,548.1,15,2,398,0,1,0,0.4,0,150,0,1,0,0.4,0,150,0.13978,0.039487,0.13617,0.040164,0,1,0,0.4,0,150,0,2,0,0.4,0,300
1226,12,548.3,549.9,15,2,399,0,0.5,0,0.4,0,75,0,1,0,1.6,0,37.5,0.12798,0.042948,0.13143,0.043167,0,1,0,1.6,0,37.5,0,1.1667,0,0.93333,0,75
1226,12,550,550.5,18,2,400,1,0,0.5,0,120,0,0,1,0,0.5,0,120,0.12411,0.045467,0.12875,0.045739,0,1.8667,0,0.46667,0,240,0,1,0,0.5,0,120
1226,12,550.57,550.6,24,2,401,0,1,0,0.0333,0,1801.8,0,0,0,0,0,0,0,0,0,0,1,0,0.0333,0,1801.8,0,0,1,0,0.0333,0,1801.8
1226,12,550.7,552.4,18,2,402,0.19608,0.62745,0.33333,1.0667,35.294,35.294,0,0.35294,0,0.2,0,105.88,0.16691,0.057077,0.16424,0.058041,0,1,0,1.7,0,35.294,0,1,0,1.7,0,35.294
1226,12,552.43,553.1,18,2,403,0,0.74996,0,0.5,0,89.996,0,0.20004,0,0.066683,0,179.99,0.18625,0.06354,0.18669,0.063685,0,1,0,0.6667,0,89.996,0,1,0,0.6667,0,89.996
1226,12,553.27,554.13,18,2,404,0,0.96157,0,0.8333,0,69.236,0,0.23075,0,0.19997,0,69.236,0.16577,0.064038,0.16818,0.064336,0,1,0,0.8666,0,69.236,0,1,0,0.8666,0,69.236
1226,12,560.17,560.47,18,2,405,0,0.66667,0,0.19993,0,200.07,0,0,0,0,0,0,0.17341,0.060247,0.17428,0.059268,0,1,0,0.2999,0,200.07,0,1,0,0.2999,0,200.07
1226,12,560.5,560.67,18,2,406,0,1,0,0.1666,0,360.14,0,0,0,0,0,0,0.23505,0.056801,0.21489,0.056878,0,1,0,0.1666,0,360.14,0,1,0,0.1666,0,360.14
1226,12,561.63,562.37,18,2,407,0,0.40906,0,0.14998,0,163.64,0,0,0,0,0,0,0.15514,0.056593,0.1547,0.056603,0,1,0,0.7333,0,81.822,0,1,0,0.7333,0,81.822
1226,12,566.1,566.17,18,2,408,0,1,0,0.0666,0,900.9,0,0,0,0,0,0,0.12052,0.040392,0.12052,0.040392,0,1,0,0.0666,0,900.9,0,1,0,0.0666,0,900.9
1226,12,566.4,566.5,18,2,409,0,1,0,0.1,0,600,0,0,0,0,0,0,0.12208,0.042326,0.12271,0.04249,0,1,0,0.1,0,600,0,1,0,0.1,0,600
1226,12,566.57,566.6,23,2,410,0,1,0,0.0333,0,1801.8,0,0,0,0,0,0,0,0,0,0,0,1,0,0.0333,0,1801.8,0,1,0,0.0333,0,1801.8
1226,12,567.43,567.57,6,2,411,0,1,0,0.1333,0,450.11,0,0,0,0,0,0,0.3073,0.078692,0.30757,0.076059,0,1,0,0.1333,0,450.11,0,1,0,0.1333,0,450.11
1226,12,567.6,568.23,18,2,412,0,0.8421,0,0.26665,0,189.48,0,0.36844,0,0.23333,0,94.742,0.16324,0.054303,0.16404,0.053759,0,1,0,0.6333,0,94.742,0,1,0,0.6333,0,94.742
1226,12,572.63,572.67,15,2,413,0,0,0,0,0,0,0,0,0,0,0,0,0.083105,0.030007,0.083105,0.030007,0,2,0,0.0333,0,3603.6,0,1,0,0.0333,0,1801.8
1226,12,574.33,574.37,23,2,414,0,1,0,0.0333,0,1801.8,0,1,0,0.0333,0,1801.8,0.12491,0.044927,0.12491,0.044927,0,2,0,0.0333,0,3603.6,0,1,0,0.0333,0,1801.8
1226,12,574.53,574.67,23,2,415,0,1,0,0.1333,0,450.11,0,0,0,0,0,0,0.15228,0.041065,0.15297,0.039469,0,1,0,0.1333,0,450.11,0,0.99975,0,0.13327,0,450.11
1226,12,574.73,574.8,23,2,416,0,1,0,0.0667,0,899.55,0,0,0,0,0,0,0.14639,0.039126,0.14639,0.039126,0,1,0,0.0667,0,899.55,0,0.9995,0,0.066667,0,899.55
1226,12,589.17,589.5,18,2,417,0,1,0,0.3333,0,180.02,0,1,0,0.3333,0,180.02,0.17388,0.028652,0.17245,0.029086,0,2,0,0.3333,0,360.04,0,1,0,0.3333,0,180.02
1226,12,589.73,589.8,18,2,418,0,1,0,0.0667,0,899.55,0,1,0,0.0667,0,899.55,0.17117,0.026358,0.17117,0.026358,0,2,0,0.0667,0,1799.1,0,0.9995,0,0.066667,0,899.55
1226,12,589.97,590.07,18,2,419,0,1,0,0.0999,0,600.6,0,1,0,0.0999,0,600.6,0.16592,0.025118,0.16592,0.025118,0,2,0,0.0999,0,1201.2,0,1,0,0.0999,0,600.6
1226,12,590.27,590.37,18,2,420,0,1,0,0.0999,0,600.6,0,0,0,0,0,0,0.16504,0.033183,0.16504,0.033183,0,2,0,0.0999,0,1201.2,0,1,0,0.0999,0,600.6
1226,12,590.5,590.57,18,2,421,0,1,0,0.0666,0,900.9,0,0,0,0,0,0,0.16179,0.032048,0.16179,0.032048,0,2,0,0.0666,0,1801.8,0,1,0,0.0666,0,900.9
1226,12,594.9,594.93,23,2,422,0,0,0,0,0,0,0,1,0,0.0333,0,1801.8,0.13468,0.041881,0.13468,0.041881,0,1,0,0.0333,0,1801.8,0,1,0,0.0333,0,1801.8
1226,12,594.93,594.97,18,2,423,0,0,0,0,0,0,0,1,0,0.0333,0,1801.8,0.09748,0.026215,0.09748,0.026215,0,1,0,0.0333,0,1801.8,0,1,0,0.0333,0,1801.8
1226,12,595.07,595.63,1,2,424,0,0.52942,0,0.29997,0,105.89,0,1,0,0.5666,0,105.89,0.10413,0.041475,0.1076,0.041619,0,0.52942,0,0.29997,0,105.89,0,1,0,0.5666,0,105.89
1226,12,595.63,596.7,15,2,425,0.25002,0,0.2667,0,56.248,0,0,1,0,1.0667,0,56.248,0.16205,0.079183,0.16168,0.078255,0,0,0,0,0,0,0,1.625,0,0.86668,0,112.5
1226,12,596.73,596.83,15,2,426,0,0,0,0,0,0,0,1,0,0.05,0,1200,0.16501,0.078995,0.16406,0.08314,0,0,0,0,0,0,0,1,0,0.1,0,600
1226,12,596.97,597.37,15,2,427,0,0,0,0,0,0,0,1,0,0.3999,0,150.04,0.1371,0.078719,0.13474,0.076575,0,0,0,0,0,0,0,1.5835,0,0.31662,0,300.08
1226,12,597.43,603,23,2,428,0,0.63473,0,1.7667,0,21.557,0,0.83832,0,2.3333,0,21.557,0.16414,0.028734,0.17197,0.027604,0,0,0,0,0,0,0,1.6228,0,3.0111,0,32.335
1226,12,604.5,604.67,23,2,429,0,1,0,0.1666,0,360.14,0,0,0,0,0,0,0.063087,0.026823,0.063034,0.026863,0,1,0,0.1666,0,360.14,0,1,0,0.1666,0,360.14
1226,12,605.77,606.57,23,2,430,0,0.74997,0,0.29995,0,150.02,0,0,0,0,0,0,0.18013,0.035964,0.17785,0.03479,0,0,0,0,0,0,0,1,0,0.7999,0,75.009
1226,12,606.77,607.57,18,2,431,0,0.45839,0,0.36667,0,75.009,0,1,0,0.7999,0,75.009,0.13469,0.046728,0.13464,0.045158,0,0.1666,0,0.13327,0,75.009,0,2,0,0.7999,0,150.02
1226,12,608.03,609.37,23,2,432,0.30003,0.62497,0.40003,0.83327,45.001,45.001,0,1,0,1.3333,0,45.001,0.14328,0.032958,0.13345,0.028346,0,1,0,1.3333,0,45.001,0.89997,1,1.1999,1.3333,45.001,45.001
1226,12,610.63,610.67,1,2,433,0,0,0,0,0,0,0,0,0,0,0,0,0.058857,0.01759,0.058857,0.01759,0,1,0,0.0333,0,1801.8,0,1,0,0.0333,0,1801.8
1226,12,610.73,611.83,15,2,434,0.69694,0,0.76663,0,54.545,0,0,0,0,0,0,0,0.1475,0.067751,0.15177,0.073648,0,1.4242,0,0.78332,0,109.09,0,1,0,1.1,0,54.545
1226,12,611.83,611.9,7,2,435,0,1,0,0.0667,0,899.55,0,0,0,0,0,0,0.11388,0.074638,0.11388,0.074638,0,2,0,0.0667,0,1799.1,0,1,0,0.0667,0,899.55
1226,12,612,612.07,1,2,436,0,1,0,0.0666,0,900.9,0,0,0,0,0,0,0.10325,0.071959,0.10325,0.071959,1,1,0.0666,0.0666,900.9,900.9,0,1,0,0.0666,0,900.9
1226,12,612.1,612.17,1,2,437,0,1,0,0.0666,0,900.9,0,0,0,0,0,0,0.11463,0.070278,0.11463,0.070278,1,1,0.0666,0.0666,900.9,900.9,0,1.4995,0,0.049933,0,1801.8
1226,12,612.33,612.63,6,2,438,0,1,0,0.3,0,200,0,0.33322,0,0.099967,0,200,0.084409,0.05371,0.085312,0.054505,0,2,0,0.3,0,400,0,2,0,0.3,0,400
1226,12,613.13,613.57,15,2,439,0,1,0,0.4333,0,138.47,0,0.84614,0,0.18332,0,276.94,0.15059,0.070507,0.15207,0.072419,0,1.5386,0,0.33333,0,276.94,0,1.4617,0,0.31667,0,276.94
1226,12,613.57,613.87,23,2,440,0,1,0,0.2999,0,200.07,0,0.66678,0,0.19997,0,200.07,0.10868,0.03765,0.11013,0.036066,0,1.6667,0,0.24992,0,400.13,0,1.6667,0,0.24992,0,400.13
1226,12,614.77,615.47,6,2,441,1,0,0.6999,0,85.727,0,0,0.57137,0,0.19995,0,171.45,0.1004,0.041777,0.095426,0.040878,1,0.76197,0.6999,0.5333,85.727,85.727,0,1,0,0.6999,0,85.727
1226,12,615.57,615.6,6,2,442,1,0,0.0333,0,1801.8,0,0,1,0,0.0333,0,1801.8,0,0,0,0,1,0,0.0333,0,1801.8,0,0,1,0,0.0333,0,1801.8
1226,12,615.67,615.73,6,2,443,1,0,0.0666,0,900.9,0,0,1,0,0.0666,0,900.9,0.12106,0.030625,0.12106,0.030625,0,0,0,0,0,0,0,1,0,0.0666,0,900.9
1226,12,615.77,616.07,6,2,444,1,0,0.2999,0,200.07,0,0,1,0,0.2999,0,200.07,0.13394,0.071613,0.13515,0.071642,0,0,0,0,0,0,0,1,0,0.2999,0,200.07
1226,12,616.17,616.4,23,2,445,0,1,0,0.2333,0,257.18,0,1,0,0.2333,0,257.18,0.086367,0.059413,0.086296,0.060054,0,0.57151,0,0.13333,0,257.18,0,1,0,0.2333,0,257.18
1226,12,616.47,616.83,23,2,446,0,1,0,0.3666,0,163.67,0,1,0,0.3666,0,163.67,0.086811,0.051262,0.087005,0.050612,0,1,0,0.3666,0,163.67,0,1,0,0.3666,0,163.67
1226,12,616.87,616.9,23,2,447,0,1,0,0.0333,0,1801.8,0,1,0,0.0333,0,1801.8,0,0,0,0,0,1,0,0.0333,0,1801.8,0,1,0,0.0333,0,1801.8
1226,12,616.93,617.1,6,2,448,1,0,0.1667,0,359.93,0,0,1,0,0.1667,0,359.93,0.15967,0.060848,0.16468,0.065104,1,0,0.1667,0,359.93,0,0,1,0,0.1667,0,359.93
1226,12,617.1,617.13,20,2,449,0,1,0,0.0333,0,1801.8,0,1,0,0.0333,0,1801.8,0.24607,0.07494,0.24607,0.07494,0,1,0,0.0333,0,1801.8,0,1,0,0.0333,0,1801.8
1226,12,617.7,618.13,20,2,450,0,1,0,0.4333,0,138.47,0,1,0,0.4333,0,138.47,0.22991,0.048072,0.23291,0.047416,0,1,0,0.4333,0,138.47,0,1,0,0.4333,0,138.47
1226,12,618.13,619.67,6,2,451,0.56525,0.36953,0.8667,0.5666,39.131,39.131,0,0.95652,0,0.73332,0,78.263,0.31542,0.056184,0.32823,0.055044,1.3913,0,1.0667,0,78.263,0,0,1,0,1.5333,0,39.131
1226,12,620,620.67,6,2,452,0,1,0,0.6666,0,90.009,0,0.25003,0,0.16667,0,90.009,0.13236,0.042484,0.13297,0.044641,1,0,0.6666,0,90.009,0,0,1,0,0.6666,0,90.009
1226,12,623.6,623.9,6,2,453,0,1,0,0.3,0,200,0.66667,0.11111,0.2,0.033333,200,200,0.1672,0.036768,0.17059,0.036001,1,0,0.3,0,200,0,0,1,0,0.3,0,200
1226,12,630.57,630.9,6,2,454,1,0,0.3333,0,180.02,0,0.40004,0.29993,0.13333,0.099967,180.02,180.02,0.1562,0.01417,0.15074,0.01277,1.1,0,0.18332,0,360.04,0,0,1,0,0.3333,0,180.02
1226,12,630.9,631.4,8,2,455,0,1,0,0.5,0,120,0,1,0,0.5,0,120,0.13227,0.041395,0.13357,0.042814,0,1.3333,0,0.22222,0,360,0,1,0,0.5,0,120
1226,12,631.47,632.1,6,2,456,1,0,0.6333,0,94.742,0,0.68419,0.1579,0.4333,0.1,94.742,94.742,0.10575,0.047871,0.10321,0.045271,2,0,0.6333,0,189.48,0,0,1,0,0.6333,0,94.742
1226,12,632.1,632.13,8,2,457,0,1,0,0.0333,0,1801.8,0,1,0,0.0333,0,1801.8,0.15988,0.058542,0.15988,0.058542,0,2,0,0.0333,0,3603.6,0,1,0,0.0333,0,1801.8
1226,12,632.13,632.3,6,2,458,1,0,0.1667,0,359.93,0,0,1,0,0.1667,0,359.93,0.097238,0.043299,0.096875,0.043529,2,0,0.1667,0,719.86,0,0,1,0,0.1667,0,359.93
1226,12,632.6,632.63,8,2,459,0,1,0,0.0333,0,1801.8,0,1,0,0.0333,0,1801.8,0.13774,0.068205,0.13774,0.068205,0,2,0,0.0333,0,3603.6,0,2,0,0.0333,0,3603.6
1226,12,633.07,634.87,23,2,460,0.61111,0.24074,1.0999,0.4333,33.335,33.335,0,0.42591,0,0.3833,0,66.67,0.17034,0.031745,0.16965,0.03655,0,0.85188,0,1.5333,0,33.335,0,1.6666,0,0.74995,0,133.34
1226,12,635,635.27,23,2,461,0,0,0,0,0,0,0,1,0,0.2666,0,225.06,0.13506,0.061628,0.13757,0.065251,0,0,0,0,0,0,0,2,0,0.2666,0,450.11
1226,12,635.47,635.63,15,2,462,0.60004,0,0.099967,0,360.14,0,0,1,0,0.1666,0,360.14,0.15113,0.081664,0.1524,0.081104,0,0,0,0,0,0,0,2,0,0.1666,0,720.29
1226,12,635.67,636.93,15,2,463,0.84212,0,1.0666,0,47.371,0,0,1,0,1.2666,0,47.371,0.17972,0.07674,0.18946,0.077928,0,0.73685,0,0.9333,0,47.371,0,2,0,1.2666,0,94.742
1226,12,636.97,637.07,9,2,464,0,0,0,0,0,0,0,1,0,0.0999,0,600.6,0.10097,0.032634,0.10097,0.032634,0,1,0,0.0999,0,600.6,0,1.667,0,0.083267,0,1201.2
1226,12,637.17,637.73,18,2,465,0,0,0,0,0,0,0,1,0,0.5666,0,105.89,0.14189,0.048728,0.14473,0.048026,0,1,0,0.5666,0,105.89,0,1,0,0.5666,0,105.89
1226,12,637.77,637.97,15,2,466,0,0,0,0,0,0,0,1,0,0.1999,0,300.15,0.22065,0.041686,0.22144,0.042105,0,1,0,0.1999,0,300.15,0,1,0,0.1999,0,300.15
1226,12,637.97,638,1,2,467,0,0,0,0,0,0,0,1,0,0.0333,0,1801.8,0,0,0,0,1,0,0.0333,0,1801.8,0,0,1,0,0.0333,0,1801.8
1226,12,638,638.03,15,2,468,0,0,0,0,0,0,0,1,0,0.0333,0,1801.8,0.22402,0.038113,0.22402,0.038113,0,1,0,0.0333,0,1801.8,0,1,0,0.0333,0,1801.8
1226,12,638.03,638.2,1,2,469,0,0.19996,0,0.033333,0,359.93,0,1,0,0.1667,0,359.93,0.22586,0.051956,0.23536,0.054403,1,0,0.1667,0,359.93,0,0,1.5999,0,0.13335,0,719.86
1226,12,639.53,639.6,5,2,470,0,1,0,0.0667,0,899.55,0,1,0,0.0667,0,899.55,0.11659,0.055808,0.11659,0.055808,0,0,0,0,0,0,0,2,0,0.0667,0,1799.1
1226,12,639.8,640,5,2,471,0,1,0,0.2,0,300,0,1,0,0.2,0,300,0.12023,0.053097,0.12158,0.053778,0,0,0,0,0,0,0,2,0,0.2,0,600
1226,12,640.23,640.27,18,2,472,0,1,0,0.0333,0,1801.8,0,1,0,0.0333,0,1801.8,0.15419,0.053749,0.15419,0.053749,0,0,0,0,0,0,0,2,0,0.0333,0,3603.6
1226,12,641.9,642.07,2,2,473,0,1,0,0.1666,0,360.14,0,1,0,0.1666,0,360.14,0.10846,0.046499,0.10872,0.046173,0,1,0,0.1666,0,360.14,0,1,0,0.1666,0,360.14
1226,12,642.83,642.87,2,2,474,0,1,0,0.0333,0,1801.8,0,1,0,0.0333,0,1801.8,0.099531,0.046572,0.099531,0.046572,0,1,0,0.0333,0,1801.8,0,1,0,0.0333,0,1801.8
1226,12,643.2,643.23,2,2,475,0,1,0,0.0333,0,1801.8,0,1,0,0.0333,0,1801.8,0.10527,0.047646,0.10527,0.047646,0,1,0,0.0333,0,1801.8,0,1,0,0.0333,0,1801.8
1226,12,643.27,643.3,2,2,476,0,1,0,0.0333,0,1801.8,0,1,0,0.0333,0,1801.8,0,0,0,0,0,1,0,0.0333,0,1801.8,0,1,0,0.0333,0,1801.8
1226,12,643.53,645.4,20,2,477,1,0,1.8667,0,32.142,0,0,1,0,1.8667,0,32.142,0.26214,0.058702,0.27821,0.053148,1.1071,0,1.0334,0,64.285,0,0,1,0,1.8667,0,32.142
1226,12,645.43,645.87,20,2,478,0.30779,0.46142,0.13337,0.19993,138.47,138.47,0,1,0,0.4333,0,138.47,0.36389,0.041453,0.3943,0.04052,1.4617,0,0.31667,0,276.94,0,0,1,0,0.4333,0,138.47
1226,12,645.9,646.03,18,2,479,0.75019,0,0.1,0,450.11,0,0,1,0,0.1333,0,450.11,0.13144,0.044712,0.1321,0.045087,0,1,0,0.1333,0,450.11,0,1,0,0.1333,0,450.11
1226,12,646.43,646.73,5,2,480,0,1,0,0.3,0,200,0,0,0,0,0,0,0.18479,0.073258,0.19235,0.076104,0,1,0,0.3,0,200,0,1,0,0.3,0,200
1226,12,646.8,646.87,20,2,481,1,0,0.0666,0,900.9,0,0,0,0,0,0,0,0.1627,0.08405,0.1627,0.08405,1,0,0.0666,0,900.9,0,0,1,0,0.0666,0,900.9
1226,12,647.57,647.7,20,2,482,0,0,0,0,0,0,0,0.25006,0,0.033333,0,450.11,0.18882,0.15535,0.18945,0.15462,1,0,0.1333,0,450.11,0,0,1,0,0.1333,0,450.11
1226,12,648,648.53,2,2,483,0,0.062441,0,0.0333,0,112.51,0,0.81255,0,0.43333,0,112.51,0.18523,0.10238,0.18581,0.090208,0,1,0,0.5333,0,112.51,0,1,0,0.5333,0,112.51
1226,12,648.97,649.07,20,2,484,1,0,0.0999,0,600.6,0,0,0,0,0,0,0,0.1415,0.060978,0.1415,0.060978,1,0,0.0999,0,600.6,0,0,2,0,0.0999,0,1201.2
1226,12,649.5,649.6,5,2,485,0,1,0,0.1,0,600,0,0,0,0,0,0,0.19221,0.073787,0.19142,0.072934,0,1,0,0.1,0,600,0,2,0,0.1,0,1200
1226,12,649.93,650.07,20,2,486,1,0,0.1333,0,450.11,0,0,0,0,0,0,0,0.16872,0.068351,0.16942,0.069204,1,0,0.1333,0,450.11,0,0,2,0,0.1333,0,900.23
1226,12,650.17,651.87,18,2,487,0.37253,0.39218,0.63327,0.66667,35.296,35.296,0,0.86276,0,1.4666,0,35.296,0.1119,0.040114,0.088325,0.034015,0,1,0,1.6999,0,35.296,0,2,0,1.6999,0,70.592
1226,12,652.07,652.17,12,2,488,0,1,0,0.0999,0,600.6,1,0,0.0999,0,600.6,0,0.10191,0.038744,0.10191,0.038744,0,1,0,0.0999,0,600.6,1,1,0.0999,0.0999,600.6,600.6
1226,12,652.37,652.4,12,2,489,1,0,0.0333,0,1801.8,0,1,0,0.0333,0,1801.8,0,0,0,0,0,0,1,0,0.0333,0,1801.8,1,1,0.0333,0.0333,1801.8,1801.8
1226,12,652.5,652.6,20,2,490,0,1,0,0.1,0,600,0,1,0,0.1,0,600,0.14551,0.096196,0.14609,0.11294,1,0,0.1,0,600,0,0,2,0,0.1,0,1200
1226,12,652.73,652.8,12,2,491,1,0,0.0667,0,899.55,0,1,0,0.0667,0,899.55,0,0.14462,0.11655,0.14462,0.11655,0,1,0,0.0667,0,899.55,1,1,0.0667,0.0667,899.55,899.55
1226,12,652.83,652.87,12,2,492,1,0,0.0333,0,1801.8,0,1,0,0.0333,0,1801.8,0,0.13,0.0077604,0.13,0.0077604,0,1,0,0.0333,0,1801.8,1,1,0.0333,0.0333,1801.8,1801.8
1226,12,652.97,653,12,2,493,1,0,0.0333,0,1801.8,0,1,0,0.0333,0,1801.8,0,0,0,0,0,0,1,0,0.0333,0,1801.8,1,1,0.0333,0.0333,1801.8,1801.8
1226,12,653,654.9,20,2,494,0.92982,0.035088,1.7667,0.066667,31.579,31.579,0.21053,0.49123,0.4,0.93333,31.579,31.579,0.15165,0.046203,0.15039,0.039737,1,0,1.9,0,31.579,0,0.10526,1.6316,0.2,1.55,31.579,63.158
1226,12,654.93,654.97,6,2,495,0,1,0,0.0333,0,1801.8,0,1,0,0.0333,0,1801.8,0.2518,0.12286,0.2518,0.12286,0,1,0,0.0333,0,1801.8,1,1,0.0333,0.0333,1801.8,1801.8
1226,12,654.97,655.33,20,2,496,0.090835,0.63639,0.0333,0.2333,163.67,163.67,1,0,0.3666,0,163.67,0,0.18695,0.042148,0.18769,0.040977,0.72731,0,0.26663,0,163.67,0,1,1,0.3666,0.3666,163.67,163.67
1226,12,655.37,655.73,20,2,497,0,1,0,0.3666,0,163.67,1,0,0.3666,0,163.67,0,0.16679,0.052598,0.16794,0.054092,0,0,0,0,0,0,1,1,0.3666,0.3666,163.67,163.67
1226,12,656.2,656.4,3,2,498,1,0,0.2,0,300,0,0,1,0,0.2,0,300,0.11857,0.043298,0.1173,0.043166,1,0,0.2,0,300,0,0,1,0,0.2,0,300
1226,12,658.37,659.47,3,2,499,1,0,1.0999,0,54.55,0,0.87881,0.12119,0.9666,0.1333,54.55,54.55,0.33043,0.0402,0.32307,0.023957,1,0,1.0999,0,54.55,0,0.36361,1,0.39993,1.0999,54.55,54.55
1226,12,659.67,660,3,2,500,1,0,0.3333,0,180.02,0,1,0,0.3333,0,180.02,0,0.30559,0.078508,0.30447,0.066943,0.09991,0,0.0333,0,180.02,0,1,1,0.3333,0.3333,180.02,180.02
1226,12,660,660.03,20,2,501,0,1,0,0.0333,0,1801.8,0,1,0,0.0333,0,1801.8,0.23927,0.032552,0.23927,0.032552,0,0,0,0,0,0,1,1,0.0333,0.0333,1801.8,1801.8
1226,12,660.03,660.4,3,2,502,0.090992,0.1818,0.033367,0.066667,163.62,163.62,1,0,0.3667,0,163.62,0,0.26887,0.05972,0.25379,0.048648,0,0,0,0,0,0,1,1,0.3667,0.3667,163.62,163.62
1226,12,660.43,666.23,18,2,503,0.28736,0.64367,0.83335,0.93332,20.69,41.379,0,0.13219,0,0.25557,0,31.034,0.16942,0.043898,0.17553,0.042335,0,0.73563,0,4.2666,0,10.345,0,1.1724,0,3.4,0,20.69
1226,12,667.83,667.9,13,2,504,0.50025,0.49975,0.033367,0.033333,899.55,899.55,1,0,0.0667,0,899.55,0,0.12908,0.0651,0.12908,0.0651,1,0,0.0667,0,899.55,0,0,1,0,0.0667,0,899.55
1226,12,667.97,668.93,16,2,505,0.79312,0,0.76663,0,62.073,0,0,1,0,0.9666,0,62.073,0.15065,0.059466,0.14948,0.05997,0,1,0,0.9666,0,62.073,0,1,0,0.9666,0,62.073
1226,12,669.03,669.63,18,2,506,0,0.83333,0,0.25,0,200,0,1,0,0.6,0,100,0.12304,0.03336,0.11794,0.034457,0,1,0,0.6,0,100,0,1,0,0.6,0,100
1226,12,669.63,669.8,10,2,507,0,1,0,0.1667,0,359.93,0,1,0,0.1667,0,359.93,0.20902,0.025199,0.17882,0.024832,0,1,0,0.1667,0,359.93,0,1.2,0,0.10002,0,719.86
1226,12,669.8,670.27,13,2,508,1,0,0.4666,0,128.59,0,1,0,0.4666,0,128.59,0,0.35786,0.041738,0.36694,0.041293,0.9287,0,0.43333,0,128.59,0,1,1,0.4666,0.4666,128.59,128.59
1226,12,670.3,670.33,15,2,509,0,1,0,0.0333,0,1801.8,0,1,0,0.0333,0,1801.8,0.086589,0.02955,0.086589,0.02955,0,0,0,0,0,0,0,2,0,0.0333,0,3603.6
1226,12,670.33,670.43,18,2,510,0,1,0,0.1,0,600,0,1,0,0.1,0,600,0.13993,0.03983,0.13956,0.036771,0,0,0,0,0,0,0,2,0,0.1,0,1200
1226,12,670.43,670.5,20,2,511,0,1,0,0.0667,0,899.55,0,1,0,0.0667,0,899.55,0.12886,0.036285,0.12886,0.036285,0,0,0,0,0,0,1,1,0.0667,0.0667,899.55,899.55
1226,12,670.5,670.73,3,2,512,0,1,0,0.2333,0,257.18,0,1,0,0.2333,0,257.18,0.31507,0.061046,0.32435,0.066124,0,0,0,0,0,0,0,2,0,0.2333,0,514.36
1226,12,671.23,671.37,3,2,513,0,1,0,0.1333,0,450.11,0,1,0,0.1333,0,450.11,0.098602,0.041672,0.098599,0.042022,0,0,0,0,0,0,0,2,0,0.1333,0,900.23
1226,12,672.63,672.67,20,2,514,0,1,0,0.0333,0,1801.8,0,1,0,0.0333,0,1801.8,0.097754,0.034971,0.097754,0.034971,0,0,0,0,0,0,1,1,0.0333,0.0333,1801.8,1801.8
1226,12,672.87,673.2,3,2,515,0,1,0,0.3333,0,180.02,0,1,0,0.3333,0,180.02,0.22014,0.052028,0.21719,0.053074,0,0,0,0,0,0,0,1,0,0.3333,0,180.02
1226,12,673.2,673.33,16,2,516,0,1,0,0.1333,0,450.11,0,1,0,0.1333,0,450.11,0.25555,0.068349,0.25566,0.069589,0,0,0,0,0,0,0,1,0,0.1333,0,450.11
1226,12,673.33,673.43,3,2,517,0,1,0,0.1,0,600,0,1,0,0.1,0,600,0.21079,0.06566,0.21085,0.063746,0,0,0,0,0,0,0,1,0,0.1,0,600
1226,12,673.93,675.47,18,2,518,0,0.58693,0,0.44997,0,78.263,0,0.8478,0,1.2999,0,39.131,0.1703,0.05514,0.17693,0.056236,0,0,0,0,0,0,0,1.5653,0,1.2,0,78.263
1226,12,675.5,675.57,18,2,519,0,1,0,0.0666,0,900.9,0,1,0,0.0666,0,900.9,0.1424,0.057827,0.1424,0.057827,0,0,0,0,0,0,0,1,0,0.0666,0,900.9
1226,12,675.67,675.7,18,2,520,0,0,0,0,0,0,0,0,0,0,0,0,0,0,0,0,0,0,0,0,0,0,0,1,0,0.0333,0,1801.8
1226,12,676,676.27,13,2,521,1,0,0.2666,0,225.06,0,0.12478,0,0.033267,0,225.06,0,0.16138,0.03699,0.17578,0.037008,0,0,0,0,0,0,1,1,0.2666,0.2666,225.06,225.06
1226,12,676.53,676.57,6,2,522,0,0.999,0,0.033267,0,1801.8,0,1,0,0.0333,0,1801.8,0.052233,0.012949,0.052233,0.012949,0,0,0,0,0,0,0,2,0,0.0333,0,3603.6
1226,12,676.7,676.73,6,2,523,0,1,0,0.0333,0,1801.8,0,1,0,0.0333,0,1801.8,0.052503,0.016081,0.052503,0.016081,0,0,0,0,0,0,0,2,0,0.0333,0,3603.6
1226,12,676.8,676.83,20,2,524,1,0,0.0333,0,1801.8,0,0,1,0,0.0333,0,1801.8,0.081885,0.033243,0.081885,0.033243,0,0,0,0,0,0,1,1,0.0333,0.0333,1801.8,1801.8
1226,12,676.93,676.97,20,2,525,0,0.999,0,0.033267,0,1801.8,0,1,0,0.0333,0,1801.8,0.09069,0.033988,0.09069,0.033988,0,0,0,0,0,0,1,1,0.0333,0.0333,1801.8,1801.8
1226,12,676.97,677.17,3,2,526,0,1,0,0.1999,0,300.15,0,1,0,0.1999,0,300.15,0.18375,0.0502,0.18543,0.050484,0,0,0,0,0,0,0,2,0,0.1999,0,600.3
1226,12,677.17,677.2,20,2,527,0,1,0,0.0333,0,1801.8,0,1,0,0.0333,0,1801.8,0,0,0,0,0,0,0,0,0,0,1,1,0.0333,0.0333,1801.8,1801.8
1226,12,677.2,678,3,2,528,0,1,0,0.8,0,75,0,1,0,0.8,0,75,0.13284,0.046676,0.12979,0.046528,0,0,0,0,0,0,0,2,0,0.8,0,150
1226,12,678.67,678.7,3,2,529,0,1,0,0.0333,0,1801.8,0,1,0,0.0333,0,1801.8,0,0,0,0,0,0,0,0,0,0,0,2,0,0.0333,0,3603.6
1226,12,678.73,678.9,3,2,530,0,0.60008,0,0.10003,0,359.93,0,1,0,0.1667,0,359.93,0.13471,0.039731,0.13249,0.038683,0,0,0,0,0,0,0,2,0,0.1667,0,719.86
1226,12,678.93,679,3,2,531,0,0.9995,0,0.066667,0,899.55,0,1,0,0.0667,0,899.55,0.152,0.045448,0.152,0.045448,0,0,0,0,0,0,0,2,0,0.0667,0,1799.1
1226,12,679.03,679.1,3,2,532,0,1,0,0.0667,0,899.55,0,1,0,0.0667,0,899.55,0.1283,0.046809,0.1283,0.046809,0,0,0,0,0,0,0,2,0,0.0667,0,1799.1
1226,12,679.17,679.2,16,2,533,0,1,0,0.0333,0,1801.8,0,1,0,0.0333,0,1801.8,0,0,0,0,0,0,0,0,0,0,0,2,0,0.0333,0,3603.6
1226,12,679.27,679.43,13,2,534,0,1,0,0.1666,0,360.14,1,0,0.1666,0,360.14,0,0.11794,0.049992,0.11809,0.049999,0,0,0,0,0,0,1,1,0.1666,0.1666,360.14,360.14
1226,12,679.47,679.5,3,2,535,0,0,0,0,0,0,0,1,0,0.0333,0,1801.8,0,0,0,0,0,0,0,0,0,0,0,2,0,0.0333,0,3603.6
1226,12,679.53,680.77,3,2,536,0,0.89186,0,0.54997,0,97.3,0,1,0,1.2333,0,48.65,0.2113,0.04423,0.21162,0.04306,0,0,0,0,0,0,0,1.8649,0,1.15,0,97.3
1226,12,681.1,682.1,18,2,537,0,1,0,1,0,60,0,1,0,1,0,60,0.1547,0.044005,0.14576,0.042769,0,0,0,0,0,0,0,1,0,1,0,60
1226,12,682.13,682.17,23,2,538,0,1,0,0.0333,0,1801.8,0,1,0,0.0333,0,1801.8,0.1043,0.047246,0.1043,0.047246,0,0,0,0,0,0,0,1,0,0.0333,0,1801.8
1226,12,684,684.27,10,2,539,0,1,0,0.2666,0,225.06,0,1,0,0.2666,0,225.06,0.1344,0.054033,0.13397,0.05461,0,1,0,0.2666,0,225.06,0,1,0,0.2666,0,225.06
1226,12,684.43,684.63,10,2,540,0,1,0,0.2,0,300,0,1,0,0.2,0,300,0.1202,0.054805,0.12004,0.055136,0,1,0,0.2,0,300,0,1,0,0.2,0,300
1226,12,685.23,685.53,21,2,541,0,1,0,0.3,0,200,0,0,0,0,0,0,0.12281,0.060706,0.12632,0.061192,0,1,0,0.3,0,200,0,1,0,0.3,0,200
1226,12,686.4,686.43,21,2,542,0,0,0,0,0,1801.8,0,0,0,0,0,0,0.14831,0.050325,0.14831,0.050325,0,1,0,0.0333,0,1801.8,0,1,0,0.0333,0,1801.8
1226,12,686.57,686.6,19,2,543,0,1,0,0.0333,0,1801.8,1,0,0.0333,0,1801.8,0,0,0,0,0,1,0,0.0333,0,1801.8,0,0,1,0,0.0333,0,1801.8
1226,12,687,687.1,3,2,544,0,0.33333,0,0.033333,0,600,0,1,0,0.1,0,600,0.19556,0.055647,0.19656,0.052478,0,1,0,0.1,0,600,0,1,0,0.1,0,600
1226,12,687.33,687.53,3,2,545,0,1,0,0.2,0,300,0,1,0,0.2,0,300,0.25038,0.089125,0.25733,0.092459,0,1,0,0.2,0,300,0,1,0,0.2,0,300
1226,12,687.53,687.57,13,2,546,0,1,0,0.0333,0,1801.8,0,1,0,0.0333,0,1801.8,0.16893,0.072673,0.16893,0.072673,0,1,0,0.0333,0,1801.8,0,1,0,0.0333,0,1801.8
1226,12,687.57,687.63,3,2,547,0,1,0,0.0666,0,900.9,0,1,0,0.0666,0,900.9,0.18721,0.096569,0.18721,0.096569,0,1,0,0.0666,0,900.9,0,2,0,0.0666,0,1801.8
1226,12,687.67,687.83,13,2,548,0,1,0,0.1666,0,360.14,0,1,0,0.1666,0,360.14,0.088068,0.032406,0.089481,0.03354,0,1,0,0.1666,0,360.14,0,2,0,0.1666,0,720.29
1226,12,688.23,688.87,3,2,549,0,0.8421,0,0.26665,0,189.48,0,1,0,0.6333,0,94.742,0.24533,0.031929,0.24146,0.025962,0,0,0,0,0,0,0,2,0,0.6333,0,189.48
1226,12,688.97,689,16,2,550,0,1,0,0.0333,0,1801.8,0,1,0,0.0333,0,1801.8,0,0,0,0,0,0,0,0,0,0,0,2,0,0.0333,0,3603.6
1226,12,689.17,691.13,18,2,551,0,0.9661,0,0.94997,0,61.019,0.11865,0.81355,0.23333,0.79997,30.51,61.019,0.17183,0.053444,0.17584,0.053124,0,0,0,0,0,0,0,2,0,1.9666,0,61.019
1226,12,691.3,693.57,18,2,552,0,0.95588,0,1.0833,0,52.943,0,0.74999,0,0.84997,0,52.943,0.18067,0.049614,0.18127,0.049374,0,0,0,0,0,0,0,2,0,2.2666,0,52.943
1226,12,693.67,693.73,21,2,553,0,1,0,0.0666,0,900.9,0,1,0,0.0666,0,900.9,0.089844,0.048229,0.089844,0.048229,0,0,0,0,0,0,0,2,0,0.0666,0,1801.8
1226,12,694.57,694.83,10,2,554,0,0,0,0,0,0,0,1,0,0.2666,0,225.06,0.10205,0.045259,0.10604,0.047661,0,1,0,0.2666,0,225.06,0,2,0,0.2666,0,450.11
1226,12,694.83,694.87,16,2,555,0,0.999,0,0.033267,0,1801.8,0,1,0,0.0333,0,1801.8,0.19479,0.048083,0.19479,0.048083,0,1,0,0.0333,0,1801.8,0,2,0,0.0333,0,3603.6
1226,12,694.87,695,19,2,556,0,1,0,0.1333,0,450.11,1,0,0.1333,0,450.11,0,0.21849,0.063838,0.21984,0.06481,0,1,0,0.1333,0,450.11,1,1,0.1333,0.1333,450.11,450.11
1226,12,695.2,697.4,3,2,557,1,0,2.2,0,27.273,0,0,1,0,2.2,0,27.273,0.29548,0.040131,0.25385,0.038493,0,1,0,2.2,0,27.273,0,1.5606,0,1.7167,0,54.545
1226,12,698.67,698.83,3,2,558,0,1,0,0.1666,0,360.14,0,0,0,0,0,0,0.16568,0.047832,0.16622,0.047773,0,1,0,0.1666,0,360.14,0,2,0,0.1666,0,720.29
1226,12,699.13,699.27,3,2,559,0,0,0,0,0,0,0,0.24956,0,0.033267,0,450.11,0.16362,0.063925,0.16353,0.063556,0,1,0,0.1333,0,450.11,0,2,0,0.1333,0,900.23
1226,12,699.33,699.67,3,2,560,0,0.19982,0,0.0666,0,180.02,0,1,0,0.3333,0,180.02,0.18723,0.060969,0.18973,0.061152,0,1,0,0.3333,0,180.02,0,2,0,0.3333,0,360.04
1226,12,700.97,703.07,3,2,561,0,0.92065,0,0.96663,0,57.146,0,0,0,0,0,0,0.13132,0.039281,0.13128,0.044385,0,1,0,2.0999,0,28.573,0,1.3651,0,1.4333,0,57.146
1226,12,703.4,704.57,3,2,562,0,0.94285,0,0.54997,0,102.86,0.22853,0.65718,0.2666,0.76667,51.432,51.432,0.12904,0.057295,0.12784,0.057625,0,1,0,1.1666,0,51.432,0,1.4286,0,0.8333,0,102.86
1226,12,704.73,705.3,23,2,563,0,0.7059,0,0.40003,0,105.88,0,0.94118,0,0.26668,0,211.75,0.14119,0.073677,0.14122,0.075035,0,1,0,0.5667,0,105.88,0,1.8823,0,0.53335,0,211.75
1226,12,705.57,706.23,3,2,564,0,0.90004,0,0.59997,0,90.009,0,0.34998,0,0.2333,0,90.009,0.11877,0.057954,0.11867,0.057728,0,1,0,0.6666,0,90.009,0,1.65,0,0.54995,0,180.02
1226,12,706.3,706.67,3,2,565,0,1,0,0.3666,0,163.67,0,0,0,0,0,0,0.097118,0.047708,0.097005,0.048007,0,1,0,0.3666,0,163.67,0,1,0,0.3666,0,163.67
1226,12,707.4,707.53,3,2,566,0,0,0,0,0,0,0,0,0,0,0,0,0.10656,0.056672,0.10664,0.05667,0,1,0,0.1333,0,450.11,0,1,0,0.1333,0,450.11
1226,12,707.7,707.77,3,2,567,0,1,0,0.0666,0,900.9,0,1,0,0.0666,0,900.9,0.13261,0.057783,0.13261,0.057783,0,1,0,0.0666,0,900.9,0,1,0,0.0666,0,900.9
1226,12,707.8,708.2,3,2,568,0,0.75,0,0.3,0,150,0,1,0,0.4,0,150,0.1501,0.060035,0.15737,0.060478,0,1,0,0.4,0,150,0,2,0,0.4,0,300
1226,12,708.23,708.3,3,2,569,0,0.9995,0,0.066667,0,899.55,0,1,0,0.0667,0,899.55,0.080739,0.041455,0.080739,0.041455,0,0.50025,0,0.033367,0,899.55,0,2,0,0.0667,0,1799.1
1226,12,709.23,710,3,2,570,0.60867,0.2609,0.46667,0.20003,78.257,78.257,0,0.78262,0,0.20001,0,234.77,0.14918,0.067254,0.14559,0.066478,0,0,0,0,0,0,0,1.6087,0,0.6167,0,156.51
1226,12,710.07,711.27,3,2,571,0.9445,0,1.1333,0,50.004,0,0,0.13887,0,0.16663,0,50.004,0.25552,0.068964,0.24707,0.069971,0.94447,0,1.1333,0,50.004,0,0,1,0,1.1999,0,50.004
1226,12,711.3,711.67,18,2,572,0,0,0,0,0,0,0,0,0,0,0,0,0.1212,0.048521,0.12134,0.048558,0,1,0,0.3666,0,163.67,0,1,0,0.3666,0,163.67
1226,12,716.27,716.6,3,2,573,0.39994,0.30003,0.1333,0.1,180.02,180.02,0,0.39994,0,0.1333,0,180.02,0.13171,0.045017,0.13212,0.044564,0,0,0,0,0,0,0,1,0,0.3333,0,180.02
1226,12,716.8,716.83,3,2,574,0,1,0,0.0333,0,1801.8,0,0,0,0,0,0,0.13216,0.040357,0.13216,0.040357,0,0,0,0,0,0,0,1,0,0.0333,0,1801.8
1226,12,721,722.23,20,2,575,0.43244,0.48647,0.53333,0.59997,48.65,48.65,0,0,0,0,0,0,0.30944,0.073361,0.32715,0.081232,1,0,1.2333,0,48.65,0,0.2162,1,0.26663,1.2333,48.65,48.65
1226,12,722.33,723.13,3,2,576,0.49996,0.37504,0.39997,0.30003,75,75,0,0.54171,0,0.43337,0,75,0.17808,0.077618,0.1784,0.070375,0,0.41671,0,0.33337,0,75,1,1,0.8,0.8,75,75
1226,12,723.2,723.37,20,2,577,0,0.79992,0,0.13327,0,360.14,0,0,0,0,0,0,0.20034,0.055271,0.209,0.054357,0,0,0,0,0,0,1,1,0.1666,0.1666,360.14,360.14
1226,12,723.47,723.57,18,2,578,0,1,0,0.0999,0,600.6,0,1,0,0.0999,0,600.6,0.14979,0.047934,0.14979,0.047934,0,0,0,0,0,0,0,2,0,0.0999,0,1201.2
1226,12,723.97,724.07,13,2,579,0,1,0,0.0999,0,600.6,1,0,0.0999,0,600.6,0,0.094635,0.046745,0.094635,0.046745,0,0,0,0,0,0,0,2,0,0.0999,0,1201.2
1226,12,724.37,724.43,7,2,580,0,1,0,0.0666,0,900.9,0,1,0,0.0666,0,900.9,0.14073,0.087076,0.14073,0.087076,0,0.5,0,0.0333,0,900.9,0,1,0,0.0666,0,900.9
1226,12,724.8,724.87,7,2,581,0,0,0,0,0,0,0,0,0,0,0,0,0.14871,0.09012,0.14871,0.09012,0,1,0,0.0666,0,900.9,0,1,0,0.0666,0,900.9
1226,12,724.9,725.23,13,2,582,0,0,0,0,0,0,0,0.79998,0,0.26663,0,180.02,0.17806,0.093823,0.17898,0.091427,0,0.30003,0,0.1,0,180.02,0,1,0,0.3333,0,180.02
1226,12,726.17,726.83,13,2,583,0,0.84998,0,0.2833,0,180.02,0,0.19997,0,0.1333,0,90.009,0.1864,0.072216,0.18477,0.06974,0,1,0,0.6666,0,90.009,0,1,0,0.6666,0,90.009
1226,12,726.93,727.13,10,2,584,0,0.3335,0,0.0667,0,300,0,1,0,0.2,0,300,0.144,0.056923,0.14522,0.056047,0,1,0,0.2,0,300,0,1,0,0.2,0,300
1226,12,727.27,727.9,18,2,585,0,0.78946,0,0.49997,0,94.742,0,1.7951e-13,0,1.1369e-13,0,94.742,0.1934,0.042193,0.19617,0.040452,0,1,0,0.6333,0,94.742,0,1,0,0.6333,0,94.742
1226,12,727.97,728.13,3,2,586,0,0.80012,0,0.1333,0,360.14,0,1,0,0.1666,0,360.14,0.3036,0.062167,0.307,0.062091,0,1,0,0.1666,0,360.14,0,1,0,0.1666,0,360.14
1226,12,728.43,728.77,20,2,587,1,0,0.3333,0,180.02,0,0,0,0,0,0,0,0.14377,0.037151,0.14051,0.03648,0,1,0,0.3333,0,180.02,1,0.9999,0.3333,0.33327,180.02,180.02
1226,12,729.03,729.27,3,2,588,0,1,0,0.2333,0,257.18,0,1,0,0.2333,0,257.18,0.19453,0.049693,0.19803,0.050605,0,0.00014288,0,3.3333e-05,0,257.18,0,2,0,0.2333,0,514.36
1226,12,729.3,729.4,3,2,589,0,0.66667,0,0.066667,0,600,0,1,0,0.1,0,600,0.18817,0.059325,0.18656,0.05879,0,0,0,0,0,0,0,2,0,0.1,0,1200
1226,12,729.4,729.43,6,2,590,0,0,0,0,0,0,0,1,0,0.0333,0,1801.8,0.1011,0.0325,0.1011,0.0325,0,0,0,0,0,0,0,2,0,0.0333,0,3603.6
1226,12,729.43,729.83,3,2,591,0,0.91658,0,0.36663,0,150,0,1,0,0.4,0,150,0.18041,0.043801,0.18041,0.044336,0,0,0,0,0,0,0,2,0,0.4,0,300
1226,12,729.87,730.37,3,2,592,0,0.80009,0,0.39997,0,120.02,0,1,0,0.4999,0,120.02,0.16571,0.048871,0.16605,0.049504,0,0,0,0,0,0,0,2,0,0.4999,0,240.05
1226,12,730.43,732.23,18,2,593,1,0,1.8,0,33.333,0,0,1,0,1.8,0,33.333,0.20639,0.049709,0.20155,0.050225,0.53702,0,0.96663,0,33.333,0,0,2,0,1.8,0,66.667
1226,12,732.23,732.53,20,2,594,0,1,0,0.3,0,200,0,1,0,0.3,0,200,0.12898,0.043439,0.13018,0.044084,0,1,0,0.3,0,200,1,1,0.3,0.3,200,200
1226,12,732.67,733.37,3,2,595,0,0.85712,0,0.29995,0,171.45,0,0.23808,0,0.16663,0,85.727,0.14272,0.04209,0.14357,0.041676,0,1,0,0.6999,0,85.727,0,1.6191,0,0.5666,0,171.45
1227,12,31.533,31.667,5,1,1,0,1,0,0.1333,0,450.11,0,1,0,0.1333,0,450.11,0.14266,0.047383,0.14139,0.047383,0,1,0,0.1333,0,450.11,0,1,0,0.1333,0,450.11
1227,12,32.633,32.733,10,1,2,0,1,0,0.1,0,600,0,1,0,0.1,0,600,0.090328,0.036724,0.089811,0.03589,0,1,0,0.1,0,600,0,1,0,0.1,0,600
1227,12,32.733,32.8,15,1,3,0,1,0,0.0667,0,899.55,0,1,0,0.0667,0,899.55,0.33366,0.044461,0.33366,0.044461,0,1,0,0.0667,0,899.55,0,1,0,0.0667,0,899.55
1227,12,33.5,34.2,5,1,4,0.42857,0.42857,0.3,0.3,85.714,85.714,0,0.95238,0,0.33333,0,171.43,0.13952,0.049519,0.13732,0.046438,0,1,0,0.7,0,85.714,0,1,0,0.7,0,85.714
1227,12,35.8,36.2,15,1,5,0,1,0,0.4,0,150,0,0.91667,0,0.18333,0,300,0.29215,0.058943,0.29215,0.057566,0,1,0,0.4,0,150,0,1,0,0.4,0,150
1227,12,36.233,37.767,3,1,6,1,0,1.5333,0,39.131,0,0,1,0,1.5333,0,39.131,0.20228,0.0491,0.19935,0.048962,0,1,0,1.5333,0,39.131,0,1,0,1.5333,0,39.131
1227,12,39,39.8,3,1,7,0.75,0.125,0.6,0.1,75,75,0,0.33333,0,0.13333,0,150,0.14694,0.054282,0.14608,0.054713,0,1,0,0.8,0,75,0,1,0,0.8,0,75
1227,12,40.267,41.133,3,1,8,1,0,0.8666,0,69.236,0,0,0.69232,0,0.59997,0,69.236,0.17585,0.056964,0.16992,0.058171,0,2,0,0.8666,0,138.47,0,1,0,0.8666,0,69.236
1227,12,42.967,43.467,3,1,9,1,0,0.4999,0,120.02,0,0,0.19997,0,0.099967,0,120.02,0.27109,0.083299,0.26963,0.08493,0,2,0,0.4999,0,240.05,0,1,0,0.4999,0,120.02
1227,12,48.867,49.1,15,1,10,0,1,0,0.2333,0,257.18,0,1,0,0.2333,0,257.18,0.097021,0.027852,0.094788,0.02758,0,2,0,0.2333,0,514.36,0,1,0,0.2333,0,257.18
1227,12,49.2,49.233,7,1,11,0,1,0,0.0333,0,1801.8,0,1,0,0.0333,0,1801.8,0.055697,0.029307,0.055697,0.029307,0,2,0,0.0333,0,3603.6,0,1,0,0.0333,0,1801.8
1227,12,53.967,54,5,1,12,0,1,0,0.0333,0,1801.8,0,1,0,0.0333,0,1801.8,0,0,0,0,0,2,0,0.0333,0,3603.6,0,1,0,0.0333,0,1801.8
1227,12,59.367,59.533,3,1,13,0,1,0,0.1666,0,360.14,0,1,0,0.1666,0,360.14,0.12823,0.050766,0.12861,0.051283,0,0.39996,0,0.066633,0,360.14,0,1,0,0.1666,0,360.14
1227,12,59.7,59.833,3,1,14,0,1,0,0.1333,0,450.11,0,1,0,0.1333,0,450.11,0.094132,0.045636,0.094504,0.046068,0,0,0,0,0,0,0,1,0,0.1333,0,450.11
1227,12,83.767,84.133,3,1,15,0,1,0,0.3666,0,163.67,0,0.54546,0,0.19997,0,163.67,0.11558,0.043019,0.11672,0.041911,0,1.3636,0,0.24995,0,327.33,0,1,0,0.3666,0,163.67
1227,12,84.467,84.7,3,1,16,0,1,0,0.2333,0,257.18,0.14288,0,0.033333,0,257.18,0,0.11123,0.041954,0.11193,0.04192,0,2,0,0.2333,0,514.36,0,1.5714,0,0.1833,0,514.36
1227,12,89.5,89.567,23,1,17,0,0,0,0,0,0,0,0,0,0,0,0,0.063379,0.024957,0.063379,0.024957,0,1,0,0.0666,0,900.9,0,1,0,0.0666,0,900.9
1227,12,91.067,91.367,3,1,18,0,1,0,0.2999,0,200.07,0,1,0,0.2999,0,200.07,0.096391,0.043579,0.09696,0.04345,0,2,0,0.2999,0,400.13,0,1,0,0.2999,0,200.07
1227,12,92.267,92.567,3,1,19,0.88907,0,0.26663,0,200.07,0,0,0.44448,0,0.1333,0,200.07,0.093599,0.040372,0.094336,0.040181,0,2,0,0.2999,0,400.13,0,1,0,0.2999,0,200.07
1227,12,93.7,93.9,23,1,20,0,0.66667,0,0.13333,0,300,0,1,0,0.2,0,300,0.073617,0.037332,0.073947,0.037436,0,2,0,0.2,0,600,0,1,0,0.2,0,300
1227,12,94.467,94.967,23,1,21,0,0.73341,0,0.36663,0,120.02,0,0,0,0,0,0,0.089387,0.040146,0.087676,0.040082,0,2,0,0.4999,0,240.05,0,1,0,0.4999,0,120.02
1227,12,96.3,96.933,23,1,22,0,1,0,0.6333,0,94.742,0,0.26312,0,0.16663,0,94.742,0.088786,0.024793,0.090241,0.023939,0,1.2632,0,0.39998,0,189.48,0,1,0,0.6333,0,94.742
1227,12,97.633,97.667,3,1,23,0,1,0,0.0333,0,1801.8,0,0,0,0,0,0,0.10256,0.051194,0.10256,0.051194,0,1,0,0.0333,0,1801.8,0,1,0,0.0333,0,1801.8
1227,12,101.47,101.53,3,1,24,0,1,0,0.0666,0,900.9,0,1,0,0.0666,0,900.9,0.1302,0.052418,0.1302,0.052418,0,2,0,0.0666,0,1801.8,0,1,0,0.0666,0,900.9
1227,12,101.63,101.77,3,1,25,0,1,0,0.1333,0,450.11,0,1,0,0.1333,0,450.11,0.13831,0.052995,0.13914,0.05283,0,2,0,0.1333,0,900.23,0,0.99975,0,0.13327,0,450.11
1227,12,101.87,102.23,3,1,26,0,1,0,0.3666,0,163.67,0,1,0,0.3666,0,163.67,0.12732,0.054005,0.1273,0.051378,0,2,0,0.3666,0,327.33,0,1,0,0.3666,0,163.67
1227,12,102.5,102.57,3,1,27,0,1,0,0.0666,0,900.9,1,0,0.0666,0,900.9,0,0.13926,0.049097,0.13926,0.049097,0,2,0,0.0666,0,1801.8,0,1,0,0.0666,0,900.9
1227,12,102.8,103.03,3,1,28,0,1,0,0.2333,0,257.18,1,0,0.2333,0,257.18,0,0.17462,0.057564,0.17557,0.05814,0,2,0,0.2333,0,514.36,0,1,0,0.2333,0,257.18
1227,12,107.67,107.9,2,1,29,0,1,0,0.2333,0,257.18,0,1,0,0.2333,0,257.18,0.067835,0.028296,0.068257,0.028246,0,2,0,0.2333,0,514.36,0,1,0,0.2333,0,257.18
1227,12,111.63,111.77,7,1,30,0,1,0,0.1333,0,450.11,0,1,0,0.1333,0,450.11,0.20906,0.037801,0.20284,0.037671,0,2,0,0.1333,0,900.23,0,0.99975,0,0.13327,0,450.11
1227,12,111.77,111.87,2,1,31,1,0,0.0999,0,600.6,0,0,1,0,0.0999,0,600.6,0.079673,0.03428,0.079673,0.03428,0,2,0,0.0999,0,1201.2,0,1,0,0.0999,0,600.6
1227,12,112.77,112.83,10,1,32,0,1,0,0.0666,0,900.9,0,1,0,0.0666,0,900.9,0.083815,0.034514,0.083815,0.034514,0,2,0,0.0666,0,1801.8,0,1,0,0.0666,0,900.9
1227,12,114.83,115.37,15,1,33,0,0.81249,0,0.21665,0,225.01,0,1,0,0.5333,0,112.51,0.3418,0.050384,0.34196,0.051676,0,2,0,0.5333,0,225.01,0,1,0,0.5333,0,112.51
1227,12,136.6,136.93,23,1,34,0,1,0,0.3333,0,180.02,0,1,0,0.3333,0,180.02,0.19563,0.041904,0.20229,0.041911,0,1,0,0.3333,0,180.02,0,1,0,0.3333,0,180.02
1227,12,137.07,138.07,23,1,35,0,1,0,0.9999,0,60.006,0,0.59996,0,0.29995,0,120.01,0.20162,0.042954,0.19948,0.042935,0,1,0,0.9999,0,60.006,0,1,0,0.9999,0,60.006
1227,12,138.1,138.17,15,1,36,0,0,0,0,0,0,0,1,0,0.0666,0,900.9,0.20513,0.050842,0.20513,0.050842,0,1,0,0.0666,0,900.9,0,1,0,0.0666,0,900.9
1227,12,138.17,138.23,23,1,37,0,1,0,0.0666,0,900.9,0,1,0,0.0666,0,900.9,0.12578,0.043789,0.12578,0.043789,0,1,0,0.0666,0,900.9,0,1,0,0.0666,0,900.9
1227,12,138.83,138.9,23,1,38,0,1,0,0.0667,0,899.55,0,1,0,0.0667,0,899.55,0.1477,0.055443,0.1477,0.055443,0,1,0,0.0667,0,899.55,0,1,0,0.0667,0,899.55
1227,12,145.47,145.8,23,1,39,0,1,0,0.3333,0,180.02,0,1,0,0.3333,0,180.02,0.094035,0.039641,0.094271,0.039286,0,2,0,0.3333,0,360.04,0,1,0,0.3333,0,180.02
1227,12,146,146.4,23,1,40,0,1,0,0.4,0,150,0,1,0,0.4,0,150,0.11314,0.039452,0.11334,0.040008,0,2,0,0.4,0,300,0,1,0,0.4,0,150
1227,12,146.43,146.73,23,1,41,0,1,0,0.3,0,200,0,0.77789,0,0.23337,0,200,0.12292,0.046525,0.12428,0.047481,0,2,0,0.3,0,400,0,1,0,0.3,0,200
1227,12,146.77,146.97,23,1,42,0,1,0,0.1999,0,300.15,0,0,0,0,0,0,0.12355,0.053591,0.1234,0.051586,0,2,0,0.1999,0,600.3,0,1.8334,0,0.18325,0,600.3
1227,12,147,148,23,1,43,0,0.8,0,0.4,0,120,0,0.7,0,0.7,0,60,0.14911,0.047143,0.14525,0.04707,0,2,0,1,0,120,0,1.0333,0,0.51667,0,120
1227,12,150.7,150.77,23,1,44,0,0.4995,0,0.033267,0,900.9,0,1,0,0.0666,0,900.9,0.14813,0.039427,0.14813,0.039427,0,2,0,0.0666,0,1801.8,0,1,0,0.0666,0,900.9
1227,12,151.57,151.87,23,1,45,0,1,0,0.2999,0,200.07,0,1,0,0.2999,0,200.07,0.16774,0.045143,0.16795,0.045488,0,2,0,0.2999,0,400.13,0,1,0,0.2999,0,200.07
1227,12,165.77,165.83,19,1,46,0,0,0,0,0,0,0,0,0,0,0,0,0.075332,0.045433,0.075332,0.045433,0,1,0,0.0666,0,900.9,0,1,0,0.0666,0,900.9
1227,12,166.33,166.5,23,1,47,0,1,0,0.1667,0,359.93,0,0.40012,0,0.0667,0,359.93,0.14082,0.049352,0.13373,0.048736,0,1,0,0.1667,0,359.93,0,1,0,0.1667,0,359.93
1227,12,166.8,167.07,15,1,48,0,1,0,0.2666,0,225.06,0,1,0,0.2666,0,225.06,0.086801,0.03646,0.086784,0.036788,0,2,0,0.2666,0,450.11,0,1,0,0.2666,0,225.06
1227,12,167.47,167.53,15,1,49,0,1,0,0.0666,0,900.9,0,0,0,0,0,0,0.080208,0.032208,0.080208,0.032208,0,2,0,0.0666,0,1801.8,0,1,0,0.0666,0,900.9
1227,12,170.87,171,15,1,50,0,1,0,0.1333,0,450.11,0,0,0,0,0,0,0.083252,0.028462,0.083203,0.028019,0,2,0,0.1333,0,900.23,0,1,0,0.1333,0,450.11
1227,12,171.43,172.27,15,1,51,0,1,0,0.8333,0,72.003,0,0,0,0,0,0,0.18664,0.028226,0.19906,0.027975,0,2,0,0.8333,0,144.01,0,1,0,0.8333,0,72.003
1227,12,182.77,182.8,4,1,52,0,1,0,0.0333,0,1801.8,0,0,0,0,0,0,0,0,0,0,0,2,0,0.0333,0,3603.6,0,1,0,0.0333,0,1801.8
1227,12,183.2,183.23,11,1,53,0,0,0,0,0,0,0,0,0,0,0,0,0.079788,0.046271,0.079788,0.046271,0,2,0,0.0333,0,3603.6,0,1,0,0.0333,0,1801.8
1227,12,183.4,183.5,5,1,54,0,1,0,0.1,0,600,0,0,0,0,0,0,0.074044,0.036601,0.073262,0.03586,0,2,0,0.1,0,1200,0,1,0,0.1,0,600
1227,12,197.77,197.8,23,1,55,0,1,0,0.0333,0,1801.8,0,0,0,0,0,0,0,0,0,0,0,2,0,0.0333,0,3603.6,0,1,0,0.0333,0,1801.8
1227,12,199.8,200.1,23,1,56,0,1,0,0.3,0,200,0,0,0,0,0,0,0.18467,0.05231,0.18588,0.052113,0,2,0,0.3,0,400,0,1,0,0.3,0,200
1227,12,201.37,201.5,23,1,57,0,0,0,0,0,0,0,0,0,0,0,0,0.16976,0.052339,0.17089,0.05128,0,2,0,0.1333,0,900.23,0,1,0,0.1333,0,450.11
1227,12,202.37,202.4,23,1,58,0,1,0,0.0333,0,1801.8,0,0,0,0,0,0,0,0,0,0,0,2,0,0.0333,0,3603.6,0,1,0,0.0333,0,1801.8
1227,12,204.53,204.63,23,1,59,0,1,0,0.1,0,600,0,0,0,0,0,0,0.15647,0.04047,0.15666,0.039874,0,2,0,0.1,0,1200,0,1,0,0.1,0,600
1227,12,207.77,208.03,15,1,60,0,1,0,0.2666,0,225.06,0,0,0,0,0,0,0.12628,0.045571,0.12676,0.045663,0,2,0,0.2666,0,450.11,0,1,0,0.2666,0,225.06
1227,12,212.67,212.73,23,1,61,0,0,0,0,0,0,0,1,0,0.0666,0,900.9,0.15137,0.044691,0.15137,0.044691,0,1,0,0.0666,0,900.9,0,2,0,0.0666,0,1801.8
1227,12,222.57,223.03,2,1,62,0,1,0,0.4666,0,128.59,0,0.14281,0,0.066633,0,128.59,0.17934,0.064832,0.18405,0.063648,0,1,0,0.4666,0,128.59,0,1,0,0.4666,0,128.59
1227,12,262.43,262.77,23,2,63,0,0.89989,0,0.29993,0,180.02,0,1,0,0.3333,0,180.02,0.16982,0.047078,0.17205,0.046684,0,1,0,0.3333,0,180.02,0,1,0,0.3333,0,180.02
1227,12,262.93,263,23,2,64,0,1,0,0.0667,0,899.55,0,1,0,0.0667,0,899.55,0.1157,0.045691,0.1157,0.045691,0,1,0,0.0667,0,899.55,0,1,0,0.0667,0,899.55
1227,12,264.6,264.83,23,2,65,0,1,0,0.2333,0,257.18,0.42849,0,0.099967,0,257.18,0,0.25854,0.060903,0.26424,0.06165,0,1,0,0.2333,0,257.18,0,1,0,0.2333,0,257.18
1227,12,269.73,269.87,23,2,66,0,1,0,0.1333,0,450.11,0,0.99975,0,0.13327,0,450.11,0.14635,0.039338,0.14734,0.03901,0,2,0,0.1333,0,900.23,0,0.99975,0,0.13327,0,450.11
1227,12,271.1,271.7,15,2,67,0,1,0,0.6,0,100,0,1,0,0.6,0,100,0.12282,0.047545,0.11978,0.047432,0,1,0,0.6,0,100,0,1,0,0.6,0,100
1227,12,272.33,272.43,23,2,68,0,1,0,0.1,0,600,0,1,0,0.1,0,600,0.11748,0.034883,0.11725,0.034979,0,1,0,0.1,0,600,0,1,0,0.1,0,600
1227,12,273.13,273.47,9,2,69,1,0,0.3333,0,180.02,0,0,0.39984,0,0.13327,0,180.02,0.074806,0.030513,0.074533,0.030558,1,0,0.3333,0,180.02,0,0,1,0,0.3333,0,180.02
1227,12,288.97,289.47,20,2,70,0,0.60005,0,0.14998,0,240.05,0,0,0,0,0,0,0.10959,0.050587,0.11126,0.051573,0,1,0,0.4999,0,120.02,0,1,0,0.4999,0,120.02
1227,12,291.17,291.2,23,2,71,0,1,0,0.0333,0,1801.8,0,1,0,0.0333,0,1801.8,0,0,0,0,0,1,0,0.0333,0,1801.8,0,1,0,0.0333,0,1801.8
1227,12,291.2,291.23,8,2,72,0,1,0,0.0333,0,1801.8,0,1,0,0.0333,0,1801.8,0.13385,0.056107,0.13385,0.056107,0,1,0,0.0333,0,1801.8,0,1,0,0.0333,0,1801.8
1227,12,291.5,291.53,2,2,73,0,1,0,0.0333,0,1801.8,0,1,0,0.0333,0,1801.8,0.16858,0.08182,0.16858,0.08182,0,1,0,0.0333,0,1801.8,0,1,0,0.0333,0,1801.8
1227,12,291.97,292.07,8,2,74,0,1,0,0.0999,0,600.6,0,1,0,0.0999,0,600.6,0.12792,0.059617,0.12792,0.059617,0,1,0,0.0999,0,600.6,0,1,0,0.0999,0,600.6
1227,12,292.2,292.23,24,2,75,0,1,0,0.0333,0,1801.8,0,1,0,0.0333,0,1801.8,0.12411,0.044683,0.12411,0.044683,0,1,0,0.0333,0,1801.8,0,1,0,0.0333,0,1801.8
1227,12,300.9,301,6,2,76,0,1,0,0.1,0,600,0,1,0,0.1,0,600,0.094637,0.042801,0.094427,0.042853,0,2,0,0.1,0,1200,0,1,0,0.1,0,600
1227,12,301.33,301.67,23,2,77,0,1,0,0.3333,0,180.02,0,1,0,0.3333,0,180.02,0.11939,0.046148,0.11852,0.046695,0,2,0,0.3333,0,360.04,0,1,0,0.3333,0,180.02
1227,12,302.37,303.2,20,2,78,0,1,0,0.8333,0,72.003,0,1,0,0.41665,0,144.01,0.10101,0.046066,0.10086,0.045319,0,2,0,0.8333,0,144.01,0,1,0,0.8333,0,72.003
1227,12,305.43,305.77,20,2,79,0,1,0,0.3333,0,180.02,0,1,0,0.3333,0,180.02,0.12434,0.056841,0.12429,0.056488,0,2,0,0.3333,0,360.04,0,1,0,0.16665,0,360.04
1227,12,306.37,306.5,20,2,80,0,1,0,0.1333,0,450.11,0,1,0,0.1333,0,450.11,0.11475,0.048092,0.11516,0.048109,0,2,0,0.1333,0,900.23,0,1,0,0.06665,0,900.23
1227,12,306.8,306.9,8,2,81,0,1,0,0.1,0,600,0,1,0,0.1,0,600,0.091472,0.042012,0.093503,0.041875,0,2,0,0.1,0,1200,0,1,0,0.1,0,600
1227,12,307.53,308.5,23,2,82,0,1,0,0.9667,0,62.067,0,1,0,0.48335,0,124.13,0.15743,0.052014,0.16027,0.0518,0,1.4828,0,0.4778,0,186.2,0,1,0,0.9667,0,62.067
1227,12,309.53,309.67,23,2,83,0,1,0,0.1333,0,450.11,0,1,0,0.1333,0,450.11,0.13685,0.035466,0.13796,0.03498,0,2,0,0.1333,0,900.23,0,1,0,0.1333,0,450.11
1227,12,315.77,315.8,15,2,84,0,1,0,0.0333,0,1801.8,0,1,0,0.0333,0,1801.8,0,0,0,0,0,2,0,0.0333,0,3603.6,0,1,0,0.0333,0,1801.8
1227,12,315.93,316.63,15,2,85,0,1,0,0.7,0,85.714,0,1,0,0.7,0,85.714,0.10917,0.028282,0.10867,0.029552,0,2,0,0.7,0,171.43,0,1,0,0.7,0,85.714
1227,12,317.13,317.97,23,2,86,0,1,0,0.8333,0,72.003,0,1,0,0.8333,0,72.003,0.15077,0.038159,0.15947,0.03801,0,2,0,0.8333,0,144.01,0,0.99996,0,0.83327,0,72.003
1227,12,318.43,318.5,23,2,87,0,1,0,0.0667,0,899.55,0,1,0,0.0667,0,899.55,0.1027,0.036461,0.1027,0.036461,0,2,0,0.0667,0,1799.1,0,1,0,0.0667,0,899.55
1227,12,318.63,319,23,2,88,0,0.7273,0,0.13335,0,327.24,0,1,0,0.3667,0,163.62,0.10223,0.036379,0.099147,0.036043,0,2,0,0.3667,0,327.24,0,1,0,0.3667,0,163.62
1227,12,321.27,322.03,23,2,89,0,0.86955,0,0.2222,0,234.8,0,1,0,0.3833,0,156.54,0.10878,0.037943,0.10644,0.038069,0,2,0,0.7666,0,156.54,0,1,0,0.7666,0,78.268
1227,12,328.83,329.07,23,2,90,0,1,0,0.2333,0,257.18,0,1,0,0.2333,0,257.18,0.10357,0.037851,0.10338,0.037588,0,2,0,0.2333,0,514.36,0,1,0,0.2333,0,257.18
1227,12,331.47,331.57,23,2,91,0,1,0,0.0999,0,600.6,0,1,0,0.0999,0,600.6,0.13306,0.043764,0.13306,0.043764,0,1,0,0.0999,0,600.6,0,1,0,0.0999,0,600.6
1227,12,334.67,334.8,10,2,92,0,1,0,0.1333,0,450.11,0,1,0,0.1333,0,450.11,0.062742,0.0209,0.062233,0.021029,0,1,0,0.1333,0,450.11,0,1,0,0.1333,0,450.11
1227,12,334.87,334.97,10,2,93,0,1,0,0.0999,0,600.6,0,1,0,0.0999,0,600.6,0.060299,0.021656,0.060299,0.021656,0,1,0,0.0999,0,600.6,0,1.333,0,0.066583,0,1201.2
1227,12,335.27,335.3,11,2,94,0,1,0,0.0333,0,1801.8,0,1,0,0.0333,0,1801.8,0,0,0,0,0,1,0,0.0333,0,1801.8,0,2,0,0.0333,0,3603.6
1227,12,335.33,335.4,11,2,95,0,1,0,0.0667,0,899.55,0,1,0,0.0667,0,899.55,0.097305,0.044411,0.097305,0.044411,0,1,0,0.0667,0,899.55,0,2,0,0.0667,0,1799.1
1227,12,335.47,335.5,11,2,96,0,1,0,0.0333,0,1801.8,0,1,0,0.0333,0,1801.8,0,0,0,0,0,1,0,0.0333,0,1801.8,0,2,0,0.0333,0,3603.6
1227,12,335.8,335.9,23,2,97,1,0,0.1,0,600,0,0,1,0,0.1,0,600,0.17105,0.07591,0.17309,0.076033,0,1,0,0.1,0,600,0,1.3333,0,0.066667,0,1200
1227,12,337.9,337.97,23,2,98,0,1,0,0.0666,0,900.9,0,1,0,0.0666,0,900.9,0.097703,0.039259,0.097703,0.039259,0,1,0,0.0666,0,900.9,0,2,0,0.0666,0,1801.8
1227,12,338.03,338.13,23,2,99,0,1,0,0.1,0,600,0,1,0,0.1,0,600,0.10148,0.039368,0.10111,0.03947,0,1,0,0.1,0,600,0,2,0,0.1,0,1200
1227,12,339.23,339.83,19,2,100,1,0,0.6,0,100,0,0.44439,0,0.26663,0,100,0,0.095573,0.020683,0.086738,0.020894,1,0,0.6,0,100,0,0,2,0,0.6,0,200
1227,12,343.43,343.47,15,2,101,0,0,0,0,0,0,1,0,0.0333,0,1801.8,0,0.084115,0.038223,0.084115,0.038223,0,1,0,0.0333,0,1801.8,0,2,0,0.0333,0,3603.6
1227,12,343.5,343.53,23,2,102,0,0,0,0,0,0,0,1,0,0.0333,0,1801.8,0.13297,0.034336,0.13297,0.034336,0,1,0,0.0333,0,1801.8,0,2,0,0.0333,0,3603.6
1227,12,344.03,344.43,15,2,103,0,1,0,0.4,0,150,0,1,0,0.4,0,150,0.25141,0.091398,0.25237,0.095159,0,1,0,0.4,0,150,0,1.1666,0,0.23332,0,300
1227,12,345.3,345.33,15,2,104,0,1,0,0.0333,0,1801.8,0,1,0,0.0333,0,1801.8,0.1147,0.042705,0.1147,0.042705,0,1,0,0.0333,0,1801.8,0,2,0,0.0333,0,3603.6
1227,12,350.03,350.43,23,2,105,0,0.75,0,0.15,0,300,0,0.91658,0,0.36663,0,150,0.10968,0.027164,0.10676,0.026704,0,2,0,0.4,0,300,0,1.7501,0,0.35002,0,300
1227,12,351.6,351.77,23,2,106,0,1,0,0.1666,0,360.14,0,1,0,0.1666,0,360.14,0.16748,0.04347,0.16804,0.043066,0,2,0,0.1666,0,720.29,0,1,0,0.1666,0,360.14
1227,12,354.83,354.97,23,2,107,1,0,0.1333,0,450.11,0,0,1,0,0.1333,0,450.11,0.12016,0.045107,0.12043,0.04505,0,2,0,0.1333,0,900.23,0,1,0,0.1333,0,450.11
1227,12,355.9,356.1,23,2,108,0,0,0,0,0,0,0,1,0,0.2,0,300,0.10688,0.042081,0.10632,0.041911,0,2,0,0.2,0,600,0,1.1667,0,0.11667,0,600
1227,12,356.67,356.73,23,2,109,0,1,0,0.0666,0,900.9,0,1,0,0.0666,0,900.9,0.12852,0.039449,0.12852,0.039449,0,1,0,0.0666,0,900.9,0,2,0,0.0666,0,1801.8
1227,12,358.2,358.4,1,2,110,1,0,0.2,0,300,0,1,0,0.2,0,300,0,0.13533,0.039316,0.12669,0.038902,0,0,0,0,0,0,1,1,0.2,0.2,300,300
1227,12,358.4,358.43,15,2,111,0,1,0,0.0333,0,1801.8,0,1,0,0.0333,0,1801.8,0.24349,0.072257,0.24349,0.072257,0,0,0,0,0,0,0,2,0,0.0333,0,3603.6
1227,12,358.43,359.7,1,2,112,1,0,1.2667,0,47.367,0,1,0,1.2667,0,47.367,0,0.14575,0.027106,0.16454,0.028168,0.078945,0.13158,0.1,0.16667,47.367,47.367,1,1,1.2667,1.2667,47.367,47.367
1227,12,376.5,377.8,23,2,113,0,0.92308,0,0.6,0,92.308,0,1,0,1.3,0,46.154,0.11782,0.033347,0.12331,0.033344,0,0.84615,0,1.1,0,46.154,0,2,0,1.3,0,92.308
1227,12,378,378.2,1,2,114,1,0,0.2,0,300,0,1,0,0.2,0,300,0,0.12003,0.028754,0.11846,0.027776,0,0,0,0,0,0,1,1,0.2,0.2,300,300
1227,12,378.3,379.2,1,2,115,1,0,0.9,0,66.667,0,1,0,0.9,0,66.667,0,0.15892,0.013699,0.15397,0.014113,0,0,0,0,0,0,1,1,0.9,0.9,66.667,66.667
1227,12,379.2,379.27,15,2,116,0,1,0,0.0666,0,900.9,0,1,0,0.0666,0,900.9,0.18613,0.035725,0.18613,0.035725,0,0,0,0,0,0,1,1,0.0666,0.0666,900.9,900.9
1227,12,379.27,381.93,1,2,117,1,0,2.6666,0,22.501,0,0.70001,0,1.8666,0,22.501,0,0.14783,0.012515,0.1475,0.012294,0,0,0,0,0,0,1,1,2.6666,2.6666,22.501,22.501
1227,12,382.6,382.8,1,2,118,1,0,0.2,0,300,0,0,0,0,0,0,0,0.12054,0.011542,0.11993,0.011611,0,0,0,0,0,0,1,1,0.2,0.2,300,300
1227,12,383.37,383.57,1,2,119,1,0,0.1999,0,300.15,0,0.49992,0,0.099933,0,300.15,0,0.15302,0.011946,0.15878,0.011711,0,0,0,0,0,0,1,1,0.1999,0.1999,300.15,300.15
1227,12,384.2,384.9,1,2,120,1,0,0.7,0,85.714,0,1,0,0.7,0,85.714,0,0.15867,0.019252,0.15937,0.019409,0,0,0,0,0,0,1,1,0.7,0.7,85.714,85.714
1227,12,384.93,386.1,1,2,121,1,0,1.1667,0,51.427,0,1,0,1.1667,0,51.427,0,0.14188,0.014176,0.14287,0.012735,0,0,0,0,0,0,1,1,1.1667,1.1667,51.427,51.427
1227,12,386.2,386.23,15,2,122,0,1,0,0.0333,0,1801.8,0,1,0,0.0333,0,1801.8,0.15397,0.064215,0.15397,0.064215,0,0,0,0,0,0,0,1,0,0.0333,0,1801.8
1227,12,386.9,387.3,1,2,123,1,0,0.4,0,150,0,0,0,0,0,0,0,0.15466,0.015804,0.14333,0.015283,0,0,0,0,0,0,0.75,1,0.3,0.4,150,150
1227,12,387.3,387.33,7,2,124,0,1,0,0.0333,0,1801.8,0,0,0,0,0,0,0.30473,0.078803,0.30473,0.078803,0,0,0,0,0,0,0,1,0,0.0333,0,1801.8
1227,12,387.33,387.9,1,2,125,1,0,0.5667,0,105.88,0,0,0.82348,0,0.46667,0,105.88,0.19693,0.020259,0.18826,0.021239,0,0,0,0,0,0,0,1,0,0.28335,0,211.75
1227,12,387.9,387.93,21,2,126,0,1,0,0.0333,0,1801.8,0,1,0,0.0333,0,1801.8,0.29359,0.097499,0.29359,0.097499,0,0,0,0,0,0,0,2,0,0.0333,0,3603.6
1227,12,387.93,389.17,1,2,127,1,0,1.2333,0,48.65,0,0.56753,0.40544,0.69993,0.50003,48.65,48.65,0.15383,0.019666,0.1464,0.019942,0,0,0,0,0,0,0.35131,1.4054,0.43327,0.86667,48.65,97.3
1227,12,389.17,389.2,15,2,128,0,1,0,0.0333,0,1801.8,0,1,0,0.0333,0,1801.8,0,0,0,0,0,0,0,0,0,0,1,1,0.0333,0.0333,1801.8,1801.8
1227,12,389.23,390.3,1,2,129,1,0,1.0667,0,56.248,0,1,0,1.0667,0,56.248,0,0.18837,0.019492,0.1935,0.020591,0,0,0,0,0,0,0.90625,1,0.9667,1.0667,56.248,56.248
1227,12,390.43,391.07,1,2,130,1,0,0.6333,0,94.742,0,1,0,0.6333,0,94.742,0,0.17977,0.019413,0.1891,0.020229,0,0,0,0,0,0,0,1,0,0.6333,0,94.742
1227,12,391.13,392.93,1,2,131,1,0,1.8,0,33.333,0,0.81483,0.074056,1.4667,0.1333,33.333,33.333,0.10621,0.011895,0.093242,0.010044,0.49998,0,0.89997,0,33.333,0,1,1,1.8,1.8,33.333,33.333
1227,12,393.07,393.1,15,2,132,0,1,0,0.0333,0,1801.8,1,0,0.0333,0,1801.8,0,0,0,0,0,0,1,0,0.0333,0,1801.8,0,1,0,0.0333,0,1801.8
1227,12,399.17,399.23,23,2,133,0,1,0,0.0666,0,900.9,0,1,0,0.0666,0,900.9,0.093929,0.032102,0.093929,0.032102,0,2,0,0.0666,0,1801.8,0,1,0,0.0666,0,900.9
1227,12,401.03,401.33,23,2,134,0,1,0,0.3,0,200,0,1,0,0.3,0,200,0.083311,0.030929,0.085221,0.030815,0,2,0,0.3,0,400,0,1,0,0.3,0,200
1227,12,401.5,401.6,23,2,135,0,1,0,0.1,0,600,0,1,0,0.1,0,600,0.08889,0.033947,0.088584,0.033933,0,2,0,0.1,0,1200,0,1,0,0.1,0,600
1227,12,401.77,401.8,23,2,136,0,1,0,0.0333,0,1801.8,0,1,0,0.0333,0,1801.8,0,0,0,0,0,2,0,0.0333,0,3603.6,0,1,0,0.0333,0,1801.8
1227,12,401.97,402.03,23,2,137,0,1,0,0.0666,0,900.9,0,1,0,0.0666,0,900.9,0.075625,0.02774,0.075625,0.02774,0,2,0,0.0666,0,1801.8,0,1,0,0.0666,0,900.9
1227,12,407.27,407.3,1,2,138,0,1,0,0.0333,0,1801.8,0,0,0,0,0,0,0,0,0,0,1,0,0.0333,0,1801.8,0,0,1,0,0.0333,0,1801.8
1227,12,407.8,407.97,1,2,139,0,0,0,0,0,0,0,0,0,0,0,0,0.10223,0.035955,0.10246,0.036099,1,0,0.1666,0,360.14,0,0,1,0,0.1666,0,360.14
1227,12,408.7,408.97,3,2,140,0,1,0,0.2666,0,225.06,0,1,0,0.2666,0,225.06,0.064784,0.021492,0.066895,0.021795,0,2,0,0.2666,0,450.11,0,1,0,0.2666,0,225.06
1228,12,35.667,35.733,2,1,1,0,1,0,0.0666,0,900.9,0,1,0,0.0666,0,900.9,0.091406,0.039596,0.091406,0.039596,0,2,0,0.0666,0,1801.8,0,1,0,0.0666,0,900.9
1228,12,35.8,35.967,3,1,2,0,1,0,0.1666,0,360.14,0,1,0,0.1666,0,360.14,0.12136,0.040063,0.12439,0.040042,0,2,0,0.1666,0,720.29,0,1,0,0.1666,0,360.14
1228,12,39.733,39.8,2,1,3,0,0,0,0,0,0,0,0,0,0,0,0,0.056729,0.016938,0.056729,0.016938,0,0,0,0,0,0,0,1,0,0.0667,0,899.55
1228,12,39.867,40.4,23,1,4,0,0,0,0,0,0,0,0.31252,0,0.16667,0,112.51,0.052819,0.010133,0.052246,0.0087891,0,0,0,0,0,0,0,1,0,0.5333,0,112.51
1228,12,40.7,40.767,23,1,5,0,0,0,0,0,0,1,0,0.0666,0,900.9,0,0.053659,0.013849,0.053659,0.013849,0,0,0,0,0,0,0,1,0,0.0666,0,900.9
1228,12,40.867,40.9,2,1,6,0,0,0,0,0,0,0,1,0,0.0333,0,1801.8,0,0,0,0,0,0,0,0,0,0,0,1,0,0.0333,0,1801.8
1228,12,41.933,41.967,18,1,7,0,1,0,0.0333,0,1801.8,0,0,0,0,0,0,0.099453,0.045653,0.099453,0.045653,0,0,0,0,0,0,0,1,0,0.0333,0,1801.8
1228,12,42.033,42.233,18,1,8,0,0.66683,0,0.13337,0,300,0,0,0,0,0,0,0.10456,0.045026,0.10443,0.044875,0,0,0,0,0,0,0,1,0,0.2,0,300
1228,12,45,45.067,3,1,9,0,0,0,0,0,0,0,0,0,0,0,0,0.10859,0.040943,0.10859,0.040943,0,1,0,0.0666,0,900.9,0,1,0,0.0666,0,900.9
1228,12,45.1,45.567,10,1,10,0,0.64281,0,0.29993,0,128.59,0,0,0,0,0,0,0.22021,0.039487,0.22013,0.039462,0,1,0,0.4666,0,128.59,0,1,0,0.4666,0,128.59
1228,12,45.7,45.767,10,1,11,0,1,0,0.0666,0,900.9,0,0,0,0,0,0,0.25319,0.056273,0.25319,0.056273,0,1,0,0.0666,0,900.9,0,1,0,0.0666,0,900.9
1228,12,59.767,59.867,23,1,12,0,1,0,0.0999,0,600.6,0,1,0,0.0999,0,600.6,0.1066,0.052805,0.1066,0.052805,0,2,0,0.0999,0,1201.2,0,1,0,0.0999,0,600.6
1228,12,66.533,66.7,23,1,13,0,1,0,0.1667,0,359.93,0,1,0,0.1667,0,359.93,0.094115,0.046946,0.094453,0.047098,0,2,0,0.1667,0,719.86,0,2,0,0.1667,0,719.86
1228,12,67.7,67.733,15,1,14,0,1,0,0.0333,0,1801.8,0,1,0,0.0333,0,1801.8,0.16404,0.067135,0.16404,0.067135,0,1,0,0.0333,0,1801.8,0,1,0,0.0333,0,1801.8
1228,12,70.8,70.9,15,1,15,0,1,0,0.1,0,600,0.33333,0,0.033333,0,600,0,0.13993,0.060092,0.14015,0.061346,0,2,0,0.1,0,1200,0,1,0,0.1,0,600
1228,12,72.7,73.7,10,1,16,0.36667,0.53333,0.36667,0.26667,60,120,0,1,0,1,0,60,0.20012,0.042727,0.19988,0.04207,1.0667,0,0.53333,0,120,0,0,1,0,1,0,60
1228,12,75.1,75.733,10,1,17,1,0,0.6333,0,94.742,0,1,0,0.6333,0,94.742,0,0.19211,0.045672,0.19061,0.045733,1.6842,0,0.5333,0,189.48,0,0,1,0,0.6333,0,94.742
1228,12,79.833,79.867,19,1,18,0,1,0,0.0333,0,1801.8,0,0,0,0,0,0,0.085755,0.043999,0.085755,0.043999,0,0,0,0,0,0,0,1,0,0.0333,0,1801.8
1228,12,86.033,86.067,2,1,19,0,0,0,0,0,0,0,0,0,0,0,0,0.098529,0.045647,0.098529,0.045647,0,1,0,0.0333,0,1801.8,0,1,0,0.0333,0,1801.8
1228,12,107.93,108.23,23,1,20,0,1,0,0.3,0,200,0,1,0,0.3,0,200,0.10827,0.054951,0.10841,0.054843,0,2,0,0.3,0,400,0,1,0,0.3,0,200
1228,12,108.77,108.93,23,1,21,0,1,0,0.1666,0,360.14,0,1,0,0.1666,0,360.14,0.10923,0.047323,0.10723,0.047783,0,1,0,0.1666,0,360.14,0,1,0,0.1666,0,360.14
1228,12,109.27,109.4,23,1,22,0,0,0,0,0,0,0,1,0,0.1333,0,450.11,0.068151,0.041527,0.066439,0.041227,0,0,0,0,0,0,0,1,0,0.1333,0,450.11
1228,12,115.07,115.3,23,1,23,1,0,0.2333,0,257.18,0,0,1,0,0.2333,0,257.18,0.13608,0.0538,0.13677,0.054552,0,1,0,0.2333,0,257.18,0,1,0,0.2333,0,257.18
1228,12,115.47,115.87,23,1,24,1,0,0.3999,0,150.04,0,0,1,0,0.3999,0,150.04,0.15603,0.048756,0.15682,0.04844,0,1,0,0.3999,0,150.04,0,1,0,0.3999,0,150.04
1228,12,118.5,119,23,1,25,0.8,0.13333,0.4,0.066667,120,120,0,0.46667,0,0.23333,0,120,0.13041,0.061168,0.13242,0.061545,0,1,0,0.5,0,120,0,1,0,0.5,0,120
1228,12,119.23,120.03,23,1,26,0,1,0,0.8,0,75,0,0.54167,0,0.43333,0,75,0.12108,0.056843,0.11977,0.056231,0,1,0,0.8,0,75,0,0.99996,0,0.39998,0,150
1228,12,120.2,120.5,10,1,27,0.77778,0,0.23333,0,200,0,0,0.88889,0,0.26667,0,200,0.13306,0.050847,0.13594,0.051086,0.66667,1,0.2,0.3,200,200,0,1,0,0.3,0,200
1228,12,120.9,120.97,10,1,28,1,0,0.0666,0,900.9,0,0,1,0,0.0666,0,900.9,0.12001,0.050519,0.12001,0.050519,0,1,0,0.0666,0,900.9,0,1,0,0.0666,0,900.9
1228,12,121.2,121.27,10,1,29,1,0,0.0666,0,900.9,0,0,1,0,0.0666,0,900.9,0.099844,0.053063,0.099844,0.053063,0,1,0,0.0666,0,900.9,0,1,0,0.0666,0,900.9
1228,12,121.6,121.9,10,1,30,1,0,0.3,0,200,0,0.66667,0,0.2,0,200,0,0.11633,0.05423,0.11473,0.054067,1,1,0.3,0.3,200,200,0,1,0,0.3,0,200
1228,12,122.07,122.33,10,1,31,1,0,0.2666,0,225.06,0,0.24994,0.37497,0.066633,0.099967,225.06,225.06,0.13326,0.049433,0.14219,0.049128,1,1,0.2666,0.2666,225.06,225.06,0,1.7501,0,0.23328,0,450.11
1228,12,123.73,123.9,2,1,32,0,1,0,0.1667,0,359.93,0.20016,0.19996,0.033367,0.033333,359.93,359.93,0.087993,0.034941,0.088411,0.033481,0,2,0,0.1667,0,719.86,0,1,0,0.1667,0,359.93
1228,12,124,124.2,23,1,33,0,1,0,0.2,0,300,0,1,0,0.2,0,300,0.10812,0.041306,0.10839,0.041163,0,2,0,0.2,0,600,0,1,0,0.2,0,300
1228,12,128,128.17,23,1,34,0,1,0,0.1666,0,360.14,0,0,0,0,0,0,0.10528,0.050133,0.10569,0.050076,0,2,0,0.1666,0,720.29,0,1,0,0.1666,0,360.14
1228,12,128.57,129.27,23,1,35,0,1,0,0.6999,0,85.727,0,0.66667,0,0.4666,0,85.727,0.12399,0.043479,0.12222,0.043343,0,1,0,0.6999,0,85.727,0,1,0,0.6999,0,85.727
1228,12,131.4,131.5,2,1,36,0,1,0,0.1,0,600,0,1,0,0.1,0,600,0.12115,0.057893,0.12141,0.058851,0,2,0,0.1,0,1200,0,1,0,0.1,0,600
1228,12,131.77,131.87,8,1,37,1,0,0.0999,0,600.6,0,0,1,0,0.0999,0,600.6,0.12445,0.054354,0.12445,0.054354,1,1,0.0999,0.0999,600.6,600.6,0,2,0,0.0999,0,1201.2
1228,12,132.07,132.3,8,1,38,1,0,0.2333,0,257.18,0,0,1,0,0.2333,0,257.18,0.13798,0.057234,0.13681,0.057012,1,1,0.2333,0.2333,257.18,257.18,0,1.5714,0,0.1833,0,514.36
1228,12,132.37,132.9,8,1,39,1,0,0.5333,0,112.51,0,0,0.87499,0,0.23332,0,225.01,0.17054,0.057516,0.17176,0.057441,1.375,0,0.36665,0,225.01,0,0,1,0,0.5333,0,112.51
1228,12,133.2,134.2,8,1,40,1,0,1,0,60,0,0,1,0,1,0,60,0.20135,0.055017,0.19842,0.054935,2,0,1,0,120,0,0,1,0,1,0,60
1228,12,134.6,134.93,14,1,41,0,1,0,0.3333,0,180.02,0,1,0,0.3333,0,180.02,0.12928,0.040965,0.12695,0.040558,0,2,0,0.3333,0,360.04,0,1,0,0.3333,0,180.02
1228,12,135.2,135.53,2,1,42,0,1,0,0.3333,0,180.02,0,1,0,0.3333,0,180.02,0.094311,0.037349,0.09355,0.038069,0,2,0,0.3333,0,360.04,0,1,0,0.3333,0,180.02
1228,12,139.23,139.47,7,1,43,0,1,0,0.2333,0,257.18,0,1,0,0.2333,0,257.18,0.23881,0.060986,0.24376,0.060533,0,1,0,0.2333,0,257.18,0,1,0,0.2333,0,257.18
1228,12,142.53,142.9,21,1,44,0,1,0,0.3667,0,163.62,0,1,0,0.3667,0,163.62,0.38616,0.037948,0.38265,0.037375,0,1,0,0.3667,0,163.62,0,1,0,0.3667,0,163.62
1228,12,142.93,143.4,21,1,45,0,1,0,0.4667,0,128.56,0,0.85715,0,0.40003,0,128.56,0.30467,0.052586,0.29841,0.054124,0,1.6428,0,0.38335,0,257.12,0,1,0,0.4667,0,128.56
1228,12,144.5,145.2,23,1,46,0,1,0,0.7,0,85.714,0,0.85714,0,0.6,0,85.714,0.11341,0.04341,0.11295,0.043222,0,2,0,0.7,0,171.43,0,1,0,0.35,0,171.43
1228,12,145.5,145.67,23,1,47,0,1,0,0.1666,0,360.14,0,1,0,0.1666,0,360.14,0.1107,0.04824,0.11121,0.048109,0,2,0,0.1666,0,720.29,0,1.3998,0,0.1166,0,720.29
1228,12,145.67,145.7,8,1,48,0,0,0,0,0,0,1,0,0.0333,0,1801.8,0,0,0,0,0,2,0,0.0333,0,3603.6,0,0,2,0,0.0333,0,3603.6
1228,12,145.77,146.2,23,1,49,0,0.30772,0,0.13333,0,138.47,0,1,0,0.4333,0,138.47,0.11275,0.037024,0.11483,0.036498,0,1.7692,0,0.3833,0,276.94,0,1.0769,0,0.2333,0,276.94
1228,12,149.4,149.5,23,1,50,0,1,0,0.1,0,600,0,0.66667,0,0.066667,0,600,0.11481,0.058043,0.11607,0.058267,0,0,0,0,0,0,0,2,0,0.1,0,1200
1228,12,149.87,150.4,23,1,51,0,0.68748,0,0.12221,0,337.52,0,1,0,0.5333,0,112.51,0.13174,0.051001,0.13252,0.051123,0,1,0,0.5333,0,112.51,0,1.1874,0,0.31663,0,225.01
1228,12,150.5,151.1,23,1,52,0,1,0,0.6,0,100,0,1,0,0.6,0,100,0.13084,0.055373,0.12968,0.055262,0,1,0,0.6,0,100,0,2,0,0.6,0,200
1228,12,151.17,151.3,22,1,53,1,0,0.1333,0,450.11,0,0,1,0,0.1333,0,450.11,0.1507,0.062601,0.15326,0.062832,0,1,0,0.1333,0,450.11,1,1,0.1333,0.1333,450.11,450.11
1228,12,152.3,152.47,22,1,54,0,0,0,0,0,0,0,1,0,0.1666,0,360.14,0.12749,0.063024,0.12783,0.061968,0,0,0,0,0,0,0,1,0,0.1666,0,360.14
1228,12,152.8,153.07,23,1,55,0,0.87497,0,0.23327,0,225.06,0,1,0,0.2666,0,225.06,0.12006,0.049243,0.12124,0.050229,0,1,0,0.2666,0,225.06,0,1,0,0.2666,0,225.06
1228,12,214.33,215.5,23,1,56,0,0.085712,0,0.1,0,51.427,0,0.91429,0,0.53335,0,102.85,0.10028,0.027782,0.096081,0.029915,0,0,0,0,0,0,0,1.2285,0,0.71667,0,102.85
1228,12,217.47,217.6,23,1,57,0,1,0,0.1333,0,450.11,0,1,0,0.1333,0,450.11,0.12515,0.046075,0.12599,0.046123,0,1,0,0.1333,0,450.11,0,1,0,0.1333,0,450.11
1228,12,218.17,218.33,23,1,58,0,1,0,0.1666,0,360.14,0,1,0,0.1666,0,360.14,0.11129,0.042221,0.11127,0.041402,0,2,0,0.1666,0,720.29,0,1,0,0.1666,0,360.14
1228,12,219.2,220.57,23,1,59,0,0,0,0,0,0,0,0.17074,0,0.23333,0,43.905,0.11075,0.041,0.11726,0.044162,0,0,0,0,0,0,0,1,0,1.3666,0,43.905
1228,12,223.53,224.2,23,1,60,0,0,0,0,0,0,0,0,0,0,0,0,0.087956,0.024998,0.094245,0.023175,0,0,0,0,0,0,0,1,0,0.6667,0,89.996
1228,12,224.53,225.67,23,1,61,0,0,0,0,0,0,0,0,0,0,0,0,0.077671,0.019155,0.076084,0.019222,0,0,0,0,0,0,0,1,0,1.1333,0,52.943
1228,12,239.63,240.67,23,1,62,0,0,0,0,0,0,0,0.5807,0,0.20001,0,174.2,0.1095,0.032454,0.11199,0.033837,0,1,0,1.0333,0,58.066,0,0.99997,0,1.0333,0,58.066
1228,12,240.87,242.47,23,1,63,0,0.79167,0,0.6333,0,75.005,0,0.33331,0,0.53327,0,37.502,0.13418,0.046541,0.13879,0.046549,0,0.50001,0,0.39998,0,75.005,0,1,0,1.5999,0,37.502
1228,12,245.97,246.37,13,1,64,1,0,0.3999,0,150.04,0,0,1,0,0.3999,0,150.04,0.10924,0.047027,0.10861,0.047298,1.75,0.24998,0.34992,0.099967,300.08,150.04,0,1,0,0.3999,0,150.04
1228,12,247.33,247.67,12,1,65,0,1,0,0.3333,0,180.02,0,1,0,0.3333,0,180.02,0.12218,0.04344,0.12285,0.043751,0,2,0,0.3333,0,360.04,0,0.9999,0,0.33327,0,180.02
1228,12,248.17,248.4,13,1,66,1,0,0.2333,0,257.18,0,0,0.57137,0,0.1333,0,257.18,0.13345,0.05002,0.1345,0.048513,2,0,0.2333,0,514.36,0,0,1,0,0.2333,0,257.18
1228,12,249.4,249.57,13,1,67,1,0,0.1666,0,360.14,0,0,0.60024,0,0.1,0,360.14,0.16182,0.053106,0.16881,0.052904,1,0,0.1666,0,360.14,0,0,1,0,0.1666,0,360.14
1228,12,249.87,250.03,17,1,68,0,1,0,0.1666,0,360.14,0,0,0,0,0,0,0.11848,0.058174,0.11832,0.058049,0,1,0,0.1666,0,360.14,0,1,0,0.1666,0,360.14
1228,12,250.9,251.53,12,1,69,0,0.1579,0,0.1,0,94.742,0,0.1579,0,0.1,0,94.742,0.13099,0.059886,0.13139,0.060794,0,1,0,0.6333,0,94.742,0,1,0,0.6333,0,94.742
1228,12,262.6,262.67,15,1,70,0,1,0,0.0666,0,900.9,0,0,0,0,0,0,0.14001,0.057911,0.14001,0.057911,1,0,0.0666,0,900.9,0,0,1,0,0.0666,0,900.9
1228,12,262.83,263.23,15,1,71,0,0.33342,0,0.13337,0,150,0,1,0,0.4,0,150,0.15499,0.060172,0.1532,0.060527,1,0,0.4,0,150,0,0,1,0,0.4,0,150
1228,12,263.5,264.6,15,1,72,0.45455,0.33333,0.5,0.36667,54.545,54.545,0,1,0,1.1,0,54.545,0.21945,0.052994,0.21506,0.053761,1,0,1.1,0,54.545,0,0,1,0,1.1,0,54.545
1229,12,32.2,33.667,9,1,1,0,1,0,1.4666,0,40.911,0,0.77272,0,0.37776,0,122.73,0.12043,0.025926,0.12031,0.02594,0,0,0,0,0,0,0,1,0,1.4666,0,40.911
1229,12,35.233,35.633,9,1,2,0,0,0,0,0,0,0,0.58333,0,0.23333,0,150,0.093453,0.024454,0.10284,0.024508,0,0,0,0,0,0,0,0.99992,0,0.39997,0,150
1229,12,36.967,37.033,9,1,3,0,1,0,0.0666,0,900.9,0,1,0,0.0666,0,900.9,0.066566,0.023189,0.066566,0.023189,0,0,0,0,0,0,0,1,0,0.0666,0,900.9
1229,12,38.867,39.3,9,1,4,0,0,0,0,0,0,0,1,0,0.4333,0,138.47,0.087472,0.022316,0.081969,0.025565,0,0,0,0,0,0,0,1,0,0.4333,0,138.47
1229,12,40.233,40.5,9,1,5,0,1,0,0.2667,0,224.97,0,1,0,0.2667,0,224.97,0.16183,0.024403,0.15361,0.02427,0,0,0,0,0,0,0,1,0,0.2667,0,224.97
1229,12,45,45.867,1,1,6,0.19225,0,0.1666,0,69.236,0,0.50004,0.49996,0.43333,0.43327,69.236,69.236,0.11232,0.031097,0.11188,0.030874,0,0,0,0,0,0,0,1,0,0.8666,69.236,69.236
1229,12,51.9,52,1,1,7,0,0.66667,0,0.066667,0,600,0,1,0,0.1,0,600,0.061245,0.026346,0.061097,0.026376,0,0,0,0,0,0,0,1,0,0.1,0,600
1229,12,52.133,52.267,1,1,8,0,1,0,0.1333,0,450.11,0,1,0,0.1333,0,450.11,0.062092,0.022453,0.062205,0.022316,0,0,0,0,0,0,0,1,0,0.1333,0,450.11
1229,12,52.733,52.767,1,1,9,0,1,0,0.0333,0,1801.8,0,1,0,0.0333,0,1801.8,0.059313,0.023819,0.059313,0.023819,0,0,0,0,0,0,0,0.999,0,0.033267,0,1801.8
1229,12,53.267,54.467,1,1,10,0,1,0,1.1999,0,50.004,0,1,0,1.1999,0,50.004,0.081774,0.025634,0.08054,0.025417,0,0,0,0,0,0,0,1,0,1.1999,0,50.004
1230,12,30,30.067,10,1,1,0,1,0,0.0666,0,900.9,0,1,0,0.0666,0,900.9,0.20105,0.050841,0.20105,0.050841,0,2,0,0.0666,0,1801.8,1,1,0.0666,0.0666,900.9,900.9
1230,12,30.633,30.667,2,1,2,0,1,0,0.0333,0,1801.8,0,1,0,0.0333,0,1801.8,0.15092,0.043522,0.15092,0.043522,1,1,0.0333,0.0333,1801.8,1801.8,0,2,0,0.0333,0,3603.6
1230,12,30.967,31.633,10,1,3,0,1,0,0.6666,0,90.009,0,1,0,0.6666,0,90.009,0.20126,0.050489,0.20128,0.050873,0,2,0,0.6666,0,180.02,1,1,0.6666,0.6666,90.009,90.009
1230,12,31.8,31.867,10,1,4,0,1,0,0.0666,0,900.9,0,1,0,0.0666,0,900.9,0.15345,0.052029,0.15345,0.052029,0,2,0,0.0666,0,1801.8,1,1,0.0666,0.0666,900.9,900.9
1230,12,31.933,32.167,2,1,5,0,1,0,0.2333,0,257.18,0,0.28547,0,0.0666,0,257.18,0.12997,0.044643,0.13068,0.044439,1,1,0.2333,0.2333,257.18,257.18,0,2,0,0.2333,0,514.36
1230,12,32.367,33.1,10,1,6,0.77276,0.090868,0.56667,0.066633,81.822,81.822,1,0,0.7333,0,81.822,0,0.16747,0.044534,0.16686,0.049178,0,1.7273,0,0.6333,0,163.64,1,1,0.7333,0.7333,81.822,81.822
1230,12,33.767,33.833,10,1,7,1,0,0.0666,0,900.9,0,1,0,0.0666,0,900.9,0,0.098115,0.040945,0.098115,0.040945,0,1,0,0.0666,0,900.9,1,1,0.0666,0.0666,900.9,900.9
1230,12,34.2,34.233,22,1,8,0,1,0,0.0333,0,1801.8,1,0,0.0333,0,1801.8,0,0.11108,0.052251,0.11108,0.052251,0,1,0,0.0333,0,1801.8,1,1,0.0333,0.0333,1801.8,1801.8
1230,12,34.3,34.367,10,1,9,1,0,0.0666,0,900.9,0,0,1,0,0.0666,0,900.9,0.14772,0.050508,0.14772,0.050508,0,1,0,0.0666,0,900.9,1,1,0.0666,0.0666,900.9,900.9
1230,12,40.233,40.9,10,1,10,0.050047,0,0.033367,0,89.996,0,1,0,0.6667,0,89.996,0,0.18107,0.044838,0.19451,0.045079,0.9,0,0.60003,0,89.996,0,0,0.99995,0,0.66667,0,89.996
1230,12,41,41.1,11,1,11,0,0,0,0,0,0,0,1,0,0.1,0,600,0.11549,0.035512,0.11478,0.036102,0,0,0,0,0,0,0,1,0,0.1,0,600
1230,12,41.2,42.1,10,1,12,0.96296,0,0.86667,0,66.667,0,1,0,0.9,0,66.667,0,0.19811,0.039486,0.2014,0.039735,0.40741,0,0.36667,0,66.667,0,0,1,0,0.45,0,133.33
1230,12,42.1,42.7,11,1,13,0,0.83333,0,0.5,0,100,0,1,0,0.3,0,200,0.10591,0.032034,0.10573,0.031719,0,1,0,0.6,0,100,0,1,0,0.6,0,100
1230,12,44.9,45.7,6,1,14,0,1,0,0.8,0,75,0,1,0,0.8,0,75,0.09723,0.03336,0.098901,0.032495,0,0.70833,0,0.28333,0,150,0,1,0,0.8,0,75
1230,12,45.7,45.733,15,1,15,0,1,0,0.0333,0,1801.8,0,1,0,0.0333,0,1801.8,0.13971,0.042432,0.13971,0.042432,0,2,0,0.0333,0,3603.6,0,1,0,0.0333,0,1801.8
1230,12,46.167,46.3,15,1,16,0,1,0,0.1333,0,450.11,0,1,0,0.1333,0,450.11,0.085611,0.0355,0.085833,0.035212,0,2,0,0.1333,0,900.23,0,1,0,0.1333,0,450.11
1230,12,46.833,47.067,22,1,17,0,1,0,0.2333,0,257.18,0,1,0,0.2333,0,257.18,0.088649,0.034609,0.089648,0.034472,0,2,0,0.2333,0,514.36,0,1,0,0.2333,0,257.18
1230,12,47.133,47.233,22,1,18,0,1,0,0.1,0,600,0,1,0,0.1,0,600,0.079287,0.033203,0.079707,0.033042,0,2,0,0.1,0,1200,0,1,0,0.1,0,600
1230,12,47.267,47.7,15,1,19,0,1,0,0.4333,0,138.47,0,1,0,0.4333,0,138.47,0.10719,0.035373,0.1075,0.035763,0,2,0,0.4333,0,276.94,0,1,0,0.4333,0,138.47
1230,12,47.8,48,15,1,20,0,1,0,0.2,0,300,0,1,0,0.2,0,300,0.12607,0.039692,0.12738,0.039764,0,1,0,0.2,0,300,0,1,0,0.2,0,300
1230,12,48.067,48.2,15,1,21,0,1,0,0.1333,0,450.11,0,1,0,0.1333,0,450.11,0.096834,0.036126,0.095495,0.035731,0,1,0,0.1333,0,450.11,0,1,0,0.1333,0,450.11
1230,12,48.667,49.833,10,1,22,0,0.71427,0,0.41663,0,102.86,0,0.94288,0,1.1,0,51.432,0.15317,0.041185,0.14917,0.040563,1,0,1.1666,0,51.432,0,0,1,0,1.1666,0,51.432
1230,12,49.9,50.133,10,1,23,0,1,0,0.2333,0,257.18,0.71424,0,0.16663,0,257.18,0,0.16052,0.047071,0.16105,0.047611,1,0,0.2333,0,257.18,0,0,1,0,0.2333,0,257.18
1230,12,50.133,50.167,15,1,24,0,1,0,0.0333,0,1801.8,0,1,0,0.0333,0,1801.8,0.16325,0.052325,0.16325,0.052325,0,1,0,0.0333,0,1801.8,0,1,0,0.0333,0,1801.8
1230,12,50.2,50.233,15,1,25,0,1,0,0.0333,0,1801.8,0,1,0,0.0333,0,1801.8,0.10479,0.046122,0.10479,0.046122,0,1,0,0.0333,0,1801.8,0,1,0,0.0333,0,1801.8
1230,12,50.467,50.5,1,1,26,1,0,0.0333,0,1801.8,0,0,1,0,0.0333,0,1801.8,0,0,0,0,0,1,0,0.0333,0,1801.8,0,1,0,0.0333,0,1801.8
1230,12,50.567,50.7,23,1,27,0,0.74994,0,0.099967,0,450.11,0,1,0,0.1333,0,450.11,0.17479,0.055875,0.17448,0.055825,0,1,0,0.1333,0,450.11,0,1,0,0.1333,0,450.11
1230,12,50.967,51.5,10,1,28,1,0,0.5333,0,112.51,0,1,0,0.5333,0,112.51,0,0.11319,0.043687,0.11366,0.044063,1,0,0.5333,0,112.51,0,0,1,0,0.5333,0,112.51
1230,12,52.033,52.133,10,1,29,1,0,0.1,0,600,0,0,1,0,0.1,0,600,0.095716,0.039307,0.097422,0.039222,1,0,0.1,0,600,0,0,0.99967,0,0.099967,0,600
1230,12,52.2,52.3,8,1,30,0,1,0,0.1,0,600,0,1,0,0.1,0,600,0.1011,0.039978,0.10117,0.039953,0,1,0,0.1,0,600,0,1,0,0.1,0,600
1230,12,52.833,52.9,8,1,31,0,1,0,0.0667,0,899.55,0,0.49975,0,0.033333,0,899.55,0.11075,0.04253,0.11075,0.04253,0,1,0,0.0667,0,899.55,0,1,0,0.0667,0,899.55
1230,12,54.1,54.267,10,1,32,1,0,0.1666,0,360.14,0,1,0,0.1666,0,360.14,0,0.24912,0.041179,0.25531,0.040545,1,0,0.1666,0,360.14,0,0,1,0,0.1666,0,360.14
1230,12,54.567,54.7,10,1,33,0,0,0,0,0,0,1,0,0.1333,0,450.11,0,0.16181,0.041956,0.16004,0.041662,1,0,0.1333,0,450.11,0,0,1,0,0.1333,0,450.11
1230,12,54.767,54.867,5,1,34,0,0,0,0,0,0,0,1,0,0.0999,0,600.6,0.17882,0.046879,0.17882,0.046879,0,1,0,0.0999,0,600.6,0,1,0,0.0999,0,600.6
1230,12,55.1,55.467,5,1,35,0,1,0,0.3666,0,163.67,0,1,0,0.3666,0,163.67,0.22375,0.047624,0.22567,0.047888,0,1,0,0.3666,0,163.67,0,2,0,0.3666,0,327.33
1230,12,55.567,55.767,10,1,36,0,1,0,0.1999,0,300.15,0,1,0,0.1999,0,300.15,0.16297,0.046295,0.16464,0.046582,1,0,0.1999,0,300.15,0,0,2,0,0.1999,0,600.3
1230,12,55.8,57.4,6,1,37,1,0,1.6,0,37.5,0,1,0,1.6,0,37.5,0,0.18854,0.03773,0.17651,0.038928,0.5,1,0.8,1.6,37.5,37.5,0.3125,1,0.5,1.6,37.5,37.5
1230,12,57.567,58.3,6,1,38,1,0,0.7333,0,81.822,0,1,0,0.7333,0,81.822,0,0.19901,0.039007,0.22279,0.038423,1,1,0.7333,0.7333,81.822,81.822,0,1,0,0.7333,0,81.822
1230,12,58.7,58.8,6,1,39,1,0,0.1,0,600,0,1,0,0.1,0,600,0,0.13271,0.041958,0.13243,0.041767,1,1,0.1,0.1,600,600,0,1,0,0.1,0,600
1230,12,59,59.1,6,1,40,1,0,0.1,0,600,0,0,1,0,0.1,0,600,0.15478,0.047948,0.15687,0.048453,1,1,0.1,0.1,600,600,0,1,0,0.1,0,600
1230,12,59.533,59.7,6,1,41,1,0,0.1667,0,359.93,0,0,1,0,0.1667,0,359.93,0.15432,0.050351,0.15586,0.050419,1,1,0.1667,0.1667,359.93,359.93,0,1,0,0.1667,0,359.93
1230,12,59.733,60.1,6,1,42,1,0,0.3667,0,163.62,0,0,1,0,0.3667,0,163.62,0.14159,0.041363,0.14078,0.040935,1,1,0.3667,0.3667,163.62,163.62,0,1,0,0.3667,0,163.62
1230,12,60.133,62.267,6,1,43,1,0,2.1333,0,28.125,0,0.65623,0.34377,1.3999,0.73337,28.125,28.125,0.13743,0.034189,0.14109,0.034272,1,1,2.1333,2.1333,28.125,28.125,0,1,0,2.1333,0,28.125
1230,12,62.3,62.567,6,1,44,1,0,0.2666,0,225.06,0,1,0,0.2666,0,225.06,0,0.1327,0.045293,0.13319,0.045478,0,1,0,0.2666,0,225.06,0,1,0,0.2666,0,225.06
1230,12,63.067,63.2,8,1,45,0,1,0,0.1333,0,450.11,0,1,0,0.1333,0,450.11,0.097238,0.043697,0.097412,0.043758,0,1,0,0.1333,0,450.11,0,1,0,0.1333,0,450.11
1230,12,63.267,63.3,8,1,46,0,1,0,0.0333,0,1801.8,0,1,0,0.0333,0,1801.8,0,0,0,0,0,1,0,0.0333,0,1801.8,0,1,0,0.0333,0,1801.8
1230,12,64.033,64.167,15,1,47,0,1,0,0.1333,0,450.11,0,1,0,0.1333,0,450.11,0.10786,0.051469,0.10809,0.050109,0,1,0,0.1333,0,450.11,0,1,0,0.1333,0,450.11
1230,12,64.5,64.533,13,1,48,0,1,0,0.0333,0,1801.8,0,1,0,0.0333,0,1801.8,0.10838,0.04145,0.10838,0.04145,0,1,0,0.0333,0,1801.8,0,1,0,0.0333,0,1801.8
1230,12,64.833,65.5,10,1,49,0,1,0,0.6667,0,89.996,0,1,0,0.6667,0,89.996,0.10859,0.035325,0.11487,0.03808,1,0,0.6667,0,89.996,0,0,1,0,0.6667,0,89.996
1230,12,67.467,67.633,10,1,50,0,0,0,0,0,0,1,0,0.1666,0,360.14,0,0.13703,0.043598,0.13801,0.043568,2,0,0.1666,0,720.29,0,0,1,0,0.1666,0,360.14
1230,12,67.833,67.9,15,1,51,0,0.9995,0,0.066667,0,899.55,0,1,0,0.0667,0,899.55,0.084663,0.026577,0.084663,0.026577,0,2,0,0.0667,0,1799.1,0,1,0,0.0667,0,899.55
1230,12,70.933,71.033,6,1,52,0,0,0,0,0,0,0,1,0,0.1,0,600,0.094877,0.036562,0.096123,0.037299,0,1,0,0.1,0,600,0,0.99967,0,0.099967,0,600
1230,12,73.433,73.567,10,1,53,0,1,0,0.1333,0,450.11,0,1,0,0.1333,0,450.11,0.095951,0.034363,0.097098,0.034334,1,0,0.1333,0,450.11,0,0,1,0,0.1333,0,450.11
1230,12,74.567,74.933,5,1,54,0,0.72722,0,0.1333,0,327.33,0,0.72731,0,0.26663,0,163.67,0.10962,0.03619,0.11194,0.035834,1,1,0.3666,0.3666,163.67,163.67,0,1,0,0.3666,0,163.67
1230,12,75,75.333,5,1,55,0,0.60006,0,0.2,0,180.02,0,0,0,0,0,0,0.10846,0.038619,0.11057,0.037665,1,1,0.3333,0.3333,180.02,180.02,0,1,0,0.3333,0,180.02
1230,12,75.967,76.467,5,1,56,0,0.80009,0,0.39997,0,120.02,0,0.86664,0,0.21662,0,240.05,0.14367,0.04244,0.14012,0.042403,1,1,0.4999,0.4999,120.02,120.02,0,1,0,0.4999,0,120.02
1230,12,79.9,79.967,15,1,57,0,0.4995,0,0.033267,0,900.9,0,1,0,0.0666,0,900.9,0.074141,0.028439,0.074141,0.028439,0,1,0,0.0666,0,900.9,0,1,0,0.0666,0,900.9
1230,12,80,80.033,15,1,58,0,1,0,0.0333,0,1801.8,0,1,0,0.0333,0,1801.8,0.091185,0.032556,0.091185,0.032556,0,1,0,0.0333,0,1801.8,0,1,0,0.0333,0,1801.8
1230,12,80.5,80.533,20,1,59,0,1,0,0.0333,0,1801.8,0,1,0,0.0333,0,1801.8,0.11071,0.036435,0.11071,0.036435,0,1,0,0.0333,0,1801.8,0,1,0,0.0333,0,1801.8
1230,12,90.8,90.967,14,1,60,0,0,0,0,0,0,0,1,0,0.1666,0,360.14,0.25734,0.043405,0.25928,0.043365,0,1.2001,0,0.099967,0,720.29,0,1,0,0.1666,0,360.14
1230,12,91.5,91.567,22,1,61,1,0,0.0666,0,900.9,0,0,1,0,0.0666,0,900.9,0.087155,0.03738,0.087155,0.03738,0,1,0,0.0666,0,900.9,0,1,0,0.0666,0,900.9
1230,12,93.6,93.767,22,1,62,0,1,0,0.1666,0,360.14,0,1,0,0.1666,0,360.14,0.14002,0.048432,0.14366,0.048648,1,1,0.1666,0.1666,360.14,360.14,0,1,0,0.1666,0,360.14
1230,12,94.1,94.167,20,1,63,0,1,0,0.0666,0,900.9,0,1,0,0.0666,0,900.9,0.11981,0.047828,0.11981,0.047828,0,2,0,0.0666,0,1801.8,0,1,0,0.0666,0,900.9
1230,12,94.333,94.8,20,1,64,0,1,0,0.4667,0,128.56,0,1,0,0.4667,0,128.56,0.12534,0.043226,0.12618,0.043199,0,2,0,0.4667,0,257.12,0,1,0,0.23335,0,257.12
1230,12,95,95.033,1,1,65,0,1,0,0.0333,0,1801.8,0,1,0,0.0333,0,1801.8,0.092334,0.039804,0.092334,0.039804,0,2,0,0.0333,0,3603.6,0,1,0,0.0333,0,1801.8
1230,12,95.467,95.567,5,1,66,0,0,0,0,0,0,0,0,0,0,0,0,0.10762,0.040596,0.10762,0.040596,0,2,0,0.0999,0,1201.2,0,1,0,0.0999,0,600.6
1230,12,96.033,96.367,21,1,67,1,0,0.3333,0,180.02,0,0.50015,0.39984,0.1667,0.13327,180.02,180.02,0.12468,0.043779,0.12856,0.043533,1,1,0.3333,0.3333,180.02,180.02,0,1,0,0.3333,0,180.02
1230,12,96.433,96.467,21,1,68,1,0,0.0333,0,1801.8,0,0,1,0,0.0333,0,1801.8,0.1057,0.043225,0.1057,0.043225,1,1,0.0333,0.0333,1801.8,1801.8,0,1,0,0.0333,0,1801.8
1230,12,96.833,97.033,5,1,69,0,0.16683,0,0.033367,0,300,0,1,0,0.2,0,300,0.12823,0.03906,0.12609,0.038687,0,2,0,0.2,0,600,0,1,0,0.2,0,300
1230,12,97.333,97.7,20,1,70,0,1,0,0.3667,0,163.62,0,1,0,0.3667,0,163.62,0.16922,0.038321,0.16762,0.038643,0,2,0,0.3667,0,327.24,0,1.9999,0,0.36668,0,327.24
1230,12,98.4,100.63,18,1,71,0,0.68658,0,1.5333,0,26.866,0,1,0,1.1166,0,53.732,0.13971,0.036725,0.1348,0.036379,1,1,2.2333,2.2333,26.866,26.866,0,2,0,2.2333,0,53.732
1230,12,100.7,101.97,18,1,72,0,0.92105,0,1.1666,0,47.371,0,1,0,1.2666,0,47.371,0.10951,0.035818,0.11041,0.035979,1,1,1.2666,1.2666,47.371,47.371,0,2,0,1.2666,0,94.742
1230,12,102.3,102.6,16,1,73,0,0,0,0,0,0,1,0,0.3,0,200,0,0.12197,0.015603,0.10083,0.013161,0.55556,1,0.16667,0.3,200,200,1,1,0.3,0.3,200,200
1230,12,102.8,102.83,16,1,74,0,0,0,0,0,0,1,0,0.0333,0,1801.8,0,0.051898,0,0.051898,0,1,1,0.0333,0.0333,1801.8,1801.8,1,1,0.0333,0.0333,1801.8,1801.8
1230,12,104.47,105.23,16,1,75,0.34781,0,0.26663,0,78.268,0,0.56522,0,0.4333,0,78.268,0,0.21507,0.030556,0.23503,0.030981,1,1,0.7666,0.7666,78.268,78.268,1,1,0.7666,0.7666,78.268,78.268
1230,12,105.27,105.43,16,1,76,1,0,0.1666,0,360.14,0,1,0,0.1666,0,360.14,0,0.097931,0.027971,0.09707,0.027802,1,1,0.1666,0.1666,360.14,360.14,1,1,0.1666,0.1666,360.14,360.14
1230,12,105.43,105.47,6,1,77,0,1,0,0.0333,0,1801.8,0,1,0,0.0333,0,1801.8,0.1348,0.03593,0.1348,0.03593,0,2,0,0.0333,0,3603.6,0,2,0,0.0333,0,3603.6
1230,12,105.57,105.87,16,1,78,1,0,0.2999,0,200.07,0,1,0,0.2999,0,200.07,0,0.16469,0.033127,0.16597,0.032647,1,1,0.2999,0.2999,200.07,200.07,1,1,0.2999,0.2999,200.07,200.07
1230,12,105.9,105.97,16,1,79,1,0,0.0666,0,900.9,0,1,0,0.0666,0,900.9,0,0.13745,0.030909,0.13745,0.030909,1,1,0.0666,0.0666,900.9,900.9,1,1,0.0666,0.0666,900.9,900.9
1230,12,106.27,106.57,18,1,80,0,1,0,0.2999,0,200.07,0,1,0,0.2999,0,200.07,0.11634,0.037048,0.11618,0.037454,0,2,0,0.2999,0,400.13,0,2,0,0.2999,0,400.13
1230,12,106.57,106.6,10,1,81,0,1,0,0.0333,0,1801.8,0,1,0,0.0333,0,1801.8,0,0,0,0,0,2,0,0.0333,0,3603.6,0,2,0,0.0333,0,3603.6
1230,12,106.6,107.03,18,1,82,0,1,0,0.4333,0,138.47,0.53843,0.46157,0.2333,0.2,138.47,138.47,0.12084,0.034744,0.12212,0.03587,0,2,0,0.4333,0,276.94,0,1.8462,0,0.39998,0,276.94
1230,12,107.13,107.23,18,1,83,0,1,0,0.1,0,600,1,0,0.1,0,600,0,0.14168,0.045242,0.14076,0.043129,0,2,0,0.1,0,1200,0,1,0,0.1,0,600
1230,12,107.4,107.9,18,1,84,0,0.066667,0,0.033333,0,120,1,0,0.5,0,120,0,0.13511,0.033016,0.13723,0.033638,0,2,0,0.5,0,240,0,1,0,0.5,0,120
1230,12,108.2,108.33,5,1,85,0,1,0,0.1333,0,450.11,0,1,0,0.1333,0,450.11,0.14242,0.042045,0.14276,0.040453,0,2,0,0.1333,0,900.23,0,1,0,0.1333,0,450.11
1230,12,108.43,109.23,16,1,86,1,0,0.8,0,75,0,0,1,0,0.8,0,75,0.17169,0.04009,0.15843,0.038987,1,1,0.8,0.8,75,75,0,1,0,0.8,0,75
1230,12,109.37,109.5,16,1,87,1,0,0.1333,0,450.11,0,0,1,0,0.1333,0,450.11,0.10086,0.037619,0.10101,0.037352,1,1,0.1333,0.1333,450.11,450.11,0,1,0,0.1333,0,450.11
1230,12,109.57,109.63,16,1,88,1,0,0.0666,0,900.9,0,0,1,0,0.0666,0,900.9,0.09042,0.037896,0.09042,0.037896,1,1,0.0666,0.0666,900.9,900.9,0,1,0,0.0666,0,900.9
1230,12,109.73,109.87,6,1,89,0,1,0,0.1333,0,450.11,0,1,0,0.1333,0,450.11,0.10929,0.042884,0.10823,0.042191,0,1,0,0.1333,0,450.11,0,1,0,0.1333,0,450.11
1230,12,109.97,110.43,16,1,90,0,1,0,0.4666,0,128.59,0,1,0,0.4666,0,128.59,0.13523,0.040692,0.13626,0.041276,0,2,0,0.4666,0,257.18,0,1,0,0.4666,0,128.59
1230,12,110.47,110.5,21,1,91,0,1,0,0.0333,0,1801.8,0,1,0,0.0333,0,1801.8,0,0,0,0,1,1,0.0333,0.0333,1801.8,1801.8,0,1,0,0.0333,0,1801.8
1230,12,110.57,110.93,16,1,92,0,0,0,0,0,0,0,1,0,0.3666,0,163.67,0.11376,0.032886,0.11359,0.032972,0,2,0,0.3666,0,327.33,0,1,0,0.3666,0,163.67
1230,12,111.33,112.3,5,1,93,0,0,0,0,0,0,0,0.068998,0,0.0667,0,62.067,0.11207,0.039439,0.1108,0.039441,0,2,0,0.9667,0,124.13,0,1,0,0.9667,0,62.067
1230,12,112.4,112.47,5,1,94,0,0,0,0,0,0,0,0,0,0,0,0,0.1008,0.035972,0.1008,0.035972,0,2,0,0.0666,0,1801.8,0,1,0,0.0666,0,900.9
1230,12,112.9,113.67,21,1,95,0,1,0,0.7666,0,78.268,0,0.95652,0,0.73327,0,78.268,0.31316,0.033371,0.35417,0.033396,1,1,0.7666,0.7666,78.268,78.268,0,1,0,0.7666,0,78.268
1230,12,114.23,114.33,21,1,96,0,1,0,0.1,0,600,0,1,0,0.1,0,600,0.19327,0.029014,0.19019,0.028431,0,1.333,0,0.06665,0,1200,0,1,0,0.1,0,600
1230,12,114.37,114.4,11,1,97,0,1,0,0.0333,0,1801.8,0,1,0,0.0333,0,1801.8,0,0,0,0,0,2,0,0.0333,0,3603.6,0,2,0,0.0333,0,3603.6
1230,12,114.63,114.83,18,1,98,1,0,0.2,0,300,0,1,0,0.2,0,300,0,0.2166,0.033271,0.21481,0.032866,2,0,0.2,0,600,0,0,2,0,0.2,0,600
1230,12,115.03,115.1,23,1,99,0,1,0,0.0667,0,899.55,0,1,0,0.0667,0,899.55,0.13654,0.035915,0.13654,0.035915,0,1.5002,0,0.050033,0,1799.1,0,2,0,0.0667,0,1799.1
1230,12,115.6,115.7,14,1,100,0,1,0,0.1,0,600,0,1,0,0.1,0,600,0.15391,0.038175,0.16058,0.038352,0,1.3333,0,0.066667,0,1200,0,2,0,0.1,0,1200
1230,12,115.77,115.97,3,1,101,0,1,0,0.1999,0,300.15,0,1,0,0.1999,0,300.15,0.099538,0.033331,0.099365,0.033048,0,2,0,0.1999,0,600.3,0,2,0,0.1999,0,600.3
1230,12,115.97,116.7,23,1,102,0,0.81817,0,0.59997,0,81.822,0,1,0,0.7333,0,81.822,0.15972,0.043491,0.15781,0.044532,0,2,0,0.7333,0,163.64,0,2,0,0.7333,0,163.64
1230,12,116.73,117.2,18,1,103,0,0.85708,0,0.4,0,128.56,0.42861,0.57139,0.20003,0.26667,128.56,128.56,0.17612,0.047187,0.18164,0.046534,2,0,0.4667,0,257.12,0,0,2,0,0.4667,0,257.12
1230,12,117.2,117.33,15,1,104,0,1,0,0.1333,0,450.11,0,1,0,0.1333,0,450.11,0.10372,0.050047,0.10453,0.049961,0,2,0,0.1333,0,900.23,0,2,0,0.1333,0,900.23
1230,12,117.5,117.6,15,1,105,0,1,0,0.1,0,600,0,0.66667,0,0.066667,0,600,0.10873,0.049539,0.10893,0.048174,0,1,0,0.1,0,600,0,2,0,0.1,0,1200
1230,12,117.97,118.13,15,1,106,0,0.80012,0,0.1333,0,360.14,0,1,0,0.1666,0,360.14,0.1466,0.063024,0.14841,0.062629,0,2,0,0.1666,0,720.29,0,2,0,0.1666,0,720.29
1230,12,118.4,118.47,23,1,107,0,1,0,0.0666,0,900.9,0,1,0,0.0666,0,900.9,0.15171,0.07318,0.15171,0.07318,0,2,0,0.0666,0,1801.8,0,2,0,0.0666,0,1801.8
1230,12,119.07,119.57,15,1,108,0,1,0,0.4999,0,120.02,0,1,0,0.4999,0,120.02,0.22395,0.10527,0.22596,0.10527,0,2,0,0.33327,0,360.07,0,1.6667,0,0.27772,0,360.07
1230,12,119.9,120.53,15,1,109,0.78946,0.052634,0.49997,0.033333,94.742,94.742,0,1,0,0.6333,0,94.742,0.18899,0.072548,0.19541,0.077889,0,1.8948,0,0.59998,0,189.48,0,2,0,0.6333,0,189.48
1230,12,120.9,121,6,1,110,0,0,0,0,0,0,0,1,0,0.1,0,600,0.10079,0.037512,0.10325,0.037335,0,1.6667,0,0.083333,0,1200,1,1,0.1,0.1,600,600
1230,12,121.13,121.17,11,1,111,0,0,0,0,0,0,0,1,0,0.0333,0,1801.8,0.085859,0.033798,0.085859,0.033798,0,2,0,0.0333,0,3603.6,0,2,0,0.0333,0,3603.6
1230,12,121.4,121.53,11,1,112,0,1,0,0.1333,0,450.11,0,1,0,0.1333,0,450.11,0.086117,0.030287,0.08654,0.030344,0,2,0,0.1333,0,900.23,0,2,0,0.1333,0,900.23
1230,12,121.6,121.63,6,1,113,0,1,0,0.0333,0,1801.8,0,1,0,0.0333,0,1801.8,0.085166,0.031159,0.085166,0.031159,0,2,0,0.0333,0,3603.6,1,1,0.0333,0.0333,1801.8,1801.8
1230,12,121.87,121.93,16,1,114,0,1,0,0.0666,0,900.9,0,1,0,0.0666,0,900.9,0.094548,0.034379,0.094548,0.034379,0,2,0,0.0666,0,1801.8,1,1,0.0666,0.0666,900.9,900.9
1230,12,121.93,122.2,21,1,115,0,1,0,0.2667,0,224.97,0,1,0,0.2667,0,224.97,0.10056,0.03621,0.098008,0.03499,0,2,0,0.2667,0,449.94,0,2,0,0.1778,0,674.92
1230,12,122.27,122.43,20,1,116,0,0.80012,0,0.1333,0,360.14,0,1,0,0.1666,0,360.14,0.082049,0.033371,0.082773,0.033499,0,2,0,0.1666,0,720.29,0,2,0,0.1666,0,720.29
1230,12,122.5,122.53,11,1,117,0,1,0,0.0333,0,1801.8,0,1,0,0.0333,0,1801.8,0.10343,0.029314,0.10343,0.029314,0,2,0,0.0333,0,3603.6,0,2,0,0.0333,0,3603.6
1230,12,122.53,122.9,14,1,118,0,1,0,0.3667,0,163.62,0,0.8182,0,0.15002,0,327.24,0.11713,0.036772,0.1131,0.037425,0,2,0,0.3667,0,327.24,0,2,0,0.3667,0,327.24
1230,12,123.37,123.5,11,1,119,0,1,0,0.1333,0,450.11,0.50013,0,0.066667,0,450.11,0,0.11022,0.037496,0.11102,0.037481,0,2,0,0.1333,0,900.23,0,1,0,0.1333,0,450.11
1230,12,123.5,123.87,5,1,120,0,1,0,0.3666,0,163.67,0,1,0,0.3666,0,163.67,0.1091,0.038342,0.10511,0.038203,0,2,0,0.3666,0,327.33,0,1,0,0.3666,0,163.67
1230,12,124.27,124.37,11,1,121,0,1,0,0.0999,0,600.6,1,0,0.0999,0,600.6,0,0.1108,0.043294,0.1108,0.043294,0,2,0,0.0999,0,1201.2,0,1,0,0.0999,0,600.6
1230,12,124.67,124.83,20,1,122,0,1,0,0.1666,0,360.14,0,1,0,0.1666,0,360.14,0.14115,0.043846,0.14249,0.044082,0,2,0,0.1666,0,720.29,0,1,0,0.1666,0,360.14
1230,12,124.83,124.93,11,1,123,0,1,0,0.1,0,600,1,0,0.1,0,600,0,0.10129,0.038107,0.10017,0.038194,0,1.3337,0,0.066683,0,1200,0,1,0,0.1,0,600
1230,12,125.7,125.8,18,1,124,1,0,0.1,0,600,0,1,0,0.1,0,600,0,0.19109,0.050974,0.19214,0.05089,2,0,0.1,0,1200,0,0,1,0,0.1,0,600
1230,12,125.87,125.93,23,1,125,0,1,0,0.0666,0,900.9,0,1,0,0.0666,0,900.9,0.16589,0.054135,0.16589,0.054135,0,2,0,0.0666,0,1801.8,0,1,0,0.0666,0,900.9
1230,12,126.93,127.03,18,1,126,0,0.667,0,0.0667,0,600,0,0.667,0,0.0667,0,600,0.21645,0.064728,0.2185,0.06468,2,0,0.1,0,1200,0,0,1,0,0.1,0,600
1230,12,127.03,127.33,14,1,127,0,0,0,0,0,0,0,0,0,0,0,0,0.1705,0.046297,0.18218,0.047576,0,2,0,0.3,0,400,0,1,0,0.3,0,200
1230,12,128.3,128.43,2,1,128,0,0,0,0,0,0,0,0,0,0,0,0,0.086599,0.038294,0.08674,0.038268,0,2,0,0.1333,0,900.23,0,1,0,0.1333,0,450.11
1230,12,132.3,132.33,18,1,129,0,0,0,0,0,0,0,0,0,0,0,0,0.12661,0.031753,0.12661,0.031753,1,0,0.0333,0,1801.8,0,0,1,0,0.0333,0,1801.8
1230,12,132.37,132.43,14,1,130,0,0,0,0,0,0,0,0,0,0,0,0,0.14395,0.037636,0.14395,0.037636,0,2,0,0.0666,0,1801.8,0,1,0,0.0666,0,900.9
1230,12,132.43,132.47,21,1,131,0,0,0,0,0,0,0,0,0,0,0,0,0.090521,0.032872,0.090521,0.032872,0,2,0,0.0333,0,3603.6,0,1,0,0.0333,0,1801.8
1230,12,132.57,132.63,5,1,132,0,0,0,0,0,0,0,0,0,0,0,0,0.1365,0.039273,0.1365,0.039273,1,1,0.0666,0.0666,900.9,900.9,0,1,0,0.0666,0,900.9
1230,12,132.67,132.7,5,1,133,0,0,0,0,0,0,0,0,0,0,0,0,0,0,0,0,1,1,0.0333,0.0333,1801.8,1801.8,0,1,0,0.0333,0,1801.8
1230,12,132.73,132.8,5,1,134,0,0,0,0,0,0,0,0,0,0,0,0,0.12024,0.037538,0.12024,0.037538,1,1,0.0667,0.0667,899.55,899.55,0,1,0,0.0667,0,899.55
1230,12,133.03,133.5,5,1,135,0,0.78573,0,0.18335,0,257.12,0,0.85708,0,0.4,0,128.56,0.12806,0.035694,0.12839,0.036541,1,1,0.4667,0.4667,128.56,128.56,0,0.99993,0,0.46667,0,128.56
1230,12,133.6,134.67,5,1,136,0.2187,0.50003,0.23327,0.53333,56.254,56.254,0,1,0,1.0666,0,56.254,0.13259,0.039691,0.13616,0.039027,1,1,1.0666,1.0666,56.254,56.254,0,1,0,1.0666,0,56.254
1230,12,134.77,134.97,5,1,137,0.33333,0.33317,0.066633,0.0666,300.15,300.15,0,1,0,0.1999,0,300.15,0.11216,0.040067,0.11006,0.0402,1,1,0.1999,0.1999,300.15,300.15,0,1,0,0.1999,0,300.15
1230,12,135.07,135.13,5,1,138,0,1,0,0.0666,0,900.9,0,1,0,0.0333,0,1801.8,0.099941,0.04213,0.099941,0.04213,1,1,0.0666,0.0666,900.9,900.9,0,1,0,0.0666,0,900.9
1230,12,135.37,135.43,11,1,139,0,1,0,0.0666,0,900.9,0,1,0,0.0666,0,900.9,0.11131,0.041015,0.11131,0.041015,0,2,0,0.0666,0,1801.8,0,1,0,0.0666,0,900.9
1230,12,136.2,136.23,5,1,140,0,1,0,0.0333,0,1801.8,0,1,0,0.0333,0,1801.8,0.12098,0.043752,0.12098,0.043752,1,1,0.0333,0.0333,1801.8,1801.8,0,1,0,0.0333,0,1801.8
1230,12,136.53,137.3,5,1,141,0,1,0,0.7667,0,78.257,0,1,0,0.7667,0,78.257,0.12089,0.036641,0.11846,0.036245,1,1,0.7667,0.7667,78.257,78.257,0,0.99996,0,0.76667,0,78.257
1230,12,137.3,137.6,16,1,142,0,0.88889,0,0.26667,0,200,0,1,0,0.3,0,200,0.092316,0.039604,0.090234,0.039483,0,2,0,0.3,0,400,0,1,0,0.3,0,200
1230,12,137.67,137.93,23,1,143,0,1,0,0.2666,0,225.06,0,1,0,0.2666,0,225.06,0.17232,0.04505,0.17332,0.045339,0,2,0,0.2666,0,450.11,0,1,0,0.2666,0,225.06
1230,12,138.27,138.5,23,1,144,0,1,0,0.2333,0,257.18,0,1,0,0.2333,0,257.18,0.19148,0.037996,0.19167,0.037875,0,2,0,0.2333,0,514.36,0,1,0,0.2333,0,257.18
1230,12,139.23,139.67,23,1,145,0,1,0,0.4333,0,138.47,0,1,0,0.4333,0,138.47,0.16173,0.038213,0.16441,0.037507,0,1.077,0,0.23333,0,276.94,0,1,0,0.4333,0,138.47
1230,12,139.77,139.8,20,1,146,0,1,0,0.0333,0,1801.8,0,1,0,0.0333,0,1801.8,0,0,0,0,0,1,0,0.0333,0,1801.8,0,1,0,0.0333,0,1801.8
1230,12,140.1,140.13,15,1,147,0,1,0,0.0333,0,1801.8,0,1,0,0.0333,0,1801.8,0.077568,0.033191,0.077568,0.033191,0,2,0,0.0333,0,3603.6,0,1,0,0.0333,0,1801.8
1230,12,140.3,140.87,15,1,148,0,1,0,0.5666,0,105.89,0,1,0,0.5666,0,105.89,0.10455,0.035839,0.10384,0.035726,0,2,0,0.5666,0,211.79,0,1,0,0.5666,0,105.89
1230,12,141.13,141.67,15,1,149,0,1,0,0.5333,0,112.51,0,1,0,0.5333,0,112.51,0.1007,0.036333,0.10181,0.035749,0,2,0,0.5333,0,225.01,0,1,0,0.5333,0,112.51
1230,12,145.03,145.17,11,1,150,0,0,0,0,0,0,0,0,0,0,0,0,0.12267,0.044948,0.12285,0.044837,1.0003,0,0.066667,0,900.23,0,0,0.99975,0,0.13327,0,450.11
1230,12,145.6,145.87,2,1,151,0,0,0,0,0,0,0,0,0,0,0,0,0.087855,0.044905,0.088524,0.045269,0,0,0,0,0,0,0,1,0,0.2666,0,225.06
1230,12,147.47,147.57,5,1,152,0,0,0,0,0,0,0,0,0,0,0,0,0.13396,0.038549,0.13396,0.038549,0,0,0,0,0,0,0,1,0,0.0999,0,600.6
1230,12,147.57,148,16,1,153,0,0.76929,0,0.33333,0,138.47,0,0,0,0,0,0,0.098351,0.039907,0.098734,0.041038,0,0,0,0,0,0,0,1,0,0.4333,0,138.47
1230,12,148.8,148.93,16,1,154,0,0.49987,0,0.066633,0,450.11,0,1,0,0.1333,0,450.11,0.084254,0.040327,0.084382,0.040402,0,0,0,0,0,0,0,2,0,0.1333,0,900.23
1230,12,149,149.03,16,1,155,0,1,0,0.0333,0,1801.8,0,1,0,0.0333,0,1801.8,0.088086,0.037466,0.088086,0.037466,0,0,0,0,0,0,0,2,0,0.0333,0,3603.6
1230,12,149.27,149.43,16,1,156,0,1,0,0.1666,0,360.14,0,1,0,0.1666,0,360.14,0.092411,0.038005,0.093229,0.038302,0,0,0,0,0,0,0,2,0,0.1666,0,720.29
1230,12,149.47,149.57,23,1,157,0,1,0,0.0999,0,600.6,0,1,0,0.0999,0,600.6,0.13339,0.033501,0.13339,0.033501,0,0,0,0,0,0,0,2,0,0.0999,0,1201.2
1230,12,149.67,150.03,4,1,158,1,0,0.3666,0,163.67,0,1,0,0.3666,0,163.67,0,0.089166,0.03075,0.087907,0.030768,0,0,0,0,0,0,1,1,0.3666,0.3666,163.67,163.67
1230,12,150.27,150.83,4,1,159,1,0,0.5666,0,105.89,0,1,0,0.5666,0,105.89,0,0.17026,0.039051,0.15815,0.038787,0.52942,0.23532,0.14998,0.13333,211.79,105.89,1,1,0.5666,0.5666,105.89,105.89
1230,12,150.87,151.1,4,1,160,1,0,0.2333,0,257.18,0,1,0,0.2333,0,257.18,0,0.17191,0.044024,0.17149,0.044674,0.28576,0,0.066667,0,257.18,0,1,1,0.2333,0.2333,257.18,257.18
1230,12,151.1,151.27,15,1,161,0,1,0,0.1666,0,360.14,0,1,0,0.1666,0,360.14,0.14298,0.034945,0.14671,0.035009,0,1,0,0.1666,0,360.14,0,2,0,0.1666,0,720.29
1230,12,151.3,151.67,23,1,162,0,1,0,0.3666,0,163.67,0,1,0,0.3666,0,163.67,0.16387,0.048359,0.16771,0.047285,0,1,0,0.3666,0,163.67,0,2,0,0.3666,0,327.33
1230,12,151.73,151.77,15,1,163,0,1,0,0.0333,0,1801.8,0,1,0,0.0333,0,1801.8,0.11252,0.047648,0.11252,0.047648,0,1,0,0.0333,0,1801.8,0,2,0,0.0333,0,3603.6
1230,12,152,152.1,4,1,164,1,0,0.1,0,600,0,1,0,0.1,0,600,0,0.12825,0.048482,0.12915,0.048171,1,0,0.1,0,600,0,1,1,0.1,0.1,600,600
1230,12,152.1,152.2,23,1,165,0,1,0,0.1,0,600,0,1,0,0.1,0,600,0.19292,0.056225,0.19067,0.055932,0,1,0,0.1,0,600,0,2,0,0.1,0,1200
1230,12,152.57,153.4,4,1,166,1,0,0.8333,0,72.003,0,0.75999,0.12,0.6333,0.1,72.003,72.003,0.1974,0.041012,0.18866,0.042297,0.11996,0,0.099967,0,72.003,0,1,1,0.8333,0.8333,72.003,72.003
1230,12,153.4,153.67,15,1,167,0,1,0,0.2666,0,225.06,0,0.62516,0,0.16667,0,225.06,0.17306,0.024717,0.17538,0.024251,0,0,0,0,0,0,0,2,0,0.2666,0,450.11
1230,12,154.1,154.5,4,1,168,1,0,0.4,0,150,0,0.83333,0,0.33333,0,150,0,0.13732,0.027025,0.13722,0.025745,0,0,0,0,0,0,1,1,0.4,0.4,150,150
1230,12,154.63,154.67,16,1,169,0,1,0,0.0333,0,1801.8,0,0.999,0,0.033267,0,1801.8,0.067708,0.023826,0.067708,0.023826,0,0,0,0,0,0,0,2,0,0.0333,0,3603.6
1230,12,155.8,156.1,5,1,170,0,0.77778,0,0.23333,0,200,0.22222,0.55556,0.066667,0.16667,200,200,0.09876,0.039065,0.10067,0.037663,0,0,0,0,0,0,0,2,0,0.3,0,400
1230,12,157.03,157.07,5,1,171,0,1,0,0.0333,0,1801.8,0,1,0,0.0333,0,1801.8,0.098346,0.042398,0.098346,0.042398,0,0,0,0,0,0,0,2,0,0.0333,0,3603.6
1230,12,157.07,157.1,23,1,172,0,1,0,0.0333,0,1801.8,0,1,0,0.0333,0,1801.8,0,0,0,0,0,0,0,0,0,0,0,2,0,0.0333,0,3603.6
1230,12,157.1,157.6,5,1,173,0,0.53333,0,0.26667,0,120,0,1,0,0.5,0,120,0.10702,0.038149,0.10281,0.039187,0,0,0,0,0,0,0,2,0,0.5,0,240
1230,12,159.97,160.07,16,1,174,0,1,0,0.0999,0,600.6,0,0,0,0,0,0,0.10299,0.037415,0.10299,0.037415,0,0,0,0,0,0,0,1,0,0.0999,0,600.6
1230,12,160.37,160.57,5,1,175,0,1,0,0.1999,0,300.15,0,0,0,0,0,0,0.13703,0.033578,0.13884,0.033799,0,0,0,0,0,0,0,1,0,0.1999,0,300.15
1230,12,160.83,161.07,5,1,176,0,1,0,0.2333,0,257.18,1,0,0.2333,0,257.18,0,0.15729,0.031774,0.1582,0.031682,0,0,0,0,0,0,0,0.99986,0,0.23327,0,257.18
1230,12,161.2,161.37,5,1,177,0,1,0,0.1666,0,360.14,1,0,0.1666,0,360.14,0,0.13729,0.039336,0.14471,0.040248,0,0,0,0,0,0,0,1,0,0.1666,0,360.14
1230,12,161.53,161.63,5,1,178,0,1,0,0.1,0,600,0.00033333,0,3.3333e-05,0,600,0,0.09929,0.037972,0.09929,0.038096,0,0,0,0,0,0,0,1,0,0.1,0,600
1230,12,161.87,162.3,5,1,179,0,0.5385,0,0.23333,0,138.47,0,1,0,0.4333,0,138.47,0.10639,0.035411,0.10606,0.033147,0,0,0,0,0,0,0,1,0,0.4333,0,138.47
1230,12,162.67,163.13,5,1,180,0,1,0,0.4666,0,128.59,0,1,0,0.4666,0,128.59,0.11334,0.03317,0.11443,0.032696,0,0,0,0,0,0,0,1,0,0.4666,0,128.59
1230,12,163.33,163.63,22,1,181,0,0.77778,0,0.11667,0,400,0,1,0,0.3,0,200,0.091743,0.038036,0.092383,0.038195,0,0,0,0,0,0,0,1,0,0.3,0,200
1230,12,163.63,164.13,5,1,182,1,0,0.5,0,120,0,0,1,0,0.25,0,240,0.11956,0.036998,0.11809,0.035544,0,0,0,0,0,0,0,1,0,0.5,0,120
1230,12,164.87,166.83,5,1,183,0,0.35594,0,0.35,0,61.019,0,1,0,0.9833,0,61.019,0.15592,0.039997,0.1568,0.039239,0,0.033883,0,0.066633,0,30.51,0,1,0,0.9833,0,61.019
1230,12,168,168.23,24,1,184,0,1,0,0.2333,0,257.18,0,0,0,0,0,0,0.091249,0.036749,0.090176,0.03546,1,0,0.2333,0,257.18,0,0,1,0,0.2333,0,257.18
1230,12,174.57,174.6,16,1,185,0,0,0,0,0,0,0,0,0,0,0,0,0,0,0,0,0,0,0,0,0,0,0,1,0,0.0333,0,1801.8
1230,12,176.77,177.07,22,1,186,0,0,0,0,0,0,0,0,0,0,0,0,0.11755,0.047556,0.11778,0.048054,1,0,0.2999,0,200.07,0,1,1,0.2999,0.2999,200.07,200.07
1230,12,179.37,179.4,3,1,187,0,1,0,0.0333,0,1801.8,0,0,0,0,0,0,0,0,0,0,0,0,0,0,0,0,0,1,0,0.0333,0,1801.8
1230,12,180.3,180.67,5,1,188,0,1,0,0.3666,0,163.67,0,0.6363,0,0.11663,0,327.33,0.12326,0.043212,0.12118,0.043734,0,0,0,0,0,0,0,1,0,0.3666,0,163.67
1230,12,181.07,181.33,2,1,189,0,0.75006,0,0.19997,0,225.06,0,1,0,0.2666,0,225.06,0.098036,0.035655,0.099297,0.035456,0,0,0,0,0,0,0,1,0,0.2666,0,225.06
1230,12,182.27,182.33,5,1,190,0,1,0,0.0666,0,900.9,0,1,0,0.0666,0,900.9,0.12857,0.034072,0.12857,0.034072,0,0,0,0,0,0,0,1,0,0.0666,0,900.9
1230,12,186.6,186.87,15,1,191,0,0.50013,0,0.13333,0,225.06,0,0,0,0,0,0,0.07472,0.031223,0.072702,0.032333,0,1,0,0.2666,0,225.06,0,1,0,0.2666,0,225.06
1230,12,186.97,187,15,1,192,0,1,0,0.0333,0,1801.8,0,0,0,0,0,0,0,0,0,0,0,1,0,0.0333,0,1801.8,0,1,0,0.0333,0,1801.8
1230,12,187.13,187.17,15,1,193,0,1,0,0.0333,0,1801.8,0,0,0,0,0,0,0.076289,0.034309,0.076289,0.034309,0,1,0,0.0333,0,1801.8,0,1,0,0.0333,0,1801.8
1230,12,187.93,188.47,16,1,194,0,1,0,0.5333,0,112.51,0,0.87493,0,0.4666,0,112.51,0.094491,0.038536,0.093112,0.03724,0,0,0,0,0,0,0,1,0,0.26665,0,225.01
1230,12,189.67,189.83,15,1,195,0,1,0,0.1666,0,360.14,0,1,0,0.1666,0,360.14,0.066075,0.030934,0.066297,0.030959,0,1,0,0.1666,0,360.14,0,1,0,0.1666,0,360.14
1230,12,190.17,190.3,8,1,196,1,0,0.1333,0,450.11,0,0,0,0,0,0,0,0.095234,0.039163,0.095234,0.039196,1,0,0.1333,0,450.11,0,0,1,0,0.1333,0,450.11
1230,12,192.6,192.7,22,1,197,0,1,0,0.1,0,600,0,1,0,0.1,0,600,0.090958,0.029819,0.08488,0.031499,0,1,0,0.1,0,600,0,1,0,0.1,0,600
1230,12,199.47,199.5,16,1,198,0,1,0,0.0333,0,1801.8,0,0,0,0,0,0,0,0,0,0,0,0,0,0,0,0,0,1,0,0.0333,0,1801.8
1230,12,199.57,200.1,16,1,199,0,0.74998,0,0.39997,0,112.51,0,0,0,0,0,0,0.13115,0.049298,0.13626,0.051387,0,0,0,0,0,0,0,1,0,0.5333,0,112.51
1230,12,200.17,200.2,23,1,200,0,0,0,0,0,0,0,0,0,0,0,0,0,0,0,0,0,2,0,0.0333,0,3603.6,0,1,0,0.0333,0,1801.8
1230,12,200.7,200.73,22,1,201,0,0,0,0,0,0,0,1,0,0.0333,0,1801.8,0.13482,0.05234,0.13482,0.05234,1,1,0.0333,0.0333,1801.8,1801.8,0,1,0,0.0333,0,1801.8
1230,12,200.73,200.8,15,1,202,0,0.9995,0,0.066667,0,899.55,0,1,0,0.0667,0,899.55,0.10483,0.040716,0.10483,0.040716,0,2,0,0.0667,0,1799.1,0,1,0,0.0667,0,899.55
1230,12,200.8,200.83,21,1,203,0,1,0,0.0333,0,1801.8,0,1,0,0.0333,0,1801.8,0.42922,0.051719,0.42922,0.051719,0,2,0,0.0333,0,3603.6,0,1,0,0.0333,0,1801.8
1230,12,200.83,200.9,24,1,204,0,1,0,0.0667,0,899.55,0,1,0,0.0667,0,899.55,0.22994,0.054146,0.22994,0.054146,0,2,0,0.0667,0,1799.1,0,1,0,0.0667,0,899.55
1230,12,200.93,201.03,15,1,205,0,1,0,0.1,0,600,0,1,0,0.1,0,600,0.12441,0.044096,0.12385,0.043256,0,2,0,0.1,0,1200,0,1,0,0.1,0,600
1230,12,201.67,201.7,22,1,206,0,0,0,0,0,0,0,1,0,0.0333,0,1801.8,0,0,0,0,1,1,0.0333,0.0333,1801.8,1801.8,0,1,0,0.0333,0,1801.8
1230,12,202.23,202.33,22,1,207,1,0,0.1,0,600,0,0,1,0,0.1,0,600,0.11899,0.045885,0.12053,0.047087,1,0,0.1,0,600,0,0,1,0,0.1,0,600
1230,12,202.9,202.97,22,1,208,0,0.4995,0,0.033267,0,900.9,0,1,0,0.0666,0,900.9,0.12868,0.046919,0.12868,0.046919,1,0,0.0666,0,900.9,0,0,1,0,0.0666,0,900.9
1230,12,202.97,203.17,23,1,209,1,0,0.1999,0,300.15,0,0,1,0,0.1999,0,300.15,0.1757,0.06062,0.17599,0.060503,0,1,0,0.1999,0,300.15,0,1,0,0.1999,0,300.15
1230,12,203.9,203.93,6,1,210,0,1,0,0.0333,0,1801.8,0,1,0,0.0333,0,1801.8,0.11864,0.038847,0.11864,0.038847,0,0,0,0,0,0,0,1,0,0.0333,0,1801.8
1230,12,204.7,204.77,20,1,211,0,1,0,0.0666,0,900.9,0,1,0,0.0666,0,900.9,0.097215,0.026933,0.097215,0.026933,0,1,0,0.0666,0,900.9,0,1,0,0.0666,0,900.9
1230,12,205.3,205.57,3,1,212,0,1,0,0.2666,0,225.06,0,1,0,0.2666,0,225.06,0.14312,0.038242,0.14799,0.036672,0,1,0,0.2666,0,225.06,0,1,0,0.2666,0,225.06
1230,12,209.23,209.27,23,1,213,0,1,0,0.0333,0,1801.8,0,1,0,0.0333,0,1801.8,0.097969,0.049372,0.097969,0.049372,0,1,0,0.0333,0,1801.8,0,1,0,0.0333,0,1801.8
1230,12,209.77,209.8,15,1,214,0,1,0,0.0333,0,1801.8,0,1,0,0.0333,0,1801.8,0,0,0,0,0,1,0,0.0333,0,1801.8,0,1,0,0.0333,0,1801.8
1230,12,210.5,210.87,24,1,215,0,1,0,0.3666,0,163.67,0,1,0,0.3666,0,163.67,0.10754,0.040355,0.10646,0.041374,1,1,0.3666,0.3666,163.67,163.67,0,1,0,0.3666,0,163.67
1230,12,211.43,211.57,22,1,216,0.25031,0.49962,0.033367,0.0666,450.11,450.11,1,0,0.1333,0,450.11,0,0.11795,0.041125,0.11849,0.041422,1,1,0.1333,0.1333,450.11,450.11,0,1,0,0.1333,0,450.11
1230,12,211.83,212.53,24,1,217,1,0,0.7,0,85.714,0,0,0.76195,0,0.53337,0,85.714,0.11601,0.032531,0.11638,0.032761,1,0.76195,0.7,0.53337,85.714,85.714,0,1.8095,0,0.63332,0,171.43
1230,12,278.43,278.8,17,2,218,0,1,0,0.36667,0,163.64,0.45455,0.27273,0.16667,0.1,163.64,163.64,0.10478,0.036164,0.1057,0.036537,2,0,0.36667,0,327.27,0,0,2,0,0.36667,0,327.27
1230,12,279.17,279.63,17,2,219,0,0.57144,0,0.26663,0,128.59,0,0.85719,0,0.39997,0,128.59,0.10623,0.036315,0.1043,0.036034,2,0,0.4666,0,257.18,0,0,1.1428,0,0.26662,0,257.18
1230,12,280.03,280.1,23,2,220,0,1,0,0.0667,0,899.55,0,1,0,0.0667,0,899.55,0.090037,0.033273,0.090037,0.033273,0,2,0,0.0667,0,1799.1,0,2,0,0.0667,0,1799.1
1230,12,280.23,280.3,17,2,221,0,1,0,0.0667,0,899.55,0,1,0,0.0667,0,899.55,0.073156,0.031204,0.073156,0.031204,2,0,0.0667,0,1799.1,0,0,1,0,0.0667,0,899.55
1230,12,281.3,281.5,17,2,222,0.66667,0,0.13333,0,300,0,1,0,0.2,0,300,0,0.094615,0.031171,0.094629,0.031282,2,0,0.2,0,600,0,1,1,0.2,0.2,300,300
1230,12,281.53,281.87,17,2,223,0.90019,0,0.30003,0,180.02,0,1,0,0.3333,0,180.02,0,0.085179,0.030881,0.085763,0.030825,2,0,0.3333,0,360.04,0,1,1,0.3333,0.3333,180.02,180.02
1230,12,282.83,283.33,22,2,224,1,0,0.5,0,120,0,0.86673,0,0.43337,0,120,0,0.10067,0.03789,0.10403,0.037512,0,2,0,0.5,0,240,1,1,0.5,0.5,120,120
1230,12,283.37,283.9,22,2,225,1,0,0.5333,0,112.51,0,0,0.87505,0,0.46667,0,112.51,0.10729,0.03799,0.10232,0.037697,0,2,0,0.5333,0,225.01,1,1,0.5333,0.5333,112.51,112.51
1230,12,284.47,284.57,23,2,226,0,1,0,0.0999,0,600.6,0,0,0,0,0,0,0.12711,0.047821,0.12711,0.047821,0,2,0,0.0999,0,1201.2,0,2,0,0.0999,0,1201.2
1230,12,284.97,285.47,23,2,227,0,0.53337,0,0.26663,0,120.02,0,0,0,0,0,0,0.13037,0.048527,0.12796,0.048211,0,1.7334,0,0.43327,0,240.05,0,1,0,0.4999,0,120.02
1230,12,285.57,286.2,22,2,228,0,0.78952,0,0.5,0,94.742,0,0.21054,0,0.13333,0,94.742,0.10342,0.03862,0.10411,0.037412,0,1,0,0.6333,0,94.742,0,2,0,0.6333,0,189.48
1230,12,286.23,286.33,23,2,229,0,1,0,0.1,0,600,0,1,0,0.1,0,600,0.16865,0.043593,0.17416,0.043901,0,1,0,0.1,0,600,0,2,0,0.1,0,1200
1230,12,286.33,286.43,22,2,230,0,1,0,0.1,0,600,0,1,0,0.1,0,600,0.13726,0.042557,0.14244,0.043517,0,1,0,0.1,0,600,0,2,0,0.1,0,1200
1230,12,291.57,292.1,23,2,231,0,0.93756,0,0.5,0,112.51,0,1,0,0.26665,0,225.01,0.1472,0.03071,0.14878,0.030773,0,2,0,0.5333,0,225.01,0,1,0,0.5333,0,112.51
1230,12,292.9,293,22,2,232,1,0,0.1,0,600,0,0,1,0,0.1,0,600,0.092398,0.033037,0.091823,0.033102,0,1,0,0.1,0,600,0,1,0,0.1,0,600
1230,12,298.43,298.47,23,2,233,0,0,0,0,0,0,0,0.999,0,0.033267,0,1801.8,0.096693,0.037714,0.096693,0.037714,0,0,0,0,0,0,0,0.999,0,0.033267,0,1801.8
1230,12,298.73,300.83,23,2,234,0,0.90476,0,0.63333,0,85.714,0,0.93651,0,0.65556,0,85.714,0.14855,0.044208,0.15219,0.044291,0.20633,0,0.4333,0,28.571,0,0,0.99998,0,2.1,0,28.571
1230,12,301.7,302.3,23,2,235,0.88889,0,0.53333,0,100,0,0,1,0,0.6,0,100,0.16061,0.032244,0.17972,0.032818,0,0,0,0,0,0,0,1,0,0.3,0,200
1230,12,302.37,302.93,10,2,236,0,0.82357,0,0.46663,0,105.89,0,1,0,0.5666,0,105.89,0.10616,0.034634,0.10622,0.034931,0,0,0,0,0,0,0,1,0,0.2833,0,211.79
1230,12,303.9,304.4,10,2,237,0,1,0,0.5,0,120,0,1,0,0.5,0,120,0.11307,0.049635,0.11266,0.048347,0,0,0,0,0,0,0,2,0,0.33333,0,360
1230,12,304.43,304.63,10,2,238,0,1,0,0.1,0,600,0,1,0,0.2,0,300,0.098054,0.039045,0.098639,0.040415,0,0,0,0,0,0,0,2,0,0.2,0,600
1230,12,304.77,304.9,8,2,239,0,1,0,0.1333,0,450.11,0,1,0,0.1333,0,450.11,0.078118,0.030083,0.078118,0.030246,0,0,0,0,0,0,0,1.7499,0,0.11663,0,900.23
1230,12,308.87,308.9,10,2,240,0,1,0,0.0333,0,1801.8,0,1,0,0.0333,0,1801.8,0,0,0,0,0,0,0,0,0,0,0,1,0,0.0333,0,1801.8
1230,12,311.17,311.4,17,2,241,0,1,0,0.2333,0,257.18,0,1,0,0.2333,0,257.18,0.1266,0.060966,0.12902,0.06145,0,2,0,0.2333,0,514.36,1,1,0.2333,0.2333,257.18,257.18
1230,12,311.77,312.17,22,2,242,0,0.7501,0,0.29997,0,150.04,0.49996,0.33333,0.19993,0.1333,150.04,150.04,0.12156,0.041563,0.12301,0.040586,0,1,0,0.3999,0,150.04,0,1,0,0.3999,0,150.04
1230,12,313.07,313.37,16,2,243,0,1,0,0.2999,0,200.07,0,1,0,0.2999,0,200.07,0.097943,0.045647,0.099395,0.045205,0,2,0,0.2999,0,400.13,0,1,0,0.2999,0,200.07
1230,12,313.63,313.7,16,2,244,0,1,0,0.0667,0,899.55,0,1,0,0.0667,0,899.55,0.074762,0.034617,0.074762,0.034617,0,2,0,0.0667,0,1799.1,0,1,0,0.0667,0,899.55
1230,12,313.73,314.03,16,2,245,0,1,0,0.3,0,200,0,1,0,0.3,0,200,0.078985,0.034815,0.079727,0.036016,0,2,0,0.3,0,400,0,1,0,0.3,0,200
1230,12,315.3,315.93,15,2,246,0,1,0,0.6333,0,94.742,0,1,0,0.6333,0,94.742,0.091155,0.03135,0.09,0.030817,0,1.9474,0,0.61663,0,189.48,0,1,0,0.6333,0,94.742
1230,12,318.07,318.17,20,2,247,0,1,0,0.0999,0,600.6,0,1,0,0.0999,0,600.6,0.095814,0.040352,0.095814,0.040352,0,0,0,0,0,0,0,1,0,0.0999,0,600.6
1230,12,318.53,318.7,6,2,248,0,1,0,0.1667,0,359.93,0,1,0,0.1667,0,359.93,0.2121,0.037506,0.21742,0.038744,0,1,0,0.1667,0,359.93,0,1,0,0.1667,0,359.93
1230,12,319.27,319.3,22,2,249,0,0,0,0,0,0,0,1,0,0.0333,0,1801.8,0,0,0,0,0,1,0,0.0333,0,1801.8,0,1,0,0.0333,0,1801.8
1230,12,319.43,319.5,15,2,250,0,0.9995,0,0.066667,0,899.55,0,1,0,0.0667,0,899.55,0.088779,0.03883,0.088779,0.03883,0,1,0,0.0667,0,899.55,0,1,0,0.0667,0,899.55
1230,12,321.77,322.03,17,2,251,1,0,0.2666,0,225.06,0,1,0,0.2666,0,225.06,0,0.16602,0.060044,0.15882,0.061137,1,0,0.2666,0,225.06,0,0,1,0,0.2666,0,225.06
1230,12,322.17,322.5,17,2,252,1,0,0.3333,0,180.02,0,1,0,0.3333,0,180.02,0,0.15816,0.055728,0.15715,0.054488,1,0,0.3333,0,180.02,0,0,1,0,0.3333,0,180.02
1230,12,322.73,322.83,6,2,253,0,1,0,0.1,0,600,0,1,0,0.1,0,600,0.14588,0.056348,0.14814,0.05617,0,1,0,0.1,0,600,0,1,0,0.1,0,600
1230,12,323.1,323.7,17,2,254,1,0,0.6,0,100,0,1,0,0.6,0,100,0,0.14916,0.045695,0.1495,0.043192,1,0,0.6,0,100,0,0,1,0,0.6,0,100
1230,12,323.97,324.33,17,2,255,1,0,0.3666,0,163.67,0,1,0,0.3666,0,163.67,0,0.14684,0.054244,0.14592,0.05407,1,0,0.3666,0,163.67,0,0,1,0,0.3666,0,163.67
1230,12,324.53,324.7,15,2,256,0,1,0,0.1667,0,359.93,0,1,0,0.1667,0,359.93,0.12199,0.047264,0.1231,0.046621,0,1,0,0.1667,0,359.93,0,1,0,0.1667,0,359.93
1230,12,325.17,325.2,15,2,257,0,1,0,0.0333,0,1801.8,0,1,0,0.0333,0,1801.8,0,0,0,0,0,1,0,0.0333,0,1801.8,0,1,0,0.0333,0,1801.8
1230,12,327.27,327.53,10,2,258,1,0,0.2666,0,225.06,0,1,0,0.2666,0,225.06,0,0.09744,0.04181,0.097721,0.040518,0,0,0,0,0,0,0,1,0,0.2666,0,225.06
1230,12,328.5,329.2,20,2,259,0,0.14286,0,0.05,0,171.43,0,1,0,0.35,0,171.43,0.23193,0.044973,0.23962,0.045229,0,0.71429,0,0.5,0,85.714,0,1,0,0.7,0,85.714
1230,12,330.8,330.83,6,2,260,0,1,0,0.0333,0,1801.8,0,0,0,0,0,0,0.10145,0.032212,0.10145,0.032212,0,0,0,0,0,0,0,1,0,0.0333,0,1801.8
1230,12,330.83,331.13,8,2,261,0,1,0,0.3,0,200,0,0.55544,0,0.16663,0,200,0.1333,0.036178,0.12305,0.036549,0,0,0,0,0,0,0,1,0,0.15,0,400
1230,12,331.6,331.63,10,2,262,0,0,0,0,0,0,0,1,0,0.0333,0,1801.8,0.092155,0.038993,0.092155,0.038993,0,0,0,0,0,0,0,1,0,0.0333,0,1801.8
1230,12,332.2,332.23,20,2,263,0,1,0,0.0333,0,1801.8,0,1,0,0.0333,0,1801.8,0.17448,0.035729,0.17448,0.035729,0,0,0,0,0,0,0,1,0,0.0333,0,1801.8
1230,12,332.23,332.27,6,2,264,0,1,0,0.0333,0,1801.8,0,1,0,0.0333,0,1801.8,0.21007,0.047341,0.21007,0.047341,0,0,0,0,0,0,0,1,0,0.0333,0,1801.8
1230,12,332.57,332.83,6,2,265,0,1,0,0.2666,0,225.06,0,1,0,0.2666,0,225.06,0.15571,0.032286,0.15251,0.032549,0,1,0,0.2666,0,225.06,0,1,0,0.2666,0,225.06
1230,12,332.87,333.3,6,2,266,0,0.84614,0,0.36663,0,138.47,0,1,0,0.21665,0,276.94,0.12591,0.035625,0.12239,0.035086,0,1,0,0.4333,0,138.47,0,1,0,0.4333,0,138.47
1230,12,338,338.6,23,2,267,0,0.55556,0,0.16667,0,200,0,0,0,0,0,0,0.14133,0.031832,0.14174,0.031475,0,0,0,0,0,0,0,1,0,0.6,0,100
1230,12,339.67,339.87,23,2,268,0,0,0,0,0,0,0,1,0,0.1999,0,300.15,0.1117,0.035927,0.11196,0.035473,0,0,0,0,0,0,0,1,0,0.1999,0,300.15
1230,12,340.03,340.5,22,2,269,0,1,0,0.4667,0,128.56,0,0.57146,0,0.13335,0,257.12,0.081699,0.029601,0.081896,0.029216,0,0,0,0,0,0,0,1,0,0.4667,0,128.56
1230,12,343.9,344.47,15,2,270,0,0.29415,0,0.16667,0,105.89,0,0.64702,0,0.1222,0,317.68,0.096266,0.032612,0.09793,0.032086,0,1.0587,0,0.29993,0,211.79,0,1,0,0.5666,0,105.89
1230,12,344.5,344.57,23,2,271,0,0,0,0,0,0,0,1,0,0.0666,0,900.9,0.10801,0.033781,0.10801,0.033781,0,1,0,0.0666,0,900.9,0,2,0,0.0666,0,1801.8
1230,12,344.73,344.83,22,2,272,0,0,0,0,0,0,0,1,0,0.1,0,600,0.20899,0.037051,0.21979,0.037335,1,0,0.1,0,600,0,0,2,0,0.1,0,1200
1230,12,344.83,345.27,23,2,273,0,0,0,0,0,0,0,0.84614,0,0.18332,0,276.94,0.13173,0.028931,0.13562,0.029045,0,0.92322,0,0.40003,0,138.47,0,2,0,0.4333,0,276.94
1230,12,345.7,345.73,23,2,274,0,0,0,0,0,0,0,1,0,0.0333,0,1801.8,0.069268,0.033015,0.069268,0.033015,0,0,0,0,0,0,0,1,0,0.01665,0,3603.6
1230,12,347.17,347.37,15,2,275,0,1,0,0.1999,0,300.15,0,1,0,0.1999,0,300.15,0.10365,0.045373,0.10403,0.045181,0,0,0,0,0,0,0,1.8334,0,0.18325,0,600.3
1230,12,347.73,347.77,15,2,276,0,1,0,0.0333,0,1801.8,0,1,0,0.0333,0,1801.8,0.095182,0.045274,0.095182,0.045274,0,0,0,0,0,0,0,2,0,0.0333,0,3603.6
1230,12,347.83,347.87,15,2,277,0,1,0,0.0333,0,1801.8,0,1,0,0.0333,0,1801.8,0.089688,0.045969,0.089688,0.045969,0,0,0,0,0,0,0,2,0,0.0333,0,3603.6
1230,12,348.4,348.57,23,2,278,0,0,0,0,0,0,0,0.79992,0,0.13327,0,360.14,0.13223,0.035843,0.1305,0.035609,0,0,0,0,0,0,0,2,0,0.1666,0,720.29
1230,12,349.03,349.1,17,2,279,0,1,0,0.0667,0,899.55,1,0,0.0667,0,899.55,0,0.092412,0.036605,0.092412,0.036605,0,0,0,0,0,0,1,0.9995,0.0667,0.066667,899.55,899.55
1230,12,349.6,350.13,8,2,280,1,0,0.5333,0,112.51,0,0,1,0,0.5333,0,112.51,0.10562,0.028297,0.10617,0.027595,0,0,0,0,0,0,1,1,0.5333,0.5333,112.51,112.51
1230,12,350.3,350.93,24,2,281,0.73683,0.1579,0.46663,0.1,94.742,94.742,0.78946,0.21054,0.49997,0.13333,94.742,94.742,0.12667,0.033521,0.12691,0.033038,0,0,0,0,0,0,1,1,0.6333,0.31665,94.742,189.48
1230,12,351.1,351.17,24,2,282,1,0,0.0666,0,900.9,0,1,0,0.0666,0,900.9,0,0.088802,0.03739,0.088802,0.03739,0,0,0,0,0,0,1,1,0.0666,0.0666,900.9,900.9
1230,12,351.2,351.27,24,2,283,1,0,0.0666,0,900.9,0,1,0,0.0666,0,900.9,0,0.11267,0.036799,0.11267,0.036799,0,0,0,0,0,0,1,1,0.0666,0.0666,900.9,900.9
1230,12,351.8,351.87,24,2,284,1,0,0.0666,0,900.9,0,1,0,0.0666,0,900.9,0,0.11869,0.042114,0.11869,0.042114,0,0,0,0,0,0,0,1,0,0.0666,0,900.9
1230,12,352.33,352.5,8,2,285,0,0,0,0,0,0,0,1,0,0.08335,0,719.86,0.11582,0.041547,0.11784,0.041673,0,0,0,0,0,0,0,1,0,0.1667,0,359.93
1230,12,352.53,352.57,8,2,286,0,0,0,0,0,0,0,1,0,0.0333,0,1801.8,0.098984,0.04313,0.098984,0.04313,0,0,0,0,0,0,0,1,0,0.0333,0,1801.8
1230,12,353.37,353.4,15,2,287,0,1,0,0.0333,0,1801.8,0,1,0,0.0333,0,1801.8,0,0,0,0,0,0,0,0,0,0,0,1,0,0.0333,0,1801.8
1230,12,355.37,355.57,17,2,288,0.83358,0,0.16663,0,300.15,0,0,0,0,0,0,0,0.1041,0.045927,0.10542,0.046219,0,0,0,0,0,0,0,1,0,0.1999,0,300.15
1230,12,355.7,355.77,17,2,289,0,1,0,0.0666,0,900.9,0,1,0,0.0666,0,900.9,0.098975,0.043694,0.098975,0.043694,0,0,0,0,0,0,0,1,0,0.0666,0,900.9
1230,12,356.47,356.53,23,2,290,0,1,0,0.0666,0,900.9,0,1,0,0.0666,0,900.9,0.16488,0.050973,0.16488,0.050973,0,0,0,0,0,0,0,1,0,0.0666,0,900.9
1230,12,356.63,356.83,23,2,291,0,1,0,0.2,0,300,0,1,0,0.2,0,300,0.12623,0.047508,0.12785,0.0473,0,0,0,0,0,0,0,1,0,0.2,0,300
1230,12,357.2,357.27,22,2,292,1,0,0.0666,0,900.9,0,1,0,0.0666,0,900.9,0,0.096592,0.047381,0.096592,0.047381,0,0,0,0,0,0,0,1,0,0.0666,0,900.9
1230,12,357.8,357.93,15,2,293,0,0,0,0,0,0,0,0.75019,0,0.1,0,450.11,0.087476,0.036456,0.087295,0.036635,0,1,0,0.1333,0,450.11,0,2,0,0.1333,0,900.23
1230,12,358.27,358.43,15,2,294,0,0,0,0,0,0,0,0,0,0,0,0,0.082362,0.037113,0.082998,0.036706,0,0,0,0,0,0,0,2,0,0.1666,0,720.29
1230,12,358.53,358.7,15,2,295,0,0,0,0,0,0,0,0.19996,0,0.033333,0,359.93,0.083906,0.039103,0.085938,0.039057,0,0,0,0,0,0,0,2,0,0.1667,0,719.86
1230,12,359.17,359.23,23,2,296,0,0,0,0,0,0,0,1,0,0.0666,0,900.9,0.097396,0.036329,0.097396,0.036329,0,0,0,0,0,0,0,1,0,0.0666,0,900.9
1230,12,359.37,360.07,23,2,297,0,0.61904,0,0.43327,0,85.727,0,1,0,0.6999,0,85.727,0.14368,0.045217,0.1495,0.044688,0,0,0,0,0,0,0,1.8572,0,0.64992,0,171.45
1230,12,360.13,360.17,22,2,298,1,0,0.0333,0,1801.8,0,1,0,0.0333,0,1801.8,0,0.10293,0.044195,0.10293,0.044195,0,0,0,0,0,0,1,1,0.0333,0.0333,1801.8,1801.8
1230,12,360.67,360.97,23,2,299,0,1,0,0.2999,0,200.07,0,1,0,0.2999,0,200.07,0.15614,0.047911,0.15616,0.048411,0,0,0,0,0,0,0,1,0,0.2999,0,200.07
1230,12,361.03,361.1,22,2,300,1,0,0.0667,0,899.55,0,1,0,0.0667,0,899.55,899.55,0.099705,0.040016,0.099705,0.040016,0,0,0,0,0,0,0,1,0,0.0667,0,899.55
1230,12,361.13,361.23,22,2,301,1,0,0.1,0,600,0,0,1,0,0.1,0,600,0.088387,0.034781,0.089811,0.034809,0,0,0,0,0,0,0,1,0,0.1,0,600
1230,12,362.2,363.47,23,2,302,0,0.89473,0,0.56663,0,94.742,0,0.71056,0,0.9,0,47.371,0.15109,0.041767,0.15449,0.042753,0,0,0,0,0,0,0,1,0,1.2666,0,47.371
1230,12,367.77,367.83,15,2,303,0,1,0,0.0666,0,900.9,0,1,0,0.0666,0,900.9,0.10576,0.044048,0.10576,0.044048,0,1,0,0.0666,0,900.9,0,1,0,0.0666,0,900.9
1230,12,367.87,367.9,15,2,304,0,1,0,0.0333,0,1801.8,0,1,0,0.0333,0,1801.8,0,0,0,0,0,1,0,0.0333,0,1801.8,0,1,0,0.0333,0,1801.8
1230,12,368.37,368.5,20,2,305,0,1,0,0.1333,0,450.11,0,1,0,0.1333,0,450.11,0.12168,0.045509,0.12121,0.044647,0,1,0,0.1333,0,450.11,0,2,0,0.1333,0,900.23
1230,12,368.83,368.9,23,2,306,0,1,0,0.0667,0,899.55,0,1,0,0.0667,0,899.55,0.20338,0.072006,0.20338,0.072006,0,1,0,0.0667,0,899.55,0,2,0,0.0667,0,1799.1
1230,12,368.9,369.63,10,2,307,0.90913,0,0.66667,0,81.822,0,1,0,0.7333,0,81.822,0,0.23956,0.062087,0.23448,0.059395,1,0,0.7333,0,81.822,0,0,2,0,0.48887,0,245.47
1230,12,369.63,369.67,16,2,308,0,0,0,0,0,0,0,1,0,0.0333,0,1801.8,0.12729,0.064382,0.12729,0.064382,0,1,0,0.0333,0,1801.8,0,2,0,0.0333,0,3603.6
1230,12,369.73,369.77,8,2,309,0,0,0,0,0,0,0,1,0,0.0333,0,1801.8,0.10441,0.041514,0.10441,0.041514,0,1,0,0.0333,0,1801.8,1,1,0.0333,0.0333,1801.8,1801.8
1230,12,369.87,369.97,8,2,310,0,0,0,0,0,0,0,1,0,0.0999,0,600.6,0.098145,0.03585,0.098145,0.03585,0,1.6667,0,0.08325,0,1201.2,0.33333,1,0.0333,0.0999,600.6,600.6
1230,12,369.97,370.4,23,2,311,0,0.46157,0,0.2,0,138.47,0,1,0,0.21665,0,276.94,0.24413,0.052217,0.24771,0.052383,0,1.3846,0,0.29997,0,276.94,0,1.6154,0,0.34998,0,276.94
1230,12,371.6,372.17,17,2,312,1,0,0.5666,0,105.89,0,0,1,0,0.5666,0,105.89,0.087859,0.028858,0.086953,0.028739,0,1,0,0.5666,0,105.89,1,1,0.5666,0.5666,105.89,105.89
1230,12,373.3,373.33,24,2,313,1,0,0.0333,0,1801.8,0,1,0,0.0333,0,1801.8,0,0.067949,0.033367,0.067949,0.033367,0,1,0,0.0333,0,1801.8,1,1,0.0333,0.0333,1801.8,1801.8
1230,12,373.6,373.67,17,2,314,0,1,0,0.0666,0,900.9,0,1,0,0.0666,0,900.9,0.10285,0.036468,0.10285,0.036468,0,1,0,0.0666,0,900.9,0,1,0,0.0666,0,900.9
1230,12,374.07,374.1,23,2,315,0,1,0,0.0333,0,1801.8,0,1,0,0.0333,0,1801.8,0,0,0,0,0,1,0,0.0333,0,1801.8,0,1,0,0.0333,0,1801.8
1230,12,374.87,375.1,23,2,316,0,1,0,0.2333,0,257.18,0,1,0,0.2333,0,257.18,0.11889,0.036949,0.12135,0.036587,0,1,0,0.2333,0,257.18,0,1,0,0.2333,0,257.18
1230,12,375.47,375.77,23,2,317,0,1,0,0.2999,0,200.07,0,1,0,0.2999,0,200.07,0.12454,0.040598,0.12547,0.040814,0,1,0,0.2999,0,200.07,0,1,0,0.2999,0,200.07
1230,12,375.8,376.33,23,2,318,0,0.31246,0,0.083317,0,225.01,0,0.75005,0,0.4,0,112.51,0.14298,0.039276,0.14076,0.038897,0,1.1875,0,0.31665,0,225.01,0,1,0,0.5333,0,112.51
1230,12,378.37,378.97,16,2,319,0,0.50003,0,0.29997,0,100.02,0,0,0,0,0,0,0.11433,0.043566,0.11604,0.043633,0,1,0,0.5999,0,100.02,0,2,0,0.39993,0,300.05
1230,12,380.37,380.6,15,2,320,0,1,0,0.2333,0,257.18,0,0,0,0,0,0,0.10157,0.039153,0.10072,0.0389,0,1,0,0.2333,0,257.18,0,2,0,0.2333,0,514.36
1230,12,380.63,380.67,15,2,321,0,0,0,0,0,0,0,0,0,0,0,0,0.10168,0.041717,0.10168,0.041717,0,1,0,0.0333,0,1801.8,0,2,0,0.0333,0,3603.6
1230,12,382.03,382.33,8,2,322,0,0,0,0,0,0,0,0,0,0,0,0,0.083928,0.037481,0.083984,0.036479,0,1,0,0.3,0,200,0,1.6664,0,0.24997,0,400
1230,12,382.5,382.53,8,2,323,0,0,0,0,0,0,0,0,0,0,0,0,0.086589,0.038681,0.086589,0.038681,0,1,0,0.0333,0,1801.8,0,2,0,0.0333,0,3603.6
1230,12,382.87,383.3,17,2,324,0,0,0,0,0,0,0,0.5385,0,0.23333,0,138.47,0.13626,0.045247,0.13624,0.045376,0,1,0,0.4333,0,138.47,1,1,0.4333,0.4333,138.47,138.47
1230,12,383.77,384.47,17,2,325,0,0,0,0,0,0,0,1,0,0.6999,0,85.727,0.15932,0.043653,0.15625,0.042797,0,1,0,0.6999,0,85.727,0,1,0,0.6999,0,85.727
1230,12,384.63,384.83,17,2,326,0,0.83333,0,0.083333,0,600,0,1,0,0.2,0,300,0.13866,0.046323,0.14039,0.045064,0,1,0,0.2,0,300,0,1,0,0.2,0,300
1230,12,384.83,384.87,23,2,327,1,0,0.0333,0,1801.8,0,0,1,0,0.0333,0,1801.8,0.15397,0.059346,0.15397,0.059346,0,1,0,0.0333,0,1801.8,0,1,0,0.0333,0,1801.8
1230,12,384.87,384.9,17,2,328,0,1,0,0.0333,0,1801.8,0,1,0,0.0333,0,1801.8,0,0,0,0,0,1,0,0.0333,0,1801.8,0,1,0,0.0333,0,1801.8
1230,12,385.1,385.17,17,2,329,0,1,0,0.0666,0,900.9,1,0,0.0666,0,900.9,0,0.11914,0.057665,0.11914,0.057665,0,1,0,0.0666,0,900.9,0,1,0,0.0666,0,900.9
1230,12,385.27,385.87,23,2,330,0.77785,0,0.46663,0,100.02,0,0,1,0,0.5999,0,100.02,0.13435,0.062902,0.13359,0.062926,0,1,0,0.5999,0,100.02,0,1,0,0.5999,0,100.02
1230,12,386.07,386.4,17,2,331,1,0,0.3333,0,180.02,0,1,0,0.3333,0,180.02,0,0.14857,0.060591,0.14902,0.060688,0,1,0,0.3333,0,180.02,0,1,0,0.3333,0,180.02
1230,12,386.63,386.73,17,2,332,1,0,0.1,0,600,0,1,0,0.1,0,600,0,0.16868,0.054329,0.16917,0.05414,0,1,0,0.1,0,600,0,1,0,0.1,0,600
1230,12,386.8,386.9,23,2,333,0,0.33333,0,0.033333,0,600,0,1,0,0.1,0,600,0.14933,0.052541,0.14974,0.051969,0,1,0,0.1,0,600,0,1,0,0.1,0,600
1230,12,387.07,387.2,17,2,334,0,0,0,0,0,0,0,1,0,0.1333,0,450.11,0.11975,0.055613,0.11905,0.055422,0,1.5001,0,0.099983,0,900.23,0,1,0,0.1333,0,450.11
1230,12,387.27,387.5,23,2,335,0,0,0,0,0,0,0,1,0,0.2333,0,257.18,0.13353,0.043708,0.13589,0.042118,0,1,0,0.2333,0,257.18,0,1,0,0.2333,0,257.18
1230,12,388.33,388.43,23,2,336,0,0,0,0,0,0,0,1,0,0.1,0,600,0.11994,0.048506,0.11994,0.048636,0,1,0,0.1,0,600,0,1,0,0.1,0,600
1230,12,389.23,389.7,16,2,337,0,0.85708,0,0.4,0,128.56,0,0,0,0,0,0,0.092715,0.043106,0.092896,0.04371,0,1,0,0.4667,0,128.56,0,2,0,0.31113,0,385.69
1230,12,389.73,389.9,16,2,338,0,1,0,0.1667,0,359.93,0,0,0,0,0,0,0.092787,0.046737,0.093223,0.046554,0,1,0,0.1667,0,359.93,0,2,0,0.1667,0,719.86
1230,12,390.43,390.53,16,2,339,0,1,0,0.1,0,600,0,0,0,0,0,0,0.073096,0.034806,0.074648,0.035077,0,1,0,0.1,0,600,0,2,0,0.1,0,1200
1230,12,391.57,391.6,16,2,340,0,0,0,0,0,0,0,1,0,0.0333,0,1801.8,0,0,0,0,0,1,0,0.0333,0,1801.8,0,2,0,0.0333,0,3603.6
1230,12,391.83,392.8,23,2,341,0,0,0,0,0,0,0,1,0,0.9667,0,62.067,0.15853,0.044461,0.14518,0.044972,0,1,0,0.9667,0,62.067,0,2,0,0.9667,0,124.13
1230,12,393.9,393.93,8,2,342,1,0,0.0333,0,1801.8,0,0,1,0,0.0333,0,1801.8,0.11012,0.044052,0.11012,0.044052,0,1,0,0.0333,0,1801.8,0,2,0,0.0333,0,3603.6
1230,12,394.1,394.2,22,2,343,0,1,0,0.1,0,600,0,1,0,0.1,0,600,0.10064,0.048028,0.10078,0.048282,0,1,0,0.1,0,600,0,2,0,0.1,0,1200
1230,12,394.37,394.47,17,2,344,0,1,0,0.0999,0,600.6,1,0,0.0999,0,600.6,0,0.089189,0.04206,0.089189,0.04206,0,1,0,0.0999,0,600.6,1,1,0.0999,0.0999,600.6,600.6
1230,12,394.53,394.87,17,2,345,0,1,0,0.3333,0,180.02,1,0,0.3333,0,180.02,0,0.096171,0.048172,0.096764,0.047394,0,1,0,0.3333,0,180.02,1,1,0.3333,0.3333,180.02,180.02
1230,12,395.6,395.7,17,2,346,0,1,0,0.1,0,600,1,0,0.1,0,600,0,0.094682,0.03959,0.092708,0.039633,0,1,0,0.1,0,600,1,1,0.1,0.1,600,600
1230,12,395.83,396.23,17,2,347,0,1,0,0.4,0,150,1,0,0.4,0,150,0,0.11093,0.03824,0.10891,0.03733,0,1,0,0.4,0,150,1,1,0.4,0.4,150,150
1230,12,397.27,399.17,23,2,348,0.21052,0.73685,0.39997,1.3999,31.581,31.581,0,1,0,1.8999,0,31.581,0.17773,0.041846,0.17777,0.041173,0,1,0,1.8999,0,31.581,0,1,0,1.8999,0,31.581
1230,12,399.2,399.57,23,2,349,0,0.18167,0,0.0333,0,327.33,0,0.45463,0,0.16667,0,163.67,0.12356,0.040581,0.1271,0.040119,0,1.1819,0,0.21663,0,327.33,0,1,0,0.3666,0,163.67
1230,12,399.6,399.9,23,2,350,0,0.66667,0,0.1,0,400,0,0.88889,0,0.26667,0,200,0.15303,0.044761,0.15319,0.044335,0,1,0,0.3,0,200,0,1,0,0.3,0,200
1230,12,402.2,402.27,23,2,351,0,0.4995,0,0.033267,0,900.9,0,0,0,0,0,0,0.14644,0.054872,0.14644,0.054872,0,1,0,0.0666,0,900.9,0,1,0,0.0666,0,900.9
1230,12,402.4,402.53,23,2,352,0,1,0,0.1333,0,450.11,0,0,0,0,0,0,0.15132,0.055878,0.15187,0.055514,0,1,0,0.1333,0,450.11,0,1,0,0.1333,0,450.11
1230,12,402.53,402.6,8,2,353,0,1,0,0.0667,0,899.55,0,0,0,0,0,0,0.11752,0.051362,0.11752,0.051362,0,1,0,0.0667,0,899.55,0,1,0,0.0667,0,899.55
1230,12,403.17,403.8,23,2,354,0.63156,0.21054,0.39997,0.13333,94.742,94.742,0,0,0,0,0,94.742,0.16239,0.063001,0.16281,0.062943,0,1,0,0.6333,0,94.742,0,1,0,0.31665,0,189.48
1230,12,403.93,403.97,2,2,355,0,1,0,0.0333,0,1801.8,0,1,0,0.0333,0,1801.8,0.277,0.089942,0.277,0.089942,0,1,0,0.0333,0,1801.8,0,1,0,0.0333,0,1801.8
1230,12,404.9,405,17,2,356,1,0,0.1,0,600,0,0,1,0,0.1,0,600,0.15584,0.047122,0.16419,0.046685,0,2,0,0.1,0,1200,1,1,0.1,0.1,600,600
1230,12,405.8,406,23,2,357,0,0.83333,0,0.16667,0,300,0,1,0,0.2,0,300,0.20177,0.040444,0.20128,0.039734,0,1,0,0.2,0,300,0,2,0,0.2,0,600
1230,12,406,406.13,15,2,358,0,1,0,0.1333,0,450.11,0,1,0,0.1333,0,450.11,0.10122,0.036874,0.10231,0.03682,0,1,0,0.1333,0,450.11,0,2,0,0.1333,0,900.23
1230,12,406.37,406.47,16,2,359,0,1,0,0.0999,0,600.6,0,1,0,0.0999,0,600.6,0.11451,0.050241,0.11451,0.050241,0,1,0,0.0999,0,600.6,0,2,0,0.0999,0,1201.2
1230,12,406.6,407.03,15,2,360,0,0.84614,0,0.18332,0,276.94,0,1,0,0.21665,0,276.94,0.1005,0.042147,0.10008,0.042699,0,1,0,0.4333,0,138.47,0,2,0,0.28887,0,415.42
1230,12,407.07,407.3,23,2,361,1,0,0.2333,0,257.18,0,1,0,0.2333,0,257.18,0,0.14411,0.051566,0.14425,0.052062,0,1,0,0.2333,0,257.18,0,2,0,0.2333,0,514.36
1230,12,407.43,407.5,10,2,362,0,1,0,0.0667,0,899.55,0,1,0,0.0667,0,899.55,0.17566,0.061157,0.17566,0.061157,1,0,0.0667,0,899.55,0,0,2,0,0.0667,0,1799.1
1230,12,407.53,408.43,23,2,363,0.6667,0,0.60003,0,66.667,0,0,0.66663,0,0.29998,0,133.33,0.14553,0.044381,0.1466,0.04454,0,1,0,0.9,0,66.667,0,2,0,0.6,0,200
1230,12,408.77,408.83,22,2,364,0,1,0,0.0666,0,900.9,0,1,0,0.0666,0,900.9,0.10791,0.042932,0.10791,0.042932,0,2,0,0.0666,0,1801.8,0,2,0,0.0666,0,1801.8
1230,12,410.17,410.27,23,2,365,0,0,0,0,0,0,0,1,0,0.0999,0,600.6,0.13427,0.047179,0.13427,0.047179,0,2,0,0.0999,0,1201.2,0,1,0,0.0999,0,600.6
1230,12,410.63,410.67,22,2,366,0,1,0,0.0333,0,1801.8,0,1,0,0.0333,0,1801.8,0.11346,0.04547,0.11346,0.04547,0,2,0,0.0333,0,3603.6,0,1,0,0.0333,0,1801.8
1230,12,410.7,410.73,23,2,367,0,1,0,0.0333,0,1801.8,0,1,0,0.0333,0,1801.8,0.14526,0.043718,0.14526,0.043718,0,2,0,0.0333,0,3603.6,0,1,0,0.01665,0,3603.6
1230,12,413.47,413.6,8,2,368,0,1,0,0.1333,0,450.11,0,1,0,0.1333,0,450.11,0.15126,0.024675,0.15397,0.026535,1,1,0.1333,0.1333,450.11,450.11,0,1,0,0.1333,0,450.11
1230,12,413.6,413.67,1,2,369,0,1,0,0.0666,0,900.9,0,1,0,0.0666,0,900.9,0.052891,0.019896,0.052891,0.019896,0,2,0,0.0666,0,1801.8,0,1,0,0.0666,0,900.9
1230,12,413.67,413.7,23,2,370,0,1,0,0.0333,0,1801.8,0,1,0,0.0333,0,1801.8,0,0,0,0,0,2,0,0.0333,0,3603.6,0,1,0,0.0333,0,1801.8
1230,12,413.93,414.57,6,2,371,0,1,0,0.6333,0,94.742,0,1,0,0.6333,0,94.742,0.1088,0.032485,0.1114,0.031205,0,2,0,0.6333,0,189.48,0,1,0,0.6333,0,94.742
1230,12,416.63,416.67,17,2,372,0,1,0,0.0333,0,1801.8,1,0,0.0333,0,1801.8,0,0.11039,0.038704,0.11039,0.038704,0,1,0,0.0333,0,1801.8,0,1,0,0.0333,0,1801.8
1230,12,417.43,417.5,17,2,373,0,0.00049975,0,3.3333e-05,0,899.55,1,0,0.0667,0,899.55,0,0.08394,0.035929,0.08394,0.035929,0,2,0,0.0667,0,1799.1,0,1,0,0.0667,0,899.55
1230,12,417.63,417.83,17,2,374,0,1,0,0.2,0,300,1,0,0.2,0,300,0,0.090632,0.034392,0.090596,0.034517,0,2,0,0.2,0,600,0,1,0,0.2,0,300
1230,12,418.23,418.4,15,2,375,0,1,0,0.1667,0,359.93,0,1,0,0.08335,0,719.86,0.082641,0.033998,0.083109,0.033845,0,2,0,0.1667,0,719.86,0,1,0,0.1667,0,359.93
1230,12,418.87,418.93,23,2,376,0,1,0,0.0666,0,900.9,0,1,0,0.0666,0,900.9,0.11229,0.041504,0.11229,0.041504,0,2,0,0.0666,0,1801.8,0,1,0,0.0666,0,900.9
1230,12,419.3,419.37,8,2,377,1,0,0.0666,0,900.9,0,1,0,0.0666,0,900.9,0,0.10815,0.041097,0.10815,0.041097,2,0,0.0666,0,1801.8,0,0,1,0,0.0666,0,900.9
1230,12,419.87,420.27,8,2,378,1,0,0.3999,0,150.04,0,1,0,0.3999,0,150.04,0,0.12373,0.039184,0.12366,0.040892,0,0,0,0,0,0,0,1,0,0.3999,0,150.04
1230,12,421.17,421.3,6,2,379,0,1,0,0.1333,0,450.11,0,1,0,0.1333,0,450.11,0.15473,0.047083,0.15661,0.046578,0,1,0,0.1333,0,450.11,0,1,0,0.1333,0,450.11
1230,12,421.87,421.9,8,2,380,0,1,0,0.0333,0,1801.8,1,0,0.0333,0,1801.8,0,0,0,0,0,0,1,0,0.0333,0,1801.8,0,1,0,0.0333,0,1801.8
1230,12,421.93,422.9,6,2,381,0,1,0,0.9667,0,62.067,0,1,0,0.48335,0,124.13,0.094128,0.034011,0.093083,0.034006,0,0.93104,0,0.90003,0,62.067,0,1,0,0.9667,0,62.067
1230,12,423.13,423.2,24,2,382,1,0,0.0667,0,899.55,0,1,0,0.0667,0,899.55,0,0.10753,0.032989,0.10753,0.032989,0,0,0,0,0,0,0,1,0,0.0667,0,899.55
1230,12,423.2,423.23,22,2,383,0,1,0,0.0333,0,1801.8,0,1,0,0.0333,0,1801.8,0.15469,0.043432,0.15469,0.043432,0,0,0,0,0,0,0,1,0,0.0333,0,1801.8
1230,12,426.1,426.2,22,2,384,0,1,0,0.1,0,600,1,0,0.1,0,600,0,0.12079,0.046124,0.12146,0.045605,0,0,0,0,0,0,0,1,0,0.1,0,600
1230,12,428.83,428.97,22,2,385,0,0,0,0,0,0,0,1,0,0.1333,0,450.11,0.12275,0.041871,0.12465,0.04203,0.24956,0.25031,0.033267,0.033367,450.11,450.11,0,1,0,0.1333,0,450.11
1230,12,430.9,431.33,23,2,386,0,0,0,0,0,0,0,1,0,0.4333,0,138.47,0.12039,0.040026,0.12377,0.039211,0,1,0,0.4333,0,138.47,0,1,0,0.4333,0,138.47
1230,12,431.57,431.67,10,2,387,1,0,0.0999,0,600.6,0,1,0,0.0999,0,600.6,0,0.13516,0.036806,0.13516,0.036806,1,0,0.0999,0,600.6,0,0,1,0,0.0999,0,600.6
1230,12,431.7,431.93,20,2,388,0,0.42863,0,0.1,0,257.18,0,1,0,0.2333,0,257.18,0.1916,0.036929,0.19969,0.036068,0,0.42863,0,0.1,0,257.18,0,1,0,0.2333,0,257.18
1230,12,432.63,432.93,23,2,389,0,1,0,0.3,0,200,0,0,0,0,0,0,0.10806,0.038193,0.1103,0.038609,0,0,0,0,0,0,0,1.1111,0,0.16667,0,400
1230,12,434.63,434.97,23,2,390,0,1,0,0.3333,0,180.02,0,1,0,0.3333,0,180.02,0.13577,0.035588,0.13732,0.035843,0,0,0,0,0,0,0,1.8999,0,0.31662,0,360.04
1230,12,435.1,435.13,6,2,391,0,1,0,0.0333,0,1801.8,0,1,0,0.0333,0,1801.8,0.1724,0.041157,0.1724,0.041157,0,1,0,0.0333,0,1801.8,0,2,0,0.0333,0,3603.6
1230,12,435.27,436.27,17,2,392,1,0,0.9999,0,60.006,0,0.56669,0.3333,0.56663,0.33327,60.006,60.006,0.16753,0.039251,0.17076,0.037679,1,0,0.9999,0,60.006,0,0.73337,1,0.7333,0.49995,60.006,120.01
1230,12,436.33,436.47,17,2,393,1,0,0.1333,0,450.11,0,0,1,0,0.1333,0,450.11,0.15959,0.051935,0.15668,0.051618,1,0,0.1333,0,450.11,0,0,1,0,0.1333,0,450.11
1230,12,436.47,436.6,15,2,394,0,1,0,0.1333,0,450.11,0,1,0,0.1333,0,450.11,0.13515,0.048668,0.13477,0.048282,0,1,0,0.1333,0,450.11,0,1,0,0.1333,0,450.11
1230,12,436.87,437.07,15,2,395,0,1,0,0.1999,0,300.15,0,1,0,0.1999,0,300.15,0.15049,0.042309,0.15061,0.042271,0,0.33333,0,0.066633,0,300.15,0,1,0,0.1999,0,300.15
1230,12,437.13,437.3,17,2,396,0.60008,0,0.10003,0,359.93,0,1,0,0.1667,0,359.93,0,0.15532,0.041313,0.16097,0.040937,0,0,0,0,0,0,0,1,0,0.1667,0,359.93
1230,12,437.4,437.43,17,2,397,0,0,0,0,0,0,0,0,0,0,1801.8,0,0.10645,0.04225,0.10645,0.04225,0,0,0,0,0,0,0,1,0,0.0333,0,1801.8
1230,12,437.77,437.93,15,2,398,0,1,0,0.1666,0,360.14,0,0,0,0,0,0,0.074421,0.031577,0.073896,0.031716,0,0.19988,0,0.0333,0,360.14,0,1,0,0.1666,0,360.14
1230,12,438.37,438.4,15,2,399,0,1,0,0.0333,0,1801.8,0,1,0,0.0333,0,1801.8,0,0,0,0,0,2,0,0.0333,0,3603.6,0,1,0,0.0333,0,1801.8
1230,12,438.93,438.97,17,2,400,0,0,0,0,0,0,0,1,0,0.0333,0,1801.8,0.077197,0.028184,0.077197,0.028184,0,2,0,0.0333,0,3603.6,0,1,0,0.0333,0,1801.8
1230,12,441.57,442.3,17,2,401,1,0,0.7333,0,81.822,0,0,1,0,0.7333,0,81.822,0.17871,0.056097,0.17744,0.057465,0,0.77276,0,0.56667,0,81.822,0,1,0,0.7333,0,81.822
1230,12,443.4,443.53,24,2,402,0,0,0,0,0,0,0,1,0,0.1333,0,450.11,0.13545,0.046483,0.13937,0.046826,1,0,0.1333,0,450.11,0,0,1,0,0.1333,0,450.11
1230,12,443.53,443.57,14,2,403,0,0,0,0,0,0,0,1,0,0.0333,0,1801.8,0.17957,0.050512,0.17957,0.050512,0,1,0,0.0333,0,1801.8,0,1,0,0.0333,0,1801.8
1230,12,443.57,443.67,24,2,404,0,0,0,0,0,0,0,1,0,0.0999,0,600.6,0.11997,0.040925,0.11997,0.040925,1,0,0.0999,0,600.6,0,0,2,0,0.0999,0,1201.2
1230,12,443.87,443.97,6,2,405,0,1,0,0.0999,0,600.6,0,1,0,0.0999,0,600.6,0.0966,0.035421,0.0966,0.035421,0,1,0,0.0999,0,600.6,0,2,0,0.0999,0,1201.2
1230,12,444.1,444.17,15,2,406,0,1,0,0.0666,0,900.9,0,1,0,0.0666,0,900.9,0.085195,0.037142,0.085195,0.037142,0,1,0,0.0666,0,900.9,0,1,0,0.0666,0,900.9
1230,12,444.23,444.27,15,2,407,0,1,0,0.0333,0,1801.8,0,1,0,0.0333,0,1801.8,0.095,0.042621,0.095,0.042621,0,1,0,0.0333,0,1801.8,0,1,0,0.0333,0,1801.8
1230,12,444.87,444.93,24,2,408,1,0,0.0666,0,900.9,0,1,0,0.0666,0,900.9,0,0.10639,0.04484,0.10639,0.04484,1,0,0.0666,0,900.9,0,0,2,0,0.0666,0,1801.8
1230,12,445.1,445.57,24,2,409,1,0,0.4666,0,128.59,0,1,0,0.4666,0,128.59,0,0.1132,0.045235,0.11135,0.044447,2,0,0.4666,0,257.18,0,0,2,0,0.4666,0,257.18
1230,12,445.93,446.3,24,2,410,1,0,0.3667,0,163.62,0,1,0,0.3667,0,163.62,0,0.11103,0.045437,0.10966,0.044203,0.090992,0,0.033367,0,163.62,0,0.81811,1,0.3,0.3667,163.62,163.62
1230,12,446.4,446.43,23,2,411,0,1,0,0.0333,0,1801.8,0,1,0,0.0333,0,1801.8,0.14417,0.042676,0.14417,0.042676,0,0,0,0,0,0,0,2,0,0.0333,0,3603.6
1230,12,446.67,446.7,24,2,412,1,0,0.0333,0,1801.8,0,1,0,0.0333,0,1801.8,0,0,0,0,0,0,0,0,0,0,0,0,2,0,0.0333,0,3603.6
1230,12,448.2,448.63,8,2,413,1,0,0.4333,0,138.47,0,1,0,0.4333,0,138.47,0,0.088808,0.033042,0.085417,0.033303,1,0,0.4333,0,138.47,0,0,1,0,0.4333,138.47,138.47
1230,12,448.73,449.27,8,2,414,1,0,0.5333,0,112.51,0,0.12507,0.87493,0.0667,0.4666,112.51,112.51,0.080798,0.03133,0.078581,0.030469,0.93762,0,0.50003,0,112.51,0,0,1,0,0.5333,0,112.51
1230,12,449.43,449.97,8,2,415,1,0,0.5333,0,112.51,0,0,1,0,0.5333,0,112.51,0.11757,0.032944,0.1172,0.032822,0,0,0,0,0,0,0,1,0,0.5333,0,112.51
1230,12,459.53,459.63,23,2,416,1,0,0.1,0,600,0,1,0,0.1,0,600,0,0.24745,0.083214,0.24417,0.08316,0.66633,1,0.066633,0.1,600,600,0,0.99967,0,0.099967,0,600
1230,12,461.63,461.7,16,2,417,1,0,0.0667,0,899.55,0,0,1,0,0.0667,0,899.55,0.098188,0.046685,0.098188,0.046685,0,1,0,0.0667,0,899.55,0,1,0,0.0667,0,899.55
1230,12,461.73,461.77,16,2,418,1,0,0.0333,0,1801.8,0,0,1,0,0.0333,0,1801.8,0.096094,0.047296,0.096094,0.047296,0,1,0,0.0333,0,1801.8,0,1,0,0.0333,0,1801.8
1230,12,461.87,461.93,10,2,419,0,0.5,0,0.0333,0,900.9,0,1,0,0.0666,0,900.9,0.08472,0.043006,0.08472,0.043006,0,1,0,0.0666,0,900.9,0,1,0,0.0666,0,900.9
1230,12,462.27,462.6,23,2,420,0.90009,0,0.3,0,180.02,0,0,1,0,0.16665,0,360.04,0.17856,0.045496,0.18578,0.045848,0.50005,0,0.16667,0,180.02,0,0,1,0,0.3333,0,180.02
1230,12,463.33,463.37,22,2,421,0,1,0,0.0333,0,1801.8,1,0,0.0333,0,1801.8,0,0.10838,0.046267,0.10838,0.046267,0,1,0,0.0333,0,1801.8,1,1,0.0333,0.0333,1801.8,1801.8
1230,12,463.53,463.73,23,2,422,0,1,0,0.2,0,300,0,1,0,0.2,0,300,0.15315,0.048378,0.14856,0.048695,1,0,0.2,0,300,0,0,2,0,0.2,0,600
1230,12,464.57,464.7,15,2,423,0,1,0,0.1333,0,450.11,0,0,0,0,0,0,0.086454,0.032634,0.087676,0.032677,0,1,0,0.1333,0,450.11,0,1,0,0.1333,0,450.11
1230,12,465.1,465.13,22,2,424,1,0,0.0333,0,1801.8,0,0,0,0,0,0,0,0.090234,0.043279,0.090234,0.043279,0,1,0,0.0333,0,1801.8,0,2,0,0.0333,0,3603.6
1230,12,465.23,465.27,13,2,425,0,1,0,0.0333,0,1801.8,0,0,0,0,0,0,0.12031,0.049827,0.12031,0.049827,0,1,0,0.0333,0,1801.8,0,2,0,0.0333,0,3603.6
1230,12,475.03,475.73,17,2,426,0.23805,0,0.16663,0,85.714,0,0.57138,0,0.39997,0,85.714,0,0.083522,0.036126,0.085918,0.035897,0,0.71424,0,0.49997,0,85.714,0,0.99995,0,0.69997,0,85.714
1230,12,476.5,477.1,23,2,427,0,0.88889,0,0.26667,0,200,0,1,0,0.6,0,100,0.14256,0.050944,0.14876,0.05084,0,0,0,0,0,0,0,1.1667,0,0.35,0,200
1230,12,479.87,480.1,22,2,428,0,0,0,0,0,0,0,1,0,0.2333,0,257.18,0.11102,0.04744,0.11281,0.047801,0,0,0,0,0,0,1,1,0.2333,0.2333,257.18,257.18
1230,12,482.3,482.4,16,2,429,0,1,0,0.1,0,600,0,1,0,0.1,0,600,0.095889,0.046927,0.094717,0.046941,0,0,0,0,0,0,0,1,0,0.1,0,600
1230,12,483.07,483.47,23,2,430,0,1,0,0.3999,0,150.04,0,1,0,0.3999,0,150.04,0.11158,0.040493,0.113,0.040537,0,0,0,0,0,0,0,1,0,0.3999,0,150.04
1230,12,485.2,485.27,17,2,431,1,0,0.0666,0,900.9,0,1,0,0.0666,0,900.9,0,0.077949,0.039735,0.077949,0.039735,0,0,0,0,0,0,0,1,0,0.0666,0,900.9
1230,12,485.5,485.53,17,2,432,1,0,0.0333,0,1801.8,0,0,1,0,0.0333,0,1801.8,0.081901,0.03296,0.081901,0.03296,0,0,0,0,0,0,0,1,0,0.0333,0,1801.8
1230,12,485.67,485.87,17,2,433,0,0,0,0,0,0,0,1,0,0.1999,0,300.15,0.10757,0.042725,0.11188,0.043296,0,0,0,0,0,0,0,1,0,0.1999,0,300.15
1230,12,487.17,487.4,10,2,434,0,1,0,0.2333,0,257.18,0,1,0,0.2333,0,257.18,0.096361,0.040975,0.096991,0.040924,0,0,0,0,0,0,0,1,0,0.11665,0,514.36
1230,12,487.73,488.37,23,2,435,0,0.8421,0,0.26665,0,189.48,0,1,0,0.6333,0,94.742,0.15126,0.05209,0.15609,0.053364,0,0,0,0,0,0,0,1,0,0.31665,0,189.48
1230,12,489.7,489.93,23,2,436,0.28561,0,0.066633,0,257.18,0,0,1,0,0.2333,0,257.18,0.12397,0.044181,0.12308,0.04313,0,0,0,0,0,0,0,2,0,0.2333,0,514.36
1230,12,490.23,490.3,22,2,437,0,1,0,0.0667,0,899.55,0,1,0,0.0667,0,899.55,0.074268,0.038989,0.074268,0.038989,0,0,0,0,0,0,1,1,0.0667,0.0667,899.55,899.55
1230,12,490.87,491.27,17,2,438,0,1,0,0.3999,0,150.04,0,1,0,0.3999,0,150.04,0.10303,0.046142,0.10482,0.045107,0,0,0,0,0,0,1,1,0.3999,0.3999,150.04,150.04
1230,12,491.4,491.63,23,2,439,1,0,0.2333,0,257.18,0,0,1,0,0.2333,0,257.18,0.10728,0.043812,0.10846,0.042924,0,0,0,0,0,0,0,1,0,0.2333,0,257.18
1230,12,492.23,492.73,23,2,440,1,0,0.5,0,120,0,0,0.86667,0,0.14444,0,360,0.10286,0.031574,0.10329,0.032528,0,0,0,0,0,0,0,0.99993,0,0.49997,0,120
1230,12,493.17,493.47,23,2,441,0,0.55552,0,0.1666,0,200.07,0,1,0,0.2999,0,200.07,0.11203,0.042441,0.11133,0.041817,0,0,0,0,0,0,0,1,0,0.2999,0,200.07
1230,12,494.07,494.3,23,2,442,0,1,0,0.2333,0,257.18,0,1,0,0.2333,0,257.18,0.11489,0.036276,0.11528,0.036105,0,0,0,0,0,0,0,1,0,0.2333,0,257.18
1230,12,498.93,499,20,2,443,0,1,0,0.0667,0,899.55,0,1,0,0.0667,0,899.55,0.12939,0.036147,0.12939,0.036147,0,0,0,0,0,0,0,0.9995,0,0.066667,0,899.55
1230,12,499.07,499.73,23,2,444,0,1,0,0.3333,0,180.02,0,1,0,0.6666,0,90.009,0.15969,0.036112,0.16038,0.0358,0,0,0,0,0,0,0,1.05,0,0.34995,0,180.02
1230,12,499.73,499.77,22,2,445,1,0,0.0333,0,1801.8,0,1,0,0.0333,0,1801.8,0,0.088379,0.032356,0.088379,0.032356,0,0,0,0,0,0,1,1,0.0333,0.0333,1801.8,1801.8
1230,12,499.87,499.93,24,2,446,0,1,0,0.0666,0,900.9,0,1,0,0.0666,0,900.9,0.084896,0.053757,0.084896,0.053757,0,1,0,0.0666,0,900.9,1,1,0.0666,0.0666,900.9,900.9
1230,12,500.03,500.23,24,2,447,0,1,0,0.2,0,300,0,1,0,0.2,0,300,0.085258,0.040576,0.086175,0.042814,0,1,0,0.2,0,300,1,1,0.2,0.2,300,300
1230,12,500.33,500.43,24,2,448,0,1,0,0.1,0,600,0,1,0,0.1,0,600,0.078648,0.036887,0.077604,0.035774,0,2,0,0.1,0,1200,0.667,1,0.0667,0.1,600,600
1230,12,501.3,501.57,22,2,449,0,1,0,0.2666,0,225.06,0,1,0,0.2666,0,225.06,0.077393,0.034247,0.077389,0.035094,0,2,0,0.2666,0,450.11,1,1,0.2666,0.2666,225.06,225.06
1230,12,501.83,501.87,8,2,450,1,0,0.0333,0,1801.8,0,1,0,0.0333,0,1801.8,0,0.1115,0.047344,0.1115,0.047344,0,2,0,0.0333,0,3603.6,0,1,0,0.0333,0,1801.8
1230,12,501.9,502.2,8,2,451,0.66667,0.11111,0.2,0.033333,200,200,1,0,0.3,0,200,0,0.13206,0.048161,0.13346,0.048975,0,2,0,0.3,0,400,0,1.4444,0,0.21667,0,400
1230,12,502.4,502.67,8,2,452,0,1,0,0.2666,0,225.06,1,0,0.2666,0,225.06,0,0.10929,0.048087,0.11058,0.049142,0,2,0,0.2666,0,450.11,0,2,0,0.2666,0,450.11
1230,12,503.77,503.83,23,2,453,0,0,0,0,0,0,0,1,0,0.0666,0,900.9,0.1187,0.046728,0.1187,0.046728,1,0,0.0666,0,900.9,0,0,1,0,0.0666,0,900.9
1230,12,503.9,504.2,23,2,454,0,1,0,0.3,0,200,0,1,0,0.3,0,200,0.14942,0.045255,0.14618,0.044916,0,0,0,0,200,0,0,1,0,0.3,0,200
1230,12,504.6,504.9,17,2,455,0,1,0,0.3,0,200,1,0,0.3,0,200,0,0.14839,0.039477,0.15026,0.038774,0,0,0,0,0,0,0,1,0,0.3,0,200
1230,12,506.3,506.33,8,2,456,0,1,0,0.0333,0,1801.8,0,1,0,0.0333,0,1801.8,0.094922,0.045785,0.094922,0.045785,0,0,0,0,0,0,0,1,0,0.0333,0,1801.8
1230,12,507.47,507.53,15,2,457,0,1,0,0.0666,0,900.9,0,1,0,0.0666,0,900.9,0.081787,0.039525,0.081787,0.039525,0,1,0,0.0666,0,900.9,0,1,0,0.0666,0,900.9
1230,12,507.57,507.6,15,2,458,0,1,0,0.0333,0,1801.8,0,1,0,0.0333,0,1801.8,0,0,0,0,0,1,0,0.0333,0,1801.8,0,2,0,0.0333,0,3603.6
1230,12,507.7,508.2,23,2,459,0,0,0,0,0,120,0,0.73333,0,0.18333,0,240,0.16232,0.04801,0.17115,0.047151,0,0.066667,0,0.033333,0,120,0,1.8,0,0.3,0,360
1230,12,508.67,509.27,3,2,460,0.94449,0,0.5666,0,100.02,0,1,0,0.5999,0,100.02,0,0.12416,0.037258,0.11601,0.037163,0,0.88887,0,0.26662,0,200.03,1,1,0.5999,0.29995,100.02,200.03
1230,12,509.27,509.3,2,2,461,0,1,0,0.0333,0,1801.8,0,1,0,0.0333,0,1801.8,0,0,0,0,0,1,0,0.0333,0,1801.8,0,2,0,0.0333,0,3603.6
1230,12,509.4,509.93,3,2,462,1,0,0.5333,0,112.51,0,0.87505,0.12495,0.46667,0.066633,112.51,112.51,0.21133,0.04294,0.22231,0.039697,0,1,0,0.5333,0,112.51,1,1,0.5333,0.5333,112.51,112.51
1230,12,510.2,510.33,3,2,463,1,0,0.1333,0,450.11,0,0,1,0,0.1333,0,450.11,0.14054,0.056113,0.13955,0.053172,0,1,0,0.1333,0,450.11,1,1,0.1333,0.1333,450.11,450.11
1230,12,510.33,511.07,22,2,464,0.90904,0.045502,0.6666,0.033367,81.822,81.822,1,0,0.7333,0,81.822,0,0.12057,0.036568,0.11952,0.033794,0,1,0,0.7333,0,81.822,0.86372,1,0.63337,0.7333,81.822,81.822
1230,12,511.47,511.53,3,2,465,0,1,0,0.0666,0,900.9,0,0.5,0,0.0333,0,900.9,0.12776,0.049796,0.12776,0.049796,0,1,0,0.0666,0,900.9,0,1,0,0.0666,0,900.9
1230,12,511.77,511.8,3,2,466,0,0,0,0,0,0,0,1,0,0.0333,0,1801.8,0,0,0,0,0,1,0,0.0333,0,1801.8,0,1,0,0.0333,0,1801.8
1230,12,511.8,512,22,2,467,0,0.33333,0,0.066667,0,300,0,1,0,0.2,0,300,0.11212,0.06002,0.11292,0.059769,0,1,0,0.2,0,300,0,1,0,0.2,0,300
1230,12,512.6,512.63,22,2,468,0,1,0,0.0333,0,1801.8,0,1,0,0.0333,0,1801.8,0.11261,0.052181,0.11261,0.052181,0,1,0,0.0333,0,1801.8,0,1,0,0.0333,0,1801.8
1230,12,512.77,512.87,22,2,469,0,0,0,0,0,0,0,1,0,0.0999,0,600.6,0.11122,0.050948,0.11122,0.050948,0,1,0,0.0999,0,600.6,0,1,0,0.0999,0,600.6
1230,12,513.07,513.27,3,2,470,0,0,0,0,0,0,0,1,0,0.1999,0,300.15,0.13222,0.053857,0.13227,0.054066,0,0.50008,0,0.099967,0,300.15,0,1,0,0.1999,0,300.15
1230,12,513.63,513.67,3,2,471,0,0,0,0,0,0,0,1,0,0.0333,0,1801.8,0.12979,0.064808,0.12979,0.064808,0,0,0,0,0,0,0,1,0,0.0333,0,1801.8
1230,12,513.8,513.83,3,2,472,0,0,0,0,0,0,0,1,0,0.0333,0,1801.8,0.15706,0.066258,0.15706,0.066258,0,0,0,0,0,0,0,1,0,0.0333,0,1801.8
1230,12,513.83,513.87,10,2,473,0,0,0,0,0,0,0,1,0,0.0333,0,1801.8,0.19227,0.084069,0.19227,0.084069,0,0,0,0,0,0,0,1,0,0.0333,0,1801.8
1230,12,514.47,514.53,3,2,474,0,1,0,0.0666,0,900.9,0,0.5,0,0.0333,0,900.9,0.11795,0.044597,0.11795,0.044597,0,0,0,0,0,0,0,1,0,0.0666,0,900.9
1230,12,515.7,516.3,3,2,475,0.72222,0.055556,0.43333,0.033333,100,100,0,1,0,0.6,0,100,0.12247,0.041348,0.12093,0.040803,0,0,0,0,0,0,0,1.0556,0,0.31667,0,200
1230,12,516.37,516.43,22,2,476,0,1,0,0.0666,0,900.9,0,1,0,0.0666,0,900.9,0.097917,0.036665,0.097917,0.036665,0,0,0,0,0,0,0,2,0,0.0666,0,1801.8
1230,12,521.4,522.03,3,2,477,1,0,0.6333,0,94.742,0,0,0,0,0,0,0,0.10089,0.043802,0.096823,0.042046,1,0,0.6333,0,94.742,0,0,1,0,0.6333,0,94.742
1230,12,522.17,522.83,3,2,478,0,0,0,0,0,0,0,0,0,0,0,0,0.12271,0.039616,0.13117,0.038963,1,0,0.6666,0,90.009,0,0,1,0,0.6666,0,90.009
1230,12,523.1,523.4,3,2,479,0,0.33333,0,0.1,0,200,0,0,0,0,0,0,0.11213,0.037409,0.11678,0.037471,0,0,0,0,0,0,0,1,0,0.3,0,200
1230,12,523.7,523.73,3,2,480,0,1,0,0.0333,0,1801.8,0,1,0,0.0333,0,1801.8,0.15258,0.049263,0.15258,0.049263,0,0,0,0,0,0,0,1,0,0.0333,0,1801.8
1230,12,525.23,525.43,3,2,481,0,1,0,0.2,0,300,0,0.50017,0,0.10003,0,300,0.10222,0.029122,0.10578,0.029334,0,0,0,0,0,0,0,1,0,0.2,0,300
1230,12,525.47,525.63,3,2,482,0,1,0,0.1666,0,360.14,0,1,0,0.1666,0,360.14,0.10944,0.028091,0.11062,0.028292,0,0,0,0,0,0,0,1,0,0.1666,0,360.14
1230,12,526.03,526.37,23,2,483,0,1,0,0.3333,0,180.02,0,1,0,0.3333,0,180.02,0.16193,0.047871,0.1638,0.048492,0,0,0,0,0,0,0,1,0,0.3333,0,180.02
1230,12,526.5,526.53,23,2,484,0,1,0,0.0333,0,1801.8,0,0,0,0,0,0,0.16538,0.050672,0.16538,0.050672,0,0,0,0,0,0,0,2,0,0.0333,0,3603.6
1230,12,526.57,526.7,23,2,485,0,1,0,0.1333,0,450.11,0,1,0,0.1333,0,450.11,0.20389,0.048966,0.19454,0.048332,0,0,0,0,0,0,0,2,0,0.1333,0,900.23
1230,12,526.7,526.87,17,2,486,0.20008,0,0.033333,0,360.14,0,0,1,0,0.1666,0,360.14,0.13049,0.04466,0.13146,0.042689,0,0,0,0,0,0,1,1,0.1666,0.1666,360.14,360.14
1230,12,526.93,527.7,3,2,487,0,0.86953,0,0.66667,0,78.257,1,0,0.7667,0,78.257,0,0.1476,0.042622,0.1573,0.042839,0,0,0,0,0,0,0,2,0,0.7667,0,156.51
1230,12,527.77,528.1,8,2,488,1,0,0.3333,0,180.02,0,0,1,0,0.3333,0,180.02,0.14928,0.04481,0.14549,0.044641,0,0,0,0,0,0,1,1,0.3333,0.3333,180.02,180.02
1230,12,528.57,528.6,3,2,489,0,1,0,0.0333,0,1801.8,0,1,0,0.0333,0,1801.8,0,0,0,0,0,0,0,0,0,0,0,1,0,0.0333,0,1801.8
1230,12,528.7,528.73,23,2,490,0,1,0,0.0333,0,1801.8,0,1,0,0.0333,0,1801.8,0.16702,0.050394,0.16702,0.050394,0,0,0,0,0,0,0,1,0,0.0333,0,1801.8
1230,12,528.8,529.03,3,2,491,0,1,0,0.2333,0,257.18,0,1,0,0.2333,0,257.18,0.11538,0.041138,0.11657,0.04058,0,0,0,0,0,0,0,1,0,0.2333,0,257.18
1230,12,530.2,530.23,22,2,492,1,0,0.0333,0,1801.8,0,1,0,0.0333,0,1801.8,0,0.20768,0.037828,0.20768,0.037828,0,1,0,0.0333,0,1801.8,1,1,0.0333,0.0333,1801.8,1801.8
1230,12,530.3,530.33,18,2,493,0,1,0,0.0333,0,1801.8,0,1,0,0.0333,0,1801.8,0.24781,0.062042,0.24781,0.062042,0,1,0,0.0333,0,1801.8,0,2,0,0.0333,0,3603.6
1230,12,530.33,530.5,22,2,494,1,0,0.1667,0,359.93,0,1,0,0.1667,0,359.93,0,0.20551,0.040516,0.20469,0.040411,0,1.9998,0,0.16668,0,719.86,1,1,0.1667,0.1667,359.93,359.93
1230,12,532.47,532.7,3,2,495,0,0,0,0,0,0,0,1,0,0.2333,0,257.18,0.13401,0.044701,0.14419,0.044502,0,0.14273,0,0.0333,0,257.18,0,1,0,0.2333,0,257.18
1230,12,532.7,533.3,23,2,496,0,0.5,0,0.3,0,100,0,1,0,0.6,0,100,0.1451,0.04202,0.14669,0.041619,0,0,0,0,0,0,0,1,0,0.6,0,100
1230,12,535.57,536.23,15,2,497,0,0.95005,0,0.6333,0,90.009,0,1,0,0.6666,0,90.009,0.11009,0.038324,0.11063,0.037258,0,1,0,0.6666,0,90.009,0,1,0,0.6666,0,90.009
1230,12,536.33,536.47,3,2,498,0,0,0,0,0,0,0.99975,0.00025006,0.13327,3.3333e-05,450.11,450.11,0.14056,0.046637,0.14218,0.046851,0,1,0,0.1333,0,450.11,0,1,0,0.1333,0,450.11
1230,12,536.57,536.77,3,2,499,0.16642,0,0.033267,0,300.15,0,1,0,0.1999,0,300.15,0,0.097958,0.047414,0.097839,0.04705,0,1,0,0.1999,0,300.15,0,1,0,0.1999,0,300.15
1230,12,537.43,537.57,23,2,500,0,1,0,0.1333,0,450.11,0,1,0,0.1333,0,450.11,0.12744,0.051637,0.12792,0.051684,0,1,0,0.1333,0,450.11,0,1,0,0.1333,0,450.11
1230,12,538.13,538.57,3,2,501,1,0,0.4333,0,138.47,0,1,0,0.4333,0,138.47,0,0.17017,0.055807,0.1724,0.056318,0.46142,1,0.19993,0.4333,138.47,138.47,0,1,0,0.4333,0,138.47
1230,12,538.73,538.87,3,2,502,1,0,0.1333,0,450.11,0,1,0,0.1333,0,450.11,0,0.16191,0.06202,0.162,0.061924,1,1,0.1333,0.1333,450.11,450.11,0,1,0,0.1333,0,450.11
1230,12,539.07,539.5,3,2,503,1,0,0.4333,0,138.47,0,1,0,0.4333,0,138.47,0,0.16941,0.060212,0.17331,0.060148,1,1,0.4333,0.4333,138.47,138.47,0,1,0,0.4333,0,138.47
1230,12,539.63,540.83,3,2,504,1,0,1.2,0,50,0,0.50003,0.49997,0.60003,0.59997,50,50,0.22932,0.052334,0.23056,0.051722,0.22225,1,0.2667,1.2,50,50,0,1,0,1.2,0,50
1230,12,540.87,540.97,3,2,505,1,0,0.0999,0,600.6,0,0,1,0,0.0999,0,600.6,0.13261,0.04305,0.13261,0.04305,0,1,0,0.0999,0,600.6,0,1,0,0.0999,0,600.6
1230,12,541.37,541.4,8,2,506,1,0,0.0333,0,1801.8,0,1,0,0.0333,0,1801.8,0,0,0,0,0,1,0,0.0333,0,1801.8,0,0,1,0,0.0333,0,1801.8
1230,12,541.43,541.83,3,2,507,0,1,0,0.4,0,150,0,1,0,0.4,0,150,0.1831,0.046606,0.18821,0.047128,0,1,0,0.4,0,150,0,1,0,0.4,0,150
1230,12,542.3,542.47,3,2,508,0,1,0,0.1666,0,360.14,0,1,0,0.1666,0,360.14,0.13474,0.050865,0.13604,0.051236,0,0.60024,0,0.1,0,360.14,0,1,0,0.1666,0,360.14
1230,12,542.7,542.73,8,2,509,0,0,0,0,0,0,1,0,0.0333,0,1801.8,0,0.13368,0.051686,0.13368,0.051686,0,0,0,0,0,0,1,1,0.0333,0.0333,1801.8,1801.8
1230,12,542.87,542.93,3,2,510,1,0,0.0666,0,900.9,0,0,1,0,0.0666,0,900.9,0.15223,0.041167,0.15223,0.041167,0,0,0,0,0,0,0,2,0,0.0666,0,1801.8
1230,12,542.93,543,23,2,511,0,1,0,0.0667,0,899.55,0,1,0,0.0667,0,899.55,0.18327,0.050882,0.18327,0.050882,0,0,0,0,0,0,0,2,0,0.0667,0,1799.1
1230,12,543,546.1,3,2,512,0.58065,0.35484,1.8,0.55,19.355,38.71,0.30108,0.67742,0.93333,1.05,19.355,38.71,0.13987,0.042934,0.13896,0.043879,0,0,0,0,0,0,0,1.6022,0,2.4833,0,38.71
1230,12,547.9,548.43,3,2,513,0,0.68748,0,0.18332,0,225.01,0,1,0,0.5333,0,112.51,0.14577,0.049296,0.14854,0.048862,0,0,0,0,0,112.51,0,1,0,0.5333,0,112.51
1230,12,548.53,550.57,3,2,514,0.14754,0.59016,0.3,0.59998,29.509,59.017,0,1,0,2.0333,0,29.509,0.18942,0.04715,0.19687,0.047244,0,1.4918,0,1.5166,0,59.017,0,1,0,2.0333,0,29.509
1230,12,551.27,551.3,15,2,515,0,1,0,0.0333,0,1801.8,0,1,0,0.0333,0,1801.8,0,0,0,0,0,2,0,0.0333,0,3603.6,0,1,0,0.0333,0,1801.8
1230,12,551.4,551.7,6,2,516,0,1,0,0.3,0,200,0,1,0,0.3,0,200,0.15485,0.044286,0.15823,0.044694,0,1.6667,0,0.25,0,400,0,1,0,0.3,0,200
1230,12,552.23,553.07,22,2,517,0,0.79999,0,0.33332,0,144.01,0,1,0,0.41665,0,144.01,0.14585,0.035788,0.13551,0.035426,1,0,0.8333,0,72.003,0,0,1,0,0.8333,0,72.003
1230,12,553.37,553.53,3,2,518,1,0,0.1666,0,360.14,0,1,0,0.1666,0,360.14,0,0.15433,0.053541,0.15469,0.052729,0,2,0,0.1666,0,720.29,0,1,0,0.1666,0,360.14
1230,12,554.6,554.63,15,2,519,0,0,0,0,0,0,0,0,0,0,0,0,0.092018,0.034902,0.092018,0.034902,0,2,0,0.0333,0,3603.6,0,1,0,0.0333,0,1801.8
1230,12,558.3,559.8,22,2,520,0.4,0.26667,0.6,0.2,40,80,0,1,0,0.75,0,80,0.139,0.036989,0.13375,0.036964,0.88889,0,1.3333,0,40,0,0,1,0,1.5,0,40
1230,12,559.87,559.93,24,2,521,0,0,0,0,0,0,0,1,0,0.0666,0,900.9,0.0929,0.039785,0.0929,0.039785,0,0,0,0,0,0,0,1,0,0.0666,0,900.9
1230,12,560,560.13,3,2,522,0,0,0,0,0,0,0,1,0,0.1333,0,450.11,0.11087,0.042807,0.1102,0.041969,0,0,0,0,0,0,0,2,0,0.1333,0,900.23
1230,12,560.87,561.37,3,2,523,0,0.93339,0,0.4666,0,120.02,0.39995,0.46669,0.19993,0.2333,120.02,120.02,0.1749,0.053159,0.17888,0.053874,0,0,0,0,0,0,0.53331,1,0.2666,0.4999,120.02,120.02
1230,12,561.37,561.57,23,2,524,0,1,0,0.1999,0,300.15,0,0.49975,0,0.04995,0,600.3,0.27504,0.049951,0.27396,0.049409,0,0,0,0,0,0,0,2,0,0.1999,0,600.3
1230,12,561.9,561.97,15,2,525,0,1,0,0.0666,0,900.9,0,1,0,0.0666,0,900.9,0.09625,0.045928,0.09625,0.045928,0,0,0,0,0,0,0,1,0,0.0666,0,900.9
1230,12,562,562.03,23,2,526,0,1,0,0.0333,0,1801.8,0,1,0,0.0333,0,1801.8,0.15415,0.048555,0.15415,0.048555,0,0,0,0,0,0,0,1,0,0.0333,0,1801.8
1230,12,562.07,563.47,23,2,527,0,0.92857,0,0.64995,0,85.72,0,1,0,1.3999,0,42.86,0.20043,0.05108,0.17546,0.051296,0,0,0,0,0,0,0,1.7381,0,0.60829,0,171.44
1230,12,563.5,563.9,23,2,528,0,1,0,0.4,0,150,0,1,0,0.2,0,300,0.14961,0.0495,0.15089,0.050231,0,0,0,0,0,0,0,2,0,0.26667,0,450
1230,12,563.9,564,8,2,529,0,1,0,0.1,0,600,0,1,0,0.1,0,600,0.088038,0.031272,0.089948,0.030863,0,0,0,0,0,0,1,1,0.1,0.1,600,600
1230,12,564.17,564.57,17,2,530,0.75002,0,0.29993,0,150.04,0,1,0,0.3999,0,150.04,0,0.091436,0.034691,0.091829,0.034547,0,0,0,0,0,0,0.083271,1.1667,0.0333,0.23328,150.04,300.08
1230,12,564.57,564.63,8,2,531,0,1,0,0.0666,0,900.9,0,1,0,0.0666,0,900.9,0.13394,0.04574,0.13394,0.04574,0,0,0,0,0,0,0,2,0,0.0666,0,1801.8
1230,12,564.7,564.8,17,2,532,1,0,0.1,0,600,0,1,0,0.1,0,600,0,0.11415,0.037074,0.11253,0.037458,0,0,0,0,0,0,1,1,0.1,0.1,600,600
1230,12,564.97,565.13,24,2,533,0,1,0,0.1666,0,360.14,0,1,0,0.1666,0,360.14,0.10713,0.039739,0.10897,0.039754,0,0,0,0,0,0,1,1,0.1666,0.1666,360.14,360.14
1230,12,565.37,565.43,17,2,534,0,0,0,0,0,0,1,0,0.0666,0,900.9,0,0.11623,0.045334,0.11623,0.045334,0,0,0,0,0,0,1,1,0.0666,0.0666,900.9,900.9
1230,12,573.07,578.13,23,2,535,0,0.81579,0,0.82665,0,59.211,0,0.84869,0,1.075,0,47.369,0.20373,0.041124,0.20838,0.040583,0,0,0,0,0,0,0,1.5,0,1.2667,0,71.054
1230,12,578.37,579.93,23,2,536,0,0.78722,0,0.61663,0,76.599,0,0.87236,0,1.3666,0,38.3,0.16584,0.038337,0.16286,0.038283,0,0,0,0,0,0,0,1,0,0.5222,0,114.9
1230,12,581.07,581.33,23,2,537,0,1,0,0.2666,0,225.06,0,1,0,0.2666,0,225.06,0.15587,0.038048,0.16,0.03643,0,0,0,0,0,0,0,1,0,0.2666,0,225.06
1230,12,581.37,581.57,23,2,538,0,0.33333,0,0.066633,0,300.15,0,1,0,0.1999,0,300.15,0.15187,0.040543,0.15076,0.040531,0,0,0,0,0,0,0,1,0,0.1999,0,300.15
1230,12,581.93,583.03,23,2,539,0,0,0,0,0,0,0,1,0,0.55,0,109.09,0.14122,0.038643,0.14255,0.038124,0,0,0,0,0,0,0,1,0,1.1,0,54.545
1230,12,583.07,583.97,23,2,540,0,0.5185,0,0.4666,0,66.674,0,1,0,0.8999,0,66.674,0.13866,0.042398,0.14299,0.042655,0,0,0,0,0,0,0,1,0,0.8999,0,66.674
1230,12,584.1,585.3,23,2,541,0,1,0,1.2,0,50,0,1,0,1.2,0,50,0.17154,0.039578,0.17035,0.039674,0,0.83333,0,1,0,50,0,1,0,1.2,0,50
1230,12,586.4,590.1,23,2,542,0,1,0,3.7,0,16.216,0,1,0,3.7,0,16.216,0.16371,0.042828,0.16443,0.043204,0,0.21622,0,0.4,0,32.432,0,1,0,3.7,0,16.216
1230,12,590.33,590.77,23,2,543,0,1,0,0.4333,0,138.47,0,1,0,0.4333,0,138.47,0.16594,0.040681,0.16203,0.039595,0,1,0,0.4333,0,138.47,0,1,0,0.4333,0,138.47
1230,12,590.93,590.97,17,2,544,0,1,0,0.0333,0,1801.8,0,1,0,0.0333,0,1801.8,0.065176,0.026274,0.065176,0.026274,0,1,0,0.0333,0,1801.8,0,1,0,0.0333,0,1801.8
1230,12,591.1,591.3,17,2,545,0,1,0,0.2,0,300,0,1,0,0.2,0,300,0.058997,0.023101,0.058005,0.022361,0,0.16667,0,0.033333,0,300,0,1,0,0.2,0,300
1230,12,591.6,591.67,22,2,546,0,1,0,0.0666,0,900.9,0,1,0,0.0666,0,900.9,0.077988,0.033371,0.077988,0.033371,0,0,0,0,0,0,0,1,0,0.0666,0,900.9
1230,12,622.77,625.23,23,2,547,0,0.85136,0,0.69999,0,72.975,0,0.79729,0,0.49165,0,97.3,0.21546,0.038384,0.21712,0.037166,0,0.41892,0,1.0333,0,24.325,0,1.3784,0,1.7,0,48.65
1230,12,625.27,625.3,10,2,548,0,1,0,0.0333,0,1801.8,0,1,0,0.0333,0,1801.8,0,0,0,0,0,0,0,0,0,0,0,2,0,0.0333,0,3603.6
1230,12,625.3,625.37,23,2,549,0,1,0,0.0666,0,900.9,0,1,0,0.0666,0,900.9,0.13843,0.029509,0.13843,0.029509,0,0,0,0,0,0,0,2,0,0.0666,0,1801.8
1230,12,625.4,625.47,19,2,550,1,0,0.0666,0,900.9,0,1,0,0.0666,0,900.9,0,0.11863,0.031681,0.11863,0.031681,0,0,0,0,0,0,1,1,0.0666,0.0666,900.9,900.9
1230,12,625.47,625.5,10,2,551,0,1,0,0.0333,0,1801.8,0,1,0,0.0333,0,1801.8,0,0,0,0,0,0,0,0,0,0,0,2,0,0.0333,0,3603.6
1230,12,625.57,625.97,23,2,552,0,1,0,0.3999,0,150.04,0,1,0,0.3999,0,150.04,0.17987,0.036319,0.18164,0.035331,0,0,0,0,0,0,0,2,0,0.3999,0,300.08
1230,12,625.97,626.13,19,2,553,1,0,0.1666,0,360.14,0,1,0,0.1666,0,360.14,0,0.1494,0.033526,0.15413,0.032224,0,0,0,0,0,0,1,1,0.1666,0.1666,360.14,360.14
1230,12,626.2,626.23,20,2,554,0,1,0,0.0333,0,1801.8,0,1,0,0.0333,0,1801.8,0.077594,0.021785,0.077594,0.021785,0,0,0,0,0,0,0,2,0,0.0333,0,3603.6
1230,12,626.27,626.67,23,2,555,0,1,0,0.3999,0,150.04,0,1,0,0.3999,0,150.04,0.17639,0.046428,0.17974,0.051437,0,0,0,0,0,0,0,2,0,0.3999,0,300.08
1230,12,626.7,626.73,20,2,556,0,1,0,0.0333,0,1801.8,0,1,0,0.0333,0,1801.8,0.11079,0.025178,0.11079,0.025178,0,0,0,0,0,0,0,2,0,0.0333,0,3603.6
1230,12,626.73,626.77,19,2,557,1,0,0.0333,0,1801.8,0,1,0,0.0333,0,1801.8,0,0.088571,0.026836,0.088571,0.026836,0,0,0,0,0,0,1,1,0.0333,0.0333,1801.8,1801.8
1230,12,626.77,626.8,20,2,558,0,1,0,0.0333,0,1801.8,0,1,0,0.0333,0,1801.8,0,0,0,0,0,0,0,0,0,0,0,2,0,0.0333,0,3603.6
1230,12,626.83,626.87,20,2,559,0,1,0,0.0333,0,1801.8,0,1,0,0.0333,0,1801.8,0.08026,0.024124,0.08026,0.024124,0,0,0,0,0,0,0,2,0,0.0333,0,3603.6
1230,12,626.87,627.23,23,2,560,0,1,0,0.3666,0,163.67,0,1,0,0.3666,0,163.67,0.17473,0.043048,0.17318,0.043253,0,0,0,0,0,0,0,2,0,0.3666,0,327.33
1230,12,627.27,627.3,20,2,561,0,1,0,0.0333,0,1801.8,0,1,0,0.0333,0,1801.8,0,0,0,0,0,0,0,0,0,0,0,2,0,0.0333,0,3603.6
1230,12,627.33,627.37,20,2,562,0,1,0,0.0333,0,1801.8,0,1,0,0.0333,0,1801.8,0.17622,0.035924,0.17622,0.035924,0,0,0,0,0,0,0,2,0,0.0333,0,3603.6
1230,12,627.43,627.47,20,2,563,0,1,0,0.0333,0,1801.8,0,1,0,0.0333,0,1801.8,0.19094,0.034389,0.19094,0.034389,0,0,0,0,0,0,0,2,0,0.0333,0,3603.6
1230,12,627.53,627.57,19,2,564,1,0,0.0333,0,1801.8,0,1,0,0.0333,0,1801.8,0,0.12601,0.039307,0.12601,0.039307,0,0,0,0,0,0,0.001001,1,3.3333e-05,0.0333,1801.8,1801.8
1230,12,627.6,627.63,19,2,565,1,0,0.0333,0,1801.8,0,1,0,0.0333,0,1801.8,0,0.17244,0.033442,0.17244,0.033442,0,0,0,0,0,0,0,1,0,0.0333,0,1801.8
1230,12,627.8,628.97,19,2,566,1,0,1.1666,0,51.432,0,0.65718,0.34282,0.76667,0.39993,51.432,51.432,0.16726,0.039004,0.16649,0.038435,0,0,0,0,0,0,0,1.6,0,0.9333,0,102.86
1230,12,629.03,630.23,19,2,567,0.13892,0.77775,0.1667,0.9333,50,50,0,1,0,1.2,0,50,0.15716,0.038678,0.15952,0.03891,0,0,0,0,0,0,0,1,0,1.2,0,50
1230,12,630.23,630.3,23,2,568,0,1,0,0.0667,0,899.55,0,1,0,0.0667,0,899.55,0.094849,0.027826,0.094849,0.027826,0,0,0,0,0,0,0,1,0,0.0667,0,899.55
1230,12,630.37,630.8,23,2,569,0,1,0,0.4333,0,138.47,0,1,0,0.4333,0,138.47,0.10217,0.033243,0.10415,0.033733,0,0,0,0,0,0,0,1,0,0.4333,0,138.47
1230,12,631.47,631.5,23,2,570,0,1,0,0.0333,0,1801.8,0,1,0,0.0333,0,1801.8,0,0,0,0,0,0,0,0,0,0,0,2,0,0.0333,0,3603.6
1230,12,631.53,631.6,23,2,571,0,1,0,0.0667,0,899.55,0,1,0,0.0667,0,899.55,0.10665,0.035709,0.10665,0.035709,0,0,0,0,0,0,0,2,0,0.0667,0,1799.1
1230,12,631.6,633,19,2,572,0.30952,0.5,0.43333,0.35,42.857,85.714,0,1,0,1.4,0,42.857,0.14593,0.035493,0.16017,0.035635,0,0,0,0,0,0,0,2,0,1.4,0,85.714
1230,12,633.07,633.13,19,2,573,0,1,0,0.0666,0,900.9,0,1,0,0.0666,0,900.9,0.078529,0.031518,0.078529,0.031518,0,0,0,0,0,0,0,2,0,0.0666,0,1801.8
1230,12,633.17,633.33,19,2,574,0,1,0,0.1666,0,360.14,0,1,0,0.1666,0,360.14,0.079557,0.032334,0.079281,0.031999,0,0,0,0,0,0,0,2,0,0.1666,0,720.29
1230,12,633.37,633.4,23,2,575,0,1,0,0.0333,0,1801.8,0,1,0,0.0333,0,1801.8,0,0,0,0,0,0,0,0,0,0,0,2,0,0.0333,0,3603.6
1230,12,633.43,633.7,23,2,576,0,1,0,0.2667,0,224.97,0,1,0,0.2667,0,224.97,0.10613,0.033262,0.10692,0.031865,0,0,0,0,0,0,0,2,0,0.2667,0,449.94
1230,12,633.73,633.8,23,2,577,0,1,0,0.0667,0,899.55,0,1,0,0.0667,0,899.55,0.097661,0.033363,0.097661,0.033363,0,0,0,0,0,0,0,2,0,0.0667,0,1799.1
1230,12,633.83,634.13,23,2,578,0,1,0,0.3,0,200,0,1,0,0.3,0,200,0.12147,0.037266,0.11813,0.037332,0,0,0,0,0,0,0,2,0,0.3,0,400
1230,12,634.27,634.47,19,2,579,0,1,0,0.1999,0,300.15,0,1,0,0.1999,0,300.15,0.079528,0.030339,0.081185,0.03117,0,0,0,0,0,0,0,2,0,0.1999,0,600.3
1230,12,634.5,634.53,19,2,580,0,1,0,0.0333,0,1801.8,0,1,0,0.0333,0,1801.8,0.076816,0.024882,0.076816,0.024882,0,0,0,0,0,0,0,2,0,0.0333,0,3603.6
1230,12,634.57,634.6,19,2,581,0,1,0,0.0333,0,1801.8,0,1,0,0.0333,0,1801.8,0,0,0,0,0,0,0,0,0,0,0,2,0,0.0333,0,3603.6
1230,12,634.73,634.8,19,2,582,0,1,0,0.0667,0,899.55,0,1,0,0.0667,0,899.55,0.09229,0.033519,0.09229,0.033519,0,0,0,0,0,0,0,2,0,0.0667,0,1799.1
1230,12,634.93,635.17,19,2,583,0,1,0,0.2333,0,257.18,0,1,0,0.2333,0,257.18,0.10692,0.031044,0.10664,0.030634,0,0,0,0,0,0,0,2,0,0.2333,0,514.36
1230,12,635.2,635.23,19,2,584,0,1,0,0.0333,0,1801.8,0,1,0,0.0333,0,1801.8,0.10242,0.033224,0.10242,0.033224,0,0,0,0,0,0,0,2,0,0.0333,0,3603.6
1230,12,635.3,635.67,19,2,585,0,1,0,0.3666,0,163.67,0,1,0,0.3666,0,163.67,0.10197,0.02946,0.10175,0.028957,0,0,0,0,0,0,0,2,0,0.3666,0,327.33
1230,12,635.93,636.17,19,2,586,0,1,0,0.2333,0,257.18,0,1,0,0.2333,0,257.18,0.11027,0.033854,0.11146,0.034497,0,0,0,0,0,0,0,2,0,0.2333,0,514.36
1230,12,636.2,636.23,23,2,587,0,1,0,0.0333,0,1801.8,0,1,0,0.0333,0,1801.8,0.17754,0.048694,0.17754,0.048694,0,0,0,0,0,0,0,2,0,0.0333,0,3603.6
1230,12,636.23,636.27,19,2,588,0,1,0,0.0333,0,1801.8,0,1,0,0.0333,0,1801.8,0.11578,0.039945,0.11578,0.039945,0,0,0,0,0,0,0,2,0,0.0333,0,3603.6
1230,12,636.3,636.33,19,2,589,0,1,0,0.0333,0,1801.8,0,1,0,0.0333,0,1801.8,0.11735,0.039549,0.11735,0.039549,0,0,0,0,0,0,0,2,0,0.0333,0,3603.6
1230,12,636.8,637.13,23,2,590,0,1,0,0.3333,0,180.02,0,1,0,0.3333,0,180.02,0.12516,0.035281,0.1264,0.035338,0,0,0,0,0,0,0,2,0,0.3333,0,360.04
1230,12,637.2,637.23,19,2,591,0,1,0,0.0333,0,1801.8,0,1,0,0.0333,0,1801.8,0.09875,0.034459,0.09875,0.034459,0,0,0,0,0,0,0,2,0,0.0333,0,3603.6
1230,12,637.27,637.3,19,2,592,0,1,0,0.0333,0,1801.8,0,1,0,0.0333,0,1801.8,0,0,0,0,0,0,0,0,0,0,0,2,0,0.0333,0,3603.6
1230,12,637.4,637.43,19,2,593,0,1,0,0.0333,0,1801.8,0,1,0,0.0333,0,1801.8,0.091035,0.034087,0.091035,0.034087,0,0,0,0,0,0,0,2,0,0.0333,0,3603.6
1230,12,637.87,638.17,23,2,594,0,1,0,0.2999,0,200.07,0,0.22207,0,0.0666,0,200.07,0.13391,0.03785,0.13698,0.037556,0,0,0,0,0,0,0,2,0,0.2999,0,400.13
1230,12,638.2,638.23,23,2,595,0,1,0,0.0333,0,1801.8,0,1,0,0.0333,0,1801.8,0.11489,0.037193,0.11489,0.037193,0,0,0,0,0,0,0,2,0,0.0333,0,3603.6
1230,12,638.27,638.37,23,2,596,0,1,0,0.0999,0,600.6,0,1,0,0.0999,0,600.6,0.14741,0.040941,0.14741,0.040941,0,0,0,0,0,0,0,2,0,0.0999,0,1201.2
1230,12,638.4,638.57,19,2,597,0,0.40016,0,0.066667,0,360.14,1,0,0.1666,0,360.14,0,0.090927,0.033934,0.089811,0.033966,0,0,0,0,0,0,0,1,0,0.0833,0,720.29
1230,12,638.67,638.8,19,2,598,0,0,0,0,0,0,1,0,0.1333,0,450.11,0,0.11853,0.039102,0.12068,0.039531,0,0,0,0,0,0,0,1,0,0.1333,0,450.11
1230,12,638.83,639.07,19,2,599,0,0,0,0,0,0,1,0,0.2333,0,257.18,0,0.13887,0.044431,0.13119,0.040401,0,0,0,0,0,0,0,1,0,0.2333,0,257.18
1230,12,639.13,641.07,19,2,600,0.60342,0,0.5833,0,62.07,0,1,0,1.9333,0,31.035,0,0.17191,0.04384,0.17056,0.045208,0,0,0,0,0,0,0,1,0,1.9333,0,31.035
1230,12,641.07,641.1,23,2,601,0,1,0,0.0333,0,1801.8,0,1,0,0.0333,0,1801.8,0,0,0,0,0,0,0,0,0,0,0,1,0,0.0333,0,1801.8
1230,12,641.13,641.17,19,2,602,1,0,0.0333,0,1801.8,0,1,0,0.0333,0,1801.8,0,0.14494,0.057038,0.14494,0.057038,0,0,0,0,0,0,0,1,0,0.0333,0,1801.8
1230,12,641.2,641.3,19,2,603,1,0,0.1,0,600,0,1,0,0.1,0,600,0,0.14546,0.06391,0.14273,0.064495,0,0,0,0,0,0,0,1,0,0.1,0,600
1230,12,641.33,641.37,19,2,604,1,0,0.0333,0,1801.8,0,1,0,0.0333,0,1801.8,0,0.14056,0.046439,0.14056,0.046439,0,0,0,0,0,0,0,1,0,0.0333,0,1801.8
1230,12,642,642.03,23,2,605,0,0,0,0,0,0,0,1,0,0.0333,0,1801.8,0.15698,0.063704,0.15698,0.063704,0,0,0,0,0,0,0,1,0,0.0333,0,1801.8
1230,12,642.97,643,23,2,606,0,1,0,0.0333,0,1801.8,0,1,0,0.0333,0,1801.8,0,0,0,0,0,0,0,0,0,0,0,1,0,0.0333,0,1801.8
1230,12,643.03,643.2,23,2,607,0,1,0,0.1667,0,359.93,0,1,0,0.1667,0,359.93,0.10109,0.039407,0.10342,0.039564,0,0,0,0,0,0,0,1,0,0.1667,0,359.93
1230,12,643.37,643.4,23,2,608,0,1,0,0.0333,0,1801.8,0,1,0,0.0333,0,1801.8,0,0,0,0,0,0,0,0,0,0,0,1,0,0.0333,0,1801.8
1230,12,643.63,643.73,19,2,609,0,0,0,0,0,0,0,0,0,0,0,0,0.12275,0.038565,0.12345,0.039379,0,0,0,0,0,0,0,1,0,0.1,0,600
1230,12,643.97,644.9,19,2,610,0,1,0,0.9333,0,64.288,0,0.64288,0,0.6,0,64.288,0.13803,0.038604,0.13863,0.038149,0,0,0,0,0,0,0,1,0,0.9333,0,64.288
1230,12,644.9,644.93,23,2,611,0,1,0,0.0333,0,1801.8,0,1,0,0.0333,0,1801.8,0.19444,0.057464,0.19444,0.057464,0,0,0,0,0,0,0,1,0,0.0333,0,1801.8
1230,12,644.93,645.37,19,2,612,0,1,0,0.4333,0,138.47,0,1,0,0.4333,0,138.47,0.13774,0.039351,0.13078,0.038329,0,0,0,0,0,0,0,1,0,0.4333,0,138.47
1230,12,645.37,645.4,23,2,613,0,1,0,0.0333,0,1801.8,0,1,0,0.0333,0,1801.8,0,0,0,0,0,0,0,0,0,0,0,1,0,0.0333,0,1801.8
1230,12,645.4,647.17,19,2,614,0.11317,0.83022,0.19993,1.4667,33.964,33.964,0.18865,0.75475,0.33327,1.3333,33.964,33.964,0.15066,0.039475,0.14983,0.038772,0,0,0,0,0,0,0,1,0,1.7666,0,33.964
1230,12,647.17,647.33,23,2,615,0,1,0,0.1666,0,360.14,0,1,0,0.1666,0,360.14,0.21192,0.053001,0.21402,0.050994,0,0,0,0,0,0,0,1,0,0.1666,0,360.14
1230,12,647.33,648.6,19,2,616,0.31581,0.49999,0.40003,0.63333,47.367,47.367,0.42107,0.47367,0.53337,0.6,47.367,47.367,0.14156,0.039288,0.13952,0.040355,0,0,0,0,0,0,0,1.1842,0,0.75002,0,94.734
1230,12,648.67,648.77,19,2,617,0,1,0,0.0999,0,600.6,0,1,0,0.0999,0,600.6,0.12207,0.032221,0.12207,0.032221,0,0,0,0,0,0,0,1,0,0.0999,0,600.6
1230,12,648.77,648.8,23,2,618,0,1,0,0.0333,0,1801.8,0,1,0,0.0333,0,1801.8,0,0,0,0,0,0,0,0,0,0,0,1,0,0.0333,0,1801.8
1230,12,648.9,649.37,19,2,619,0,1,0,0.4666,0,128.59,0,1,0,0.4666,0,128.59,0.12444,0.035462,0.11252,0.034872,0,0,0,0,0,0,1,1,0.4666,0.4666,128.59,128.59
1230,12,649.6,649.63,13,2,620,1,0,0.0333,0,1801.8,0,1,0,0.0333,0,1801.8,0,0.09875,0.031951,0.09875,0.031951,0,0,0,0,0,0,1,1,0.0333,0.0333,1801.8,1801.8
1230,12,650.13,650.17,20,2,621,0,1,0,0.0333,0,1801.8,0,1,0,0.0333,0,1801.8,0.18792,0.032291,0.18792,0.032291,0,0,0,0,0,0,0,1,0,0.0333,0,1801.8
1230,12,652.9,653.83,23,2,622,0,1,0,0.9333,0,64.288,0,0.82146,0,0.76667,0,64.288,0.20676,0.035298,0.21531,0.034732,0,0,0,0,0,0,0,1,0,0.9333,0,64.288
1230,12,654.23,655.47,23,2,623,0,0.97303,0,1.2,0,48.65,0,0.91892,0,0.56665,0,97.3,0.21663,0.041244,0.2241,0.040768,0,0,0,0,0,0,0,0.99997,0,1.2333,0,48.65
1230,12,655.9,656.73,23,2,624,0.040002,0.75999,0.033333,0.6333,72.003,72.003,0,0.79999,0,0.33332,0,144.01,0.22527,0.050722,0.22676,0.051594,0,0,0,0,0,0,0,1,0,0.8333,0,72.003
1230,12,657.17,659.4,23,2,625,0,0.97015,0,1.0833,0,53.732,0,1,0,1.1166,0,53.732,0.21803,0.047348,0.21373,0.04707,0,0,0,0,0,0,0,1.5373,0,1.7166,0,53.732
1230,12,659.87,661.33,23,2,626,0,0.97727,0,0.71663,0,81.822,0,0.95457,0,1.4,0,40.911,0.23929,0.045455,0.2451,0.045482,0,0,0,0,0,0,0,1,0,1.4666,0,40.911
1231,12,30,30.533,23,1,1,0,0,0,0,0,0,0,0.87499,0,0.23332,0,225.01,0.09946,0.022137,0.10122,0.022769,0,2,0,0.5333,0,225.01,0,2,0,0.5333,0,225.01
1231,12,30.533,30.567,15,1,2,0,0,0,0,0,0,1,0,0.0333,0,1801.8,0,0.17122,0.029849,0.17122,0.029849,2,0,0.0333,0,3603.6,0,0,2,0,0.0333,0,3603.6
1231,12,30.6,30.733,23,1,3,0,0,0,0,0,0,0,1,0,0.1333,0,450.11,0.086218,0.023154,0.085889,0.022965,0,2,0,0.1333,0,900.23,0,2,0,0.1333,0,900.23
1231,12,31.067,31.233,23,1,4,0,1,0,0.1666,0,360.14,0,0,0,0,0,0,0.10561,0.031529,0.10592,0.031742,0,2,0,0.1666,0,720.29,0,2,0,0.1666,0,720.29
1231,12,31.267,31.6,23,1,5,0,1,0,0.3333,0,180.02,0,0,0,0,0,0,0.12553,0.033594,0.12661,0.034179,0,2,0,0.3333,0,360.04,0,2,0,0.3333,0,360.04
1231,12,31.833,31.867,10,1,6,0,0,0,0,0,0,0,0,0,0,0,0,0.069831,0.025717,0.069831,0.025717,0,1,0,0.0333,0,1801.8,0,2,0,0.0333,0,3603.6
1231,12,32.433,32.533,23,1,7,0,0.00033333,0,3.3333e-05,0,600,0,1,0,0.1,0,600,0.12088,0.03635,0.11984,0.036031,0,2,0,0.1,0,1200,0,2,0,0.1,0,1200
1231,12,32.533,33.133,15,1,8,0,0.99994,0,0.59997,0,100,0.38894,0,0.23337,0,100,0,0.20296,0.047562,0.20888,0.047519,2,0,0.6,0,200,0,0,2,0,0.6,0,200
1231,12,33.233,33.9,23,1,9,1,0,0.6667,0,89.996,0,0.65002,0,0.43337,0,89.996,0,0.13239,0.037497,0.13393,0.03629,0,2,0,0.6667,0,179.99,0,2,0,0.6667,0,179.99
1231,12,34.033,36,15,1,10,0.40677,0.45764,0.8,0.90003,30.508,30.508,0.50847,0,1,0,30.508,0,0.27031,0.040251,0.26929,0.04151,1.7797,0,1.1667,0,91.524,0,0,2,0,1.9667,0,61.016
1231,12,37.967,39.267,15,1,11,1,0,1.2999,0,46.157,0,0.41021,0,0.26662,0,92.315,0,0.42975,0.029601,0.40185,0.029771,1.3333,0,0.86658,0,92.315,0,0,2,0,1.2999,0,92.315
1231,12,39.3,40.267,23,1,12,0.068901,0.48279,0.0666,0.46667,62.073,62.073,0,0.96558,0,0.93333,0,62.073,0.1005,0.028793,0.096751,0.028855,0,2,0,0.9666,0,124.15,0,2,0,0.9666,0,124.15
1231,12,40.267,40.333,15,1,13,0,1,0,0.0666,0,900.9,0,0,0,0,0,0,0.19055,0.043287,0.19055,0.043287,2,0,0.0666,0,1801.8,0,0,2,0,0.0666,0,1801.8
1231,12,40.333,41.133,23,1,14,1,0,0.8,0,75,0,0,0.041625,0,0.0333,0,75,0.13432,0.032333,0.13276,0.031698,0,2,0,0.8,0,150,0,2,0,0.8,0,150
1231,12,41.2,41.6,15,1,15,0,0.91667,0,0.36667,0,150,0,0.91667,0,0.36667,0,150,0.26104,0.048547,0.25495,0.048705,1.4167,0,0.28333,0,300,0,0,2,0,0.4,0,300
1231,12,41.8,41.833,15,1,16,1,0,0.0333,0,1801.8,0,1,0,0.0333,0,1801.8,0,0.23843,0.057336,0.23843,0.057336,1,0,0.0333,0,1801.8,0,0,2,0,0.0333,0,3603.6
1231,12,41.933,42.1,15,1,17,1,0,0.1667,0,359.93,0,1,0,0.1667,0,359.93,0,0.25567,0.09655,0.25635,0.096346,1,0,0.1667,0,359.93,0,0,2,0,0.1667,0,719.86
1231,12,43.1,43.367,23,1,18,0,1,0,0.2666,0,225.06,0,0.75019,0,0.2,0,225.06,0.18127,0.054505,0.18115,0.056198,0,0,0,0,0,0,0,2,0,0.2666,0,450.11
1231,12,43.733,43.767,23,1,19,0,1,0,0.0333,0,1801.8,0,0,0,0,0,0,0.12546,0.035155,0.12546,0.035155,0,0,0,0,0,0,0,2,0,0.0333,0,3603.6
1231,12,44.067,45,23,1,20,0,1,0,0.9333,0,64.288,0,0.4643,0,0.43333,0,64.288,0.1462,0.037633,0.14622,0.035892,0,0,0,0,0,0,0,2,0,0.9333,0,128.58
1231,12,45.267,45.5,23,1,21,0,1,0,0.2333,0,257.18,0,0.57151,0,0.13333,0,257.18,0.13284,0.043632,0.13227,0.043542,0,0,0,0,0,0,0,1.2856,0,0.14997,0,514.36
1231,12,45.567,46.2,23,1,22,0,0.73683,0,0.46663,0,94.742,0,1,0,0.6333,0,94.742,0.15554,0.040428,0.157,0.039565,0,0,0,0,0,0,0,1.6316,0,0.51665,0,189.48
1231,12,47.033,47.133,20,1,23,0,0.00033333,0,3.3333e-05,0,600,0,1,0,0.1,0,600,0.091673,0.034448,0.091289,0.035129,0,0,0,0,0,0,0,1,0,0.1,0,600
1231,12,47.167,47.2,20,1,24,0,0,0,0,0,0,0,1,0,0.0333,0,1801.8,0,0,0,0,0,0,0,0,0,0,0,1,0,0.0333,0,1801.8
1231,12,47.5,47.833,20,1,25,0,1,0,0.3333,0,180.02,0,1,0,0.3333,0,180.02,0.094568,0.038943,0.094147,0.038919,0,0,0,0,0,0,0,1,0,0.3333,0,180.02
1231,12,63.233,63.967,5,1,26,0,0.68189,0,0.50003,0,81.822,0,0.90909,0,0.33332,0,163.64,0.18428,0.06407,0.18092,0.061382,0,1.7272,0,0.63328,0,163.64,0,0.99995,0,0.73327,0,81.822
1231,12,66,66.067,23,1,27,0,1,0,0.0666,0,900.9,0,1,0,0.0666,0,900.9,0.13825,0.038423,0.13825,0.038423,0,2,0,0.0666,0,1801.8,0,1,0,0.0666,0,900.9
1231,12,75.7,75.733,20,1,28,0,1,0,0.0333,0,1801.8,0,1,0,0.0333,0,1801.8,0.083646,0.034442,0.083646,0.034442,0,2,0,0.0333,0,3603.6,0,1,0,0.0333,0,1801.8
1231,12,77.867,78.233,10,1,29,0,1,0,0.3666,0,163.67,0,0,0,0,0,0,0.08002,0.026485,0.079813,0.027199,0,1,0,0.3666,0,163.67,0,2,0,0.3666,0,327.33
1231,12,79.967,80.033,10,1,30,0,1,0,0.0666,0,900.9,0,0,0,0,0,0,0.064818,0.025341,0.064818,0.025341,0,2,0,0.0666,0,1801.8,0,2,0,0.0666,0,1801.8
1231,12,80.6,81.067,23,1,31,0,0.49993,0,0.23327,0,128.59,0,1,0,0.4666,0,128.59,0.13008,0.041142,0.1315,0.040159,0,2,0,0.4666,0,257.18,0,1.7858,0,0.41663,0,257.18
1231,12,81.367,81.767,23,1,32,0,1,0,0.3999,0,150.04,0,1,0,0.3999,0,150.04,0.13405,0.043709,0.13151,0.044115,0,2,0,0.3999,0,300.08,0,2,0,0.3999,0,300.08
1231,12,82.133,82.467,21,1,33,0.79988,0,0.2666,0,180.02,0,1,0,0.3333,0,180.02,0,0.1335,0.045672,0.13134,0.044537,0,2,0,0.3333,0,360.04,1,1,0.3333,0.3333,180.02,180.02
1231,12,82.533,82.9,21,1,34,1,0,0.3667,0,163.62,0,1,0,0.3667,0,163.62,0,0.12269,0.034677,0.12035,0.033677,0,1,0,0.3667,0,163.62,1,1,0.3667,0.3667,163.62,163.62
1231,12,83,83.4,21,1,35,1,0,0.4,0,150,0,1,0,0.4,0,150,0,0.11425,0.028218,0.12358,0.028112,0,1,0,0.4,0,150,1,1,0.4,0.4,150,150
1231,12,84.267,84.4,21,1,36,1,0,0.1333,0,450.11,0,0,0,0,0,0,0,0.09671,0.024969,0.096875,0.025,1,1,0.1333,0.1333,450.11,450.11,1,1,0.1333,0.1333,450.11,450.11
1231,12,84.6,84.633,21,1,37,1,0,0.0333,0,1801.8,0,0,0,0,0,0,0,0.092139,0.023307,0.092139,0.023307,1,1,0.0333,0.0333,1801.8,1801.8,1,1,0.0333,0.0333,1801.8,1801.8
1231,12,85.233,86.6,21,1,38,1,0,1.3667,0,43.901,0,0.21953,0,0.15002,0,87.803,0,0.1041,0.0236,0.10383,0.023271,0.63416,1,0.43335,1.3667,87.803,43.901,1,1,1.3667,1.3667,43.901,43.901
1231,12,87.1,88.667,21,1,39,1,0,1.5666,0,38.3,0,0.42551,0.46811,0.3333,0.73333,76.599,38.3,0.20908,0.034807,0.21693,0.033171,1,1,1.5666,1.5666,38.3,38.3,0.063833,1.3404,0.1,1.0499,38.3,76.599
1231,12,88.8,89.333,23,1,40,0,0.56254,0,0.3,0,112.51,0,1,0,0.5333,0,112.51,0.12039,0.043754,0.12086,0.044,0,2,0,0.5333,0,225.01,0,2,0,0.5333,0,225.01
1231,12,89.367,89.633,21,1,41,0,0.62503,0,0.16663,0,225.06,1,0,0.2666,0,225.06,0,0.22901,0.041655,0.23667,0.040668,1,1,0.2666,0.2666,225.06,225.06,0,2,0,0.2666,0,450.11
1231,12,89.7,89.767,11,1,42,1,0,0.0666,0,900.9,0,0,1,0,0.0666,0,900.9,0.15718,0.053736,0.15718,0.053736,0,2,0,0.0666,0,1801.8,1,1,0.0666,0.0666,900.9,900.9
1231,12,89.833,89.933,11,1,43,1,0,0.1,0,600,0,0,1,0,0.1,0,600,0.16958,0.049384,0.17147,0.050661,0,2,0,0.1,0,1200,1,1,0.1,0.1,600,600
1231,12,90.2,90.233,11,1,44,1,0,0.0333,0,1801.8,0,0,1,0,0.0333,0,1801.8,0.18097,0.04489,0.18097,0.04489,0,2,0,0.0333,0,3603.6,1,1,0.0333,0.0333,1801.8,1801.8
1231,12,90.233,90.6,23,1,45,0,1,0,0.3667,0,163.62,0,1,0,0.3667,0,163.62,0.13078,0.035608,0.13046,0.035167,0,2,0,0.3667,0,327.24,0,2,0,0.3667,0,327.24
1231,12,90.7,90.733,11,1,46,1,0,0.0333,0,1801.8,0,0,1,0,0.0333,0,1801.8,0.1623,0.048703,0.1623,0.048703,0,2,0,0.0333,0,3603.6,1,1,0.0333,0.0333,1801.8,1801.8
1231,12,90.833,91.233,21,1,47,0,1,0,0.4,0,150,0.50008,0.24992,0.20003,0.099967,150,150,0.18845,0.044015,0.18766,0.043888,1,0.083417,0.4,0.033367,150,150,0,2,0,0.4,0,300
1231,12,91.233,91.267,11,1,48,1,0,0.0333,0,1801.8,0,0,1,0,0.0333,0,1801.8,0.21004,0.054191,0.21004,0.054191,0,1,0,0.0333,0,1801.8,1,1,0.0333,0.0333,1801.8,1801.8
1231,12,91.3,91.367,21,1,49,0,1,0,0.0666,0,900.9,0,1,0,0.0666,0,900.9,0.17454,0.043798,0.17454,0.043798,1,0,0.0666,0,900.9,0,0,2,0,0.0666,0,1801.8
1231,12,91.9,91.933,11,1,50,1,0,0.0333,0,1801.8,0,0,1,0,0.0333,0,1801.8,0.14809,0.043139,0.14809,0.043139,1,0,0.0333,0,1801.8,0,1,1,0.0333,0.0333,1801.8,1801.8
1231,12,91.967,92.333,11,1,51,0.45454,0,0.16663,0,163.67,0,0,1,0,0.3666,0,163.67,0.16902,0.043414,0.17498,0.043138,1,0,0.3666,0,163.67,0,0.81824,1,0.29997,0.3666,163.67,163.67
1231,12,92.467,92.5,21,1,52,0,0,0,0,0,0,0,1,0,0.0333,0,1801.8,0,0,0,0,1,1,0.0333,0.0333,1801.8,1801.8,0,1,0,0.0333,0,1801.8
1231,12,92.7,92.833,23,1,53,0,1,0,0.1333,0,450.11,0,0.50013,0,0.066667,0,450.11,0.1154,0.044819,0.11508,0.04506,0,2,0,0.1333,0,900.23,0,1,0,0.1333,0,450.11
1231,12,92.867,92.9,21,1,54,0,0,0,0,0,0,0,0,0,0,0,0,0,0,0,0,1,1,0.0333,0.0333,1801.8,1801.8,0,1,0,0.0333,0,1801.8
1231,12,92.967,93.067,21,1,55,0,1,0,0.0999,0,600.6,0,1,0,0.0999,0,600.6,0.11653,0.043072,0.11653,0.043072,1,1,0.0999,0.0999,600.6,600.6,0,1,0,0.0999,0,600.6
1231,12,93.133,93.167,21,1,56,0,1,0,0.0333,0,1801.8,0,1,0,0.0333,0,1801.8,0.13972,0.047176,0.13972,0.047176,0,1,0,0.0333,0,1801.8,0,1,0,0.0333,0,1801.8
1231,12,93.633,93.8,21,1,57,0,1,0,0.1667,0,359.93,0,1,0,0.1667,0,359.93,0.1545,0.046968,0.16056,0.046632,1,1,0.1667,0.1667,359.93,359.93,0,2,0,0.1667,0,719.86
1231,12,94.067,94.233,23,1,58,0,1,0,0.1666,0,360.14,0,1,0,0.1666,0,360.14,0.13208,0.039586,0.13228,0.039498,0,1.1999,0,0.09995,0,720.29,0,2,0,0.1666,0,720.29
1231,12,94.533,94.733,23,1,59,0,1,0,0.2,0,300,0,1,0,0.2,0,300,0.12351,0.03432,0.12661,0.034578,0,1,0,0.2,0,300,0,2,0,0.2,0,600
1231,12,95.167,95.367,23,1,60,0,1,0,0.1999,0,300.15,0,1,0,0.1999,0,300.15,0.12317,0.039752,0.12362,0.039676,0,2,0,0.1999,0,600.3,0,2,0,0.1999,0,600.3
1231,12,95.8,100.73,20,1,61,1,0,4.9333,0,12.162,0,0.66217,0.21621,3.2667,0.35554,12.162,36.487,0.22854,0.038808,0.20624,0.039371,1.6689,0.25676,4.1166,1.2667,24.324,12.162,0,1.8919,0,4.6666,0,24.324
1231,12,100.73,100.8,16,1,62,0,1,0,0.0667,0,899.55,0,1,0,0.0667,0,899.55,0.18281,0.049526,0.18281,0.049526,0,2,0,0.0667,0,1799.1,0,1.4998,0,0.050017,0,1799.1
1231,12,100.87,103.57,20,1,63,0.9136,0,2.4666,0,22.223,0,0,0.97531,0,1.3166,0,44.446,0.25247,0.04092,0.26478,0.040972,1.7778,0,1.5999,0,66.669,0,0,1.6049,0,0.72219,0,133.34
1231,12,120.2,120.37,20,1,64,0,0,0,0,0,0,0,1,0,0.1666,0,360.14,0.1449,0.044912,0.14531,0.044873,1,0,0.1666,0,360.14,0,0,1,0,0.0833,0,720.29
1231,12,120.67,120.7,23,1,65,0,1,0,0.0333,0,1801.8,0,1,0,0.0333,0,1801.8,0,0,0,0,0,2,0,0.0333,0,3603.6,0,1,0,0.0333,0,1801.8
1231,12,121.8,122.13,22,1,66,1,0,0.3333,0,180.02,0,1,0,0.3333,0,180.02,0,0.13617,0.056754,0.13908,0.058661,0,1.5001,0,0.24998,0,360.04,1,1,0.3333,0.3333,180.02,180.02
1231,12,122.33,122.43,22,1,67,1,0,0.1,0,600,0,1,0,0.1,0,600,0,0.13359,0.068425,0.13398,0.069118,0,1,0,0.1,0,600,1,1,0.1,0.1,600,600
1231,12,122.6,123.1,22,1,68,1,0,0.5,0,120,0,1,0,0.5,0,120,0,0.14406,0.063054,0.14767,0.062647,0.66667,1,0.33333,0.5,120,120,1,1,0.5,0.5,120,120
1231,12,124.77,124.8,22,1,69,1,0,0.0333,0,1801.8,0,0,0,0,0,0,0,0,0,0,0,1,1,0.0333,0.0333,1801.8,1801.8,1,1,0.0333,0.0333,1801.8,1801.8
1231,12,126.1,126.27,23,1,70,0,1,0,0.1666,0,360.14,0,0.60024,0,0.1,0,360.14,0.1066,0.043878,0.10658,0.044752,0,2,0,0.1666,0,720.29,0,2,0,0.1666,0,720.29
1231,12,126.93,126.97,3,1,71,0,0,0,0,0,0,0,0,0,0,0,0,0.095104,0.043481,0.095104,0.043481,0,1,0,0.0333,0,1801.8,0,2,0,0.0333,0,3603.6
1231,12,127,127.03,3,1,72,0,0,0,0,0,0,0,1,0,0.0333,0,1801.8,0.1114,0.043876,0.1114,0.043876,0,1,0,0.0333,0,1801.8,0,2,0,0.0333,0,3603.6
1231,12,127.77,128.27,23,1,73,0,1,0,0.4999,0,120.02,0,0.73328,0,0.18328,0,240.05,0.12294,0.055055,0.12379,0.055407,0,2,0,0.4999,0,240.05,0,2,0,0.4999,0,240.05
1231,12,129.33,129.87,23,1,74,0,1,0,0.5333,0,112.51,0,0.87493,0,0.4666,0,112.51,0.11924,0.036667,0.11703,0.036227,0,2,0,0.5333,0,225.01,0,1.5624,0,0.41662,0,225.01
1231,12,130,130.17,23,1,75,0,1,0,0.1666,0,360.14,0,0.20008,0,0.033333,0,360.14,0.11741,0.037901,0.11762,0.037133,0,2,0,0.1666,0,720.29,0,1.3998,0,0.1166,0,720.29
1231,12,130.2,130.4,23,1,76,0,1,0,0.2,0,300,0,0,0,0,0,0,0.12319,0.043952,0.12334,0.042599,0,2,0,0.2,0,600,0,2,0,0.2,0,600
1231,12,131.9,131.97,23,1,77,0,1,0,0.0666,0,900.9,0,1,0,0.0666,0,900.9,0.12825,0.044046,0.12825,0.044046,0,1,0,0.0666,0,900.9,0,1,0,0.0666,0,900.9
1231,12,133.27,134.33,10,1,78,0.78127,0,0.8333,0,56.254,0,0,0.90624,0,0.4833,0,112.51,0.21585,0.046735,0.20578,0.046489,1,1,1.0666,1.0666,56.254,56.254,0.12498,1.4063,0.1333,0.74997,56.254,112.51
1231,12,134.63,134.73,23,1,79,0,1,0,0.1,0,600,0,1,0,0.1,0,600,0.13319,0.041216,0.13342,0.039726,0,2,0,0.1,0,1200,0,1,0,0.1,0,600
1231,12,135,136.23,23,1,80,0,0.89189,0,0.36666,0,145.95,0,1,0,1.2333,0,48.65,0.1428,0.046958,0.14466,0.049651,0,2,0,1.2333,0,97.3,0,1,0,1.2333,0,48.65
1231,12,136.6,136.87,14,1,81,0,0.75019,0,0.2,0,225.06,0,0.62491,0,0.1666,0,225.06,0.14538,0.059646,0.14536,0.06064,0,2,0,0.2666,0,450.11,1,1,0.2666,0.2666,225.06,225.06
1231,12,137.2,137.27,23,1,82,0,0,0,0,0,0,0,0.5005,0,0.033333,0,900.9,0.11935,0.042018,0.11935,0.042018,0,2,0,0.0666,0,1801.8,0,2,0,0.0666,0,1801.8
1231,12,137.33,137.43,14,1,83,0.66633,0,0.066633,0,600,0,0,0,0,0,0,0,0.14061,0.03902,0.14456,0.039245,0,2,0,0.1,0,1200,1,1,0.1,0.1,600,600
1231,12,137.5,137.63,14,1,84,1,0,0.1333,0,450.11,0,0,0,0,0,0,0,0.11586,0.039866,0.11637,0.040054,0,2,0,0.1333,0,900.23,1,1,0.1333,0.1333,450.11,450.11
1231,12,138.57,138.8,14,1,85,0,1,0,0.2333,0,257.18,0,0.85712,0,0.099983,0,514.36,0.15581,0.053314,0.15553,0.051719,0,2,0,0.2333,0,514.36,1,1,0.2333,0.2333,257.18,257.18
1231,12,138.9,139.07,23,1,86,0,1,0,0.1666,0,360.14,0,0.39976,0,0.0333,0,720.29,0.11354,0.044589,0.11612,0.044092,0,2,0,0.1666,0,720.29,0,2,0,0.1666,0,720.29
1231,12,195.93,196.27,3,1,87,0,0,0,0,0,0,0,1,0,0.3333,0,180.02,0.085846,0.027468,0.084591,0.027377,2,0,0.3333,0,360.04,0,0,0.9999,0,0.33327,0,180.02
1231,12,196.53,196.93,23,1,88,0,1,0,0.4,0,150,0,1,0,0.4,0,150,0.1102,0.03658,0.10749,0.036485,0,2,0,0.4,0,300,0,1,0,0.4,0,150
1231,12,197.27,197.5,23,1,89,0,1,0,0.2333,0,257.18,0,1,0,0.2333,0,257.18,0.10637,0.036774,0.10684,0.036913,0,2,0,0.2333,0,514.36,0,1,0,0.2333,0,257.18
1231,12,366.57,366.6,23,2,90,0,1,0,0.0333,0,1801.8,0,0,0,0,0,0,0,0,0,0,0,2,0,0.0333,0,3603.6,0,2,0,0.0333,0,3603.6
1231,12,366.67,366.7,23,2,91,0,1,0,0.0333,0,1801.8,0,0,0,0,0,0,0,0,0,0,0,2,0,0.0333,0,3603.6,0,2,0,0.0333,0,3603.6
1231,12,366.83,368.27,3,2,92,0.65118,0.02321,0.93333,0.033267,41.861,41.861,0,0.51164,0,0.73333,0,41.861,0.28676,0.065008,0.28074,0.062751,0.20926,1.5349,0.29993,1.1,41.861,83.723,0,2,0,1.4333,0,83.723
1231,12,368.33,368.8,3,2,93,0,0.78573,0,0.18335,0,257.12,0,0.49996,0,0.23333,0,128.56,0.13811,0.061452,0.13922,0.061327,1,1,0.4667,0.4667,128.56,128.56,0,2,0,0.4667,0,257.12
1231,12,369.13,369.17,6,2,94,0,1,0,0.0333,0,1801.8,0,1,0,0.0333,0,1801.8,0.098437,0.06609,0.098437,0.06609,0,2,0,0.0333,0,3603.6,0,1,0,0.0333,0,1801.8
1231,12,369.87,370.07,22,2,95,0,0.50008,0,0.099967,0,300.15,0,1,0,0.1999,0,300.15,0.11474,0.052102,0.11408,0.048717,0,1,0,0.1999,0,300.15,0,2,0,0.1999,0,600.3
1231,12,370.17,370.33,3,2,96,0,0.39996,0,0.066633,0,360.14,0,1,0,0.1666,0,360.14,0.16731,0.068027,0.1673,0.06819,1,1,0.1666,0.1666,360.14,360.14,0,2,0,0.1666,0,720.29
1231,12,370.7,371,23,2,97,0,0.11111,0,0.016667,0,400,0,1,0,0.3,0,200,0.12774,0.042949,0.13079,0.041951,0,2,0,0.3,0,400,0,1,0,0.15,0,400
1231,12,372.27,372.53,23,2,98,0,1,0,0.2666,0,225.06,0,1,0,0.2666,0,225.06,0.095756,0.025899,0.096302,0.025604,0,2,0,0.2666,0,450.11,0,1,0,0.2666,0,225.06
1231,12,373.3,374.07,3,2,99,0,0.86955,0,0.6666,0,78.268,0,0.82607,0,0.31663,0,156.54,0.18753,0.062939,0.19177,0.062677,0.34786,0.043395,0.26667,0.033267,78.268,78.268,0,1,0,0.7666,0,78.268
1231,12,374.13,374.27,17,2,100,1,0,0.1333,0,450.11,0,0,1,0,0.1333,0,450.11,0.1608,0.075849,0.16095,0.076039,1,0,0.1333,0,450.11,0,0,1,0,0.1333,0,450.11
1231,12,374.57,375.23,17,2,101,1,0,0.6666,0,90.009,0,1,0,0.6666,0,90.009,0,0.17573,0.072477,0.17608,0.074506,2,0,0.6666,0,180.02,0,0,1,0,0.6666,0,90.009
1231,12,375.27,375.4,17,2,102,1,0,0.1333,0,450.11,0,1,0,0.1333,0,450.11,0,0.17668,0.09055,0.17769,0.083078,2,0,0.1333,0,900.23,0,0,1,0,0.1333,0,450.11
1231,12,396.13,396.17,18,2,103,0,0,0,0,0,0,0,0,0,0,0,0,0.061839,0.022143,0.061839,0.022143,0,0,0,0,0,0,0,2,0,0.0333,0,3603.6
1231,12,396.2,397.03,3,2,104,0,0.39998,0,0.3333,0,72.003,0,0.51998,0,0.4333,0,72.003,0.24029,0.067946,0.24722,0.072211,0.15997,0,0.1333,0,72.003,0,0,2,0,0.8333,0,144.01
1231,12,397.03,397.07,22,2,105,1,0,0.0333,0,1801.8,0,0,1,0,0.0333,0,1801.8,0.10475,0.061873,0.10475,0.061873,0,1,0,0.0333,0,1801.8,0,2,0,0.0333,0,3603.6
1231,12,397.07,397.37,3,2,106,0,0.55563,0,0.16663,0,200.07,0,1,0,0.2999,0,200.07,0.21474,0.07533,0.21814,0.073864,1,0,0.2999,0,200.07,0,0,2,0,0.2999,0,400.13
1231,12,397.43,397.87,21,2,107,0.61543,0.076775,0.26667,0.033267,138.47,138.47,0,1,0,0.4333,0,138.47,0.15705,0.059817,0.15826,0.057837,0.76914,1,0.33327,0.4333,138.47,138.47,0,2,0,0.4333,0,276.94
1231,12,397.97,398.63,21,2,108,0,1,0,0.6666,0,90.009,0,1,0,0.6666,0,90.009,0.14041,0.061761,0.14063,0.059819,1,1,0.6666,0.6666,90.009,90.009,0,1.3999,0,0.31107,0,270.03
1231,12,399.27,399.5,21,2,109,0,1,0,0.2333,0,257.18,0,1,0,0.2333,0,257.18,0.12379,0.061769,0.12396,0.061421,0,1.8573,0,0.21665,0,514.36,0,2,0,0.2333,0,514.36
1231,12,400.57,402.23,11,2,110,0.96002,0,1.6,0,36.001,0,0.60002,0.25997,1,0.21663,36.001,72.003,0.19912,0.062062,0.20175,0.065494,1.64,0.17999,1.3666,0.29997,72.003,36.001,0,1.6,0,1.3333,0,72.003
1231,12,402.27,402.47,3,2,111,0,0.49992,0,0.099933,0,300.15,0,1,0,0.1999,0,300.15,0.17032,0.05653,0.17162,0.056198,0,2,0,0.1999,0,600.3,0,1,0,0.1999,0,300.15
1231,12,404.47,405.47,3,2,112,0,0.70007,0,0.35,0,120.01,0,1,0,0.9999,0,60.006,0.16622,0.051347,0.16561,0.050767,0,1.7,0,0.84992,0,120.01,0,2,0,0.9999,0,120.01
1231,12,405.57,405.6,23,2,113,0,1,0,0.0333,0,1801.8,0,1,0,0.0333,0,1801.8,0,0,0,0,0,1,0,0.0333,0,1801.8,0,2,0,0.0333,0,3603.6
1231,12,418.77,418.97,3,2,114,0,1,0,0.1999,0,300.15,0,0,0,0,0,0,0.14114,0.075924,0.14248,0.076353,1,1,0.1999,0.1999,300.15,300.15,0,1,0,0.1999,0,300.15
1231,12,419.27,420.57,6,2,115,0.89748,0,1.1666,0,46.157,0,1,0,1.2999,0,46.157,0,0.23187,0.060097,0.236,0.062863,1.4102,0.025617,0.61106,0.0333,138.47,46.157,0,1.4872,0,0.96658,0,92.315
1231,12,420.6,420.9,3,2,116,0,0.77778,0,0.23333,0,200,0,1,0,0.3,0,200,0.15043,0.0426,0.14889,0.043282,0,2,0,0.3,0,400,0,2,0,0.3,0,400
1231,12,421.4,421.97,23,2,117,0,1,0,0.5666,0,105.89,0,1,0,0.5666,0,105.89,0.13144,0.041074,0.13203,0.039847,0,1.5883,0,0.44997,0,211.79,0,2,0,0.5666,0,211.79
1231,12,423.9,423.93,18,2,118,0,0,0,0,0,0,0,1,0,0.0333,0,1801.8,0.06695,0.019729,0.06695,0.019729,0,0,0,0,0,0,1,1,0.0333,0.0333,1801.8,1801.8
1231,12,423.97,424.47,18,2,119,0,0,0,0,0,0,0,0.6668,0,0.33333,0,120.02,0.079575,0.020889,0.079388,0.020811,0,0,0,0,0,0,0.53337,1,0.26663,0.4999,120.02,120.02
1231,12,426.13,426.17,10,2,120,0,0,0,0,0,0,0,1,0,0.0333,0,1801.8,0.072301,0.027319,0.072301,0.027319,0,0,0,0,0,0,0,1,0,0.0333,0,1801.8
1231,12,426.17,426.73,3,2,121,0,0.58825,0,0.3333,0,105.89,0,1,0,0.5666,0,105.89,0.14317,0.035107,0.15271,0.036783,0,0,0,0,0,0,0,1.7059,0,0.48328,0,211.79
1231,12,426.93,427.27,23,2,122,0,1,0,0.3333,0,180.02,0,0.20012,0,0.0667,0,180.02,0.11457,0.035266,0.11251,0.034537,0,0,0,0,0,0,0,2,0,0.3333,0,360.04
1231,12,427.37,427.4,18,2,123,0,1,0,0.0333,0,1801.8,0,0,0,0,0,0,0,0,0,0,0,0,0,0,0,0,0,2,0,0.0333,0,3603.6
1231,12,428.03,428.07,15,2,124,1,0,0.0333,0,1801.8,0,0,0,0,0,0,0,0.11057,0.026552,0.11057,0.026552,0,0,0,0,0,0,1,1,0.0333,0.0333,1801.8,1801.8
1231,12,428.13,431.8,15,2,125,1,0,3.6667,0,16.363,0,0.61818,0,2.2667,0,16.363,0,0.34441,0.023412,0.337,0.024294,1.0273,0,0.94167,0,65.454,0,0.92727,1,3.4,1.8333,16.363,32.727
1231,12,432.07,432.4,23,2,126,0,1,0,0.3333,0,180.02,0,0.59996,0,0.19997,0,180.02,0.065627,0.024699,0.065508,0.0243,0,1.9,0,0.21109,0,540.05,0,2,0,0.3333,0,360.04
1231,12,432.5,433.03,23,2,127,0,1,0,0.5333,0,112.51,0,0,0,0,0,0,0.090895,0.022343,0.09258,0.022493,0,2,0,0.5333,0,225.01,0,2,0,0.5333,0,225.01
1231,12,433.03,433.27,15,2,128,1,0,0.2333,0,257.18,0,0,0,0,0,0,0,0.22643,0.039287,0.20175,0.038891,1.2859,0,0.15,0,514.36,0,0,2,0,0.2333,0,514.36
1231,12,433.27,433.4,23,2,129,0,1,0,0.1333,0,450.11,0,0,0,0,0,0,0.11463,0.031292,0.11505,0.030864,0,0,0,0,0,0,0,2,0,0.1333,0,900.23
1231,12,433.5,434.6,3,2,130,0,0.75758,0,0.41667,0,109.09,0,0.57576,0,0.63333,0,54.545,0.20514,0.036451,0.20177,0.03662,0.69697,0.60606,0.76667,0.66667,54.545,54.545,0,2,0,1.1,0,109.09
1231,12,435,435.17,23,2,131,0,0.40016,0,0.066667,0,360.14,0,0,0,0,0,0,0.10674,0.027135,0.10783,0.026717,0,1.4002,0,0.11663,0,720.29,0,2,0,0.1666,0,720.29
1231,12,435.37,435.4,18,2,132,0,0,0,0,0,0,0,0,0,0,0,0,0,0,0,0,0,1,0,0.0333,0,1801.8,0,2,0,0.0333,0,3603.6
1231,12,436.33,438.9,15,2,133,0.54545,0,1.4,0,23.376,0,0.37662,0,0.96667,0,23.376,0,0.59023,0.035003,0.62909,0.037054,1.9221,0,2.4667,0,46.753,0,0,2,0,2.5667,0,46.753
1231,12,439.8,439.83,23,2,134,0,0,0,0,0,0,0,1,0,0.0333,0,1801.8,0.12491,0.02273,0.12491,0.02273,0,0,0,0,0,0,0,2,0,0.0333,0,3603.6
1231,12,439.83,441.27,3,2,135,0,0.90695,0,1.2999,0,41.861,0.30233,0.53487,0.43333,0.38332,41.861,83.723,0.18832,0.041169,0.20276,0.040865,0,0,0,0,0,0,0,1.9768,0,1.4167,0,83.723
1231,12,441.33,442.8,23,2,136,0,1,0,1.4667,0,40.908,0,0.49999,0,0.36667,0,81.816,0.1882,0.042033,0.19497,0.04086,0,0.77271,0,1.1333,0,40.908,0,1.75,0,0.85557,0,122.72
1231,12,442.9,442.93,23,2,137,0,1,0,0.0333,0,1801.8,0,1,0,0.0333,0,1801.8,0.14388,0.042373,0.14388,0.042373,0,1,0,0.0333,0,1801.8,0,2,0,0.0333,0,3603.6
1231,12,442.97,443.13,23,2,138,0,1,0,0.1666,0,360.14,0,1,0,0.1666,0,360.14,0.16571,0.053419,0.16734,0.055872,0,2,0,0.1666,0,720.29,0,2,0,0.1666,0,720.29
1231,12,443.17,443.23,23,2,139,0,1,0,0.0666,0,900.9,0,1,0,0.0666,0,900.9,0.17135,0.056274,0.17135,0.056274,0,2,0,0.0666,0,1801.8,0,2,0,0.0666,0,1801.8
1231,12,443.27,443.63,23,2,140,0,1,0,0.3666,0,163.67,0,0.81824,0,0.29997,0,163.67,0.16061,0.054158,0.15886,0.053657,0,2,0,0.3666,0,327.33,0,2,0,0.3666,0,327.33
1231,12,443.83,444.17,23,2,141,0,0.89989,0,0.29993,0,180.02,0,0,0,0,0,0,0.13634,0.040907,0.13711,0.038996,0,2,0,0.3333,0,360.04,0,2,0,0.3333,0,360.04
1231,12,444.27,445.13,23,2,142,0,1,0,0.8666,0,69.236,0,1,0,0.8666,0,69.236,0.13056,0.033409,0.13216,0.035442,0,2,0,0.8666,0,138.47,0,2,0,0.8666,0,138.47
1231,12,445.53,445.87,23,2,143,0,1,0,0.3333,0,180.02,0,0.90019,0,0.30003,0,180.02,0.1209,0.021771,0.12049,0.021957,0,1.4999,0,0.16664,0,540.05,0,2,0,0.3333,0,360.04
1231,12,445.9,446,23,2,144,0,1,0,0.1,0,600,0,0.66667,0,0.066667,0,600,0.09437,0.026456,0.094492,0.026722,0,1.6667,0,0.083333,0,1200,0,2,0,0.1,0,1200
1231,12,446.03,446.07,23,2,145,0,1,0,0.0333,0,1801.8,0,1,0,0.0333,0,1801.8,0.089121,0.026453,0.089121,0.026453,0,1,0,0.0333,0,1801.8,0,2,0,0.0333,0,3603.6
1231,12,446.1,446.83,23,2,146,0,1,0,0.7333,0,81.822,0,1,0,0.7333,0,81.822,0.12787,0.031704,0.13459,0.032399,0,1.8182,0,0.66663,0,163.64,0,2,0,0.7333,0,163.64
1231,12,447,448.07,24,2,147,1,0,1.0666,0,56.254,0,0.78124,0,0.83327,0,56.254,0,0.14261,0.037614,0.1471,0.038023,1,1,1.0666,1.0666,56.254,56.254,0.50003,1,0.53333,1.0666,56.254,56.254
1231,12,448.43,448.87,24,2,148,0.8463,0,0.3667,0,138.47,0,0.46165,0.23063,0.20003,0.099933,138.47,138.47,0.12939,0.040686,0.13209,0.040876,1,1,0.4333,0.4333,138.47,138.47,0,1,0,0.4333,0,138.47
1231,12,448.97,449.83,3,2,149,0,0.5,0,0.4333,0,69.236,0,0.5,0,0.21665,0,138.47,0.18832,0.049451,0.19466,0.050783,0,1.9616,0,0.84995,0,138.47,0,1,0,0.8666,0,69.236
1231,12,449.83,449.9,24,2,150,0,1,0,0.0667,0,899.55,0,0.9995,0,0.066667,0,899.55,0.21911,0.060254,0.21911,0.060254,1,0,0.0667,0,899.55,0,0,1,0,0.0667,0,899.55
1231,12,449.9,450.53,3,2,151,0,0.89473,0,0.28332,0,189.48,0,1,0,0.6333,0,94.742,0.16863,0.044181,0.17181,0.043332,0,1,0,0.6333,0,94.742,0,1,0,0.6333,0,94.742
1231,12,450.57,450.77,24,2,152,1,0,0.1999,0,300.15,0,0,0.33317,0,0.0666,0,300.15,0.18108,0.049727,0.18717,0.049762,1,0,0.1999,0,300.15,0,0,1,0,0.1999,0,300.15
1231,12,450.93,451.13,3,2,153,0,0,0,0,0,0,0,1,0,0.2,0,300,0.15997,0.056613,0.16016,0.055169,0,1.6667,0,0.16667,0,600,0,1,0,0.2,0,300
1231,12,451.33,451.37,3,2,154,0,1,0,0.0333,0,1801.8,0,1,0,0.0333,0,1801.8,0.19779,0.094205,0.19779,0.094205,0,1,0,0.0333,0,1801.8,0,1,0,0.0333,0,1801.8
1231,12,451.6,452.37,17,2,155,0.17393,0.69563,0.13333,0.53327,78.268,78.268,0,1,0,0.7666,0,78.268,0.17703,0.069396,0.17898,0.069787,1,1,0.7666,0.7666,78.268,78.268,0,1.0869,0,0.4166,0,156.54
1231,12,452.57,453.1,3,2,156,0.62498,0,0.3333,0,112.51,0,0,0.93756,0,0.5,0,112.51,0.26811,0.063675,0.28459,0.062415,0,2,0,0.5333,0,225.01,0,2,0,0.5333,0,225.01
1231,12,453.2,453.33,23,2,157,0,1,0,0.1333,0,450.11,0,1,0,0.1333,0,450.11,0.14562,0.050975,0.14509,0.049666,0,1,0,0.1333,0,450.11,0,2,0,0.1333,0,900.23
1231,12,453.4,453.77,3,2,158,0,1,0,0.3666,0,163.67,0,1,0,0.3666,0,163.67,0.17495,0.043251,0.17435,0.041074,0,1.5454,0,0.28327,0,327.33,0,2,0,0.3666,0,327.33
1231,12,453.77,453.8,6,2,159,0,1,0,0.0333,0,1801.8,0,1,0,0.0333,0,1801.8,0,0,0,0,0,2,0,0.0333,0,3603.6,1,1,0.0333,0.0333,1801.8,1801.8
1231,12,453.8,453.83,8,2,160,1,0,0.0333,0,1801.8,0,1,0,0.0333,0,1801.8,0,0.27176,0.063349,0.27176,0.063349,0,2,0,0.0333,0,3603.6,1,1,0.0333,0.0333,1801.8,1801.8
1231,12,453.87,454.07,8,2,161,1,0,0.1999,0,300.15,0,1,0,0.1999,0,300.15,0,0.17811,0.040493,0.17976,0.040279,0,2,0,0.1999,0,600.3,1,1,0.1999,0.1999,300.15,300.15
1231,12,454.17,454.3,23,2,162,0,1,0,0.1333,0,450.11,0,1,0,0.1333,0,450.11,0.11859,0.036534,0.11902,0.036377,0,1,0,0.1333,0,450.11,0,2,0,0.1333,0,900.23
1231,12,454.5,454.57,8,2,163,1,0,0.0666,0,900.9,0,1,0,0.0666,0,900.9,0,0.11116,0.033178,0.11116,0.033178,0,1,0,0.0666,0,900.9,1,1,0.0666,0.0666,900.9,900.9
1231,12,454.6,456.17,8,2,164,1,0,1.5666,0,38.3,0,1,0,1.5666,0,38.3,0,0.18682,0.033297,0.18583,0.0348,0.91489,0.93621,1.4333,1.4667,38.3,38.3,0.91493,1,1.4333,1.5666,38.3,38.3
1231,12,457,457.03,8,2,165,1,0,0.0333,0,1801.8,0,1,0,0.0333,0,1801.8,0,0.26333,0.028075,0.26333,0.028075,2,0,0.0333,0,3603.6,0,0,1,0,0.0333,0,1801.8
1231,12,457.53,457.57,7,2,166,0,1,0,0.0333,0,1801.8,0,1,0,0.0333,0,1801.8,0.21245,0.026077,0.21245,0.026077,0,2,0,0.0333,0,3603.6,0,2,0,0.0333,0,3603.6
1231,12,457.6,458.07,8,2,167,1,0,0.4666,0,128.59,0,1,0,0.4666,0,128.59,0,0.19865,0.026021,0.19067,0.026085,2,0,0.4666,0,257.18,0,1,1,0.4666,0.4666,128.59,128.59
1231,12,458.13,458.5,3,2,168,0,1,0,0.3667,0,163.62,0,0.7273,0,0.2667,0,163.62,0.072918,0.028727,0.071865,0.028656,0,2,0,0.3667,0,327.24,0,2,0,0.3667,0,327.24
1231,12,458.5,459,6,2,169,0,1,0,0.5,0,120,0,0,0,0,0,120,0.24123,0.041471,0.24985,0.040706,0,2,0,0.5,0,240,1,1,0.5,0.5,120,120
1231,12,459.03,459.17,8,2,170,1,0,0.1333,0,450.11,0,1,0,0.1333,0,450.11,0,0.26006,0.041478,0.26228,0.041767,2,0,0.1333,0,900.23,0,1,1,0.1333,0.1333,450.11,450.11
1231,12,459.57,460,6,2,171,0,1,0,0.4333,0,138.47,0,1,0,0.4333,0,138.47,0.25904,0.035649,0.25152,0.03568,0,2,0,0.4333,0,276.94,1,1,0.4333,0.4333,138.47,138.47
1231,12,460.1,460.4,3,2,172,0,0.44444,0,0.13333,0,200,0,0.44444,0,0.13333,0,200,0.11829,0.032043,0.11942,0.03234,0,2,0,0.3,0,400,0,1,0,0.3,0,200
1231,12,460.43,463.4,3,2,173,0,0.5618,0,0.55557,0,60.673,0,0.68539,0,0.50833,0,80.898,0.21798,0.05033,0.22202,0.049612,0,1.6741,0,1.6556,0,60.673,0,1.3371,0,0.99167,0,80.898
1231,12,463.6,464,3,2,174,0,1,0,0.4,0,150,0,0.83333,0,0.33333,0,150,0.15797,0.044866,0.15801,0.044805,0,1.25,0,0.25,0,300,0,2,0,0.2,0,600
1231,12,464.27,464.77,23,2,175,0,1,0,0.4999,0,120.02,0,0,0,0,0,0,0.13618,0.038282,0.13048,0.038245,0,2,0,0.4999,0,240.05,0,1.2666,0,0.31658,0,240.05
1231,12,464.87,465.9,3,2,176,0,0.77422,0,0.8,0,58.066,0,0.61289,0,0.31665,0,116.13,0.25736,0.058005,0.25465,0.058344,0,1.6774,0,0.86663,0,116.13,0,1.5806,0,0.40832,0,232.27
1231,12,465.97,466.4,22,2,177,1,0,0.4333,0,138.47,0,0.61543,0,0.26667,0,138.47,0,0.17649,0.047947,0.17792,0.045672,1.0769,0,0.23332,0,276.94,0,0,2,0,0.28887,0,415.42
1231,12,466.4,466.63,23,2,178,0,0.57151,0,0.13333,0,257.18,0,1,0,0.2333,0,257.18,0.095996,0.025654,0.099053,0.025628,0,2,0,0.2333,0,514.36,0,2,0,0.2333,0,514.36
1231,12,466.7,467.77,21,2,179,0,0.43746,0,0.4666,0,56.254,0,0.90624,0,0.9666,0,56.254,0.11759,0.050935,0.12144,0.051641,0,1.7813,0,0.94997,0,112.51,0,1.6875,0,0.89997,0,112.51
1231,12,467.87,468.13,3,2,180,0,0,0,0,0,0,0,0.37497,0,0.099967,0,225.06,0.15655,0.0455,0.15153,0.043847,0,1,0,0.2666,0,225.06,0,2,0,0.2666,0,450.11
1231,12,468.3,468.47,22,2,181,1,0,0.1666,0,360.14,0,0.79992,0,0.13327,0,360.14,0,0.11778,0.03042,0.1179,0.030345,0.59984,0,0.099933,0,360.14,0,0,2,0,0.1666,0,720.29
1231,12,468.83,471.53,22,2,182,1,0,2.7,0,22.222,0,1,0,2.7,0,22.222,0,0.083441,0.022188,0.074193,0.022369,0.7531,0.04937,1.0167,0.1333,44.444,22.222,0.80246,1.0494,2.1666,1.4167,22.222,44.444
1231,12,471.6,472.2,22,2,183,1,0,0.6,0,100,0,1,0,0.6,0,100,0,0.082924,0.023665,0.083844,0.023695,0,1.2222,0,0.36667,0,200,1,1,0.6,0.6,100,100
1231,12,472.67,474.13,3,2,184,0,0.72731,0,1.0667,0,40.911,0,1,0,1.4666,0,40.911,0.3043,0.053964,0.32479,0.055168,0,2,0,1.4666,0,81.822,0,2,0,1.4666,0,81.822
1231,12,474.17,474.5,22,2,185,1,0,0.3333,0,180.02,0,1,0,0.3333,0,180.02,0,0.10288,0.030697,0.10599,0.030452,0,2,0,0.3333,0,360.04,1,1,0.3333,0.3333,180.02,180.02
1231,12,477.47,477.8,3,2,186,0,0.30003,0,0.1,0,180.02,0,0.90009,0,0.3,0,180.02,0.26172,0.041744,0.29093,0.040795,0,2,0,0.3333,0,360.04,0,2,0,0.2222,0,540.05
1231,12,477.8,477.93,17,2,187,1,0,0.1333,0,450.11,0,0,1,0,0.1333,0,450.11,0.32721,0.077516,0.32766,0.077058,2,0,0.1333,0,900.23,0,0,2,0,0.1333,0,900.23
1231,12,477.93,478.93,3,2,188,0,0.80003,0,0.80003,0,60,0,1,0,1,0,60,0.24141,0.038605,0.24357,0.038132,0,2,0,1,0,120,0,2,0,0.5,0,240
1231,12,478.97,479.1,15,2,189,0,0,0,0,0,0,0,1,0,0.1333,0,450.11,0.11418,0.033389,0.12109,0.033259,0,2,0,0.1333,0,900.23,0,2,0,0.1333,0,900.23
1231,12,483.43,486.43,3,2,190,0,0.77778,0,1.1667,0,40,0,0.83332,0,2.5,0,20,0.20065,0.044209,0.18997,0.043816,0,2,0,3,0,40,0,2,0,1.2,0,100
1231,12,486.47,486.5,15,2,191,0,0,0,0,0,0,0,1,0,0.0333,0,1801.8,0,0,0,0,0,2,0,0.0333,0,3603.6,0,2,0,0.0333,0,3603.6
1231,12,491.47,491.5,5,2,192,0,1,0,0.0333,0,1801.8,0,0,0,0,0,0,0,0,0,0,0,1,0,0.0333,0,1801.8,0,2,0,0.0333,0,3603.6
1231,12,491.53,491.57,22,2,193,1,0,0.0333,0,1801.8,0,0,0,0,0,0,0,0.05123,0.017749,0.05123,0.017749,0,1,0,0.0333,0,1801.8,1,1,0.0333,0.0333,1801.8,1801.8
1231,12,492.13,492.3,3,2,194,0,0.39992,0,0.066667,0,359.93,0,1,0,0.1667,0,359.93,0.13962,0.051463,0.13857,0.047326,0,1.7998,0,0.15002,0,719.86,0,1,0,0.1667,0,359.93
1231,12,492.33,492.37,3,2,195,0,1,0,0.0333,0,1801.8,0,1,0,0.0333,0,1801.8,0.1115,0.046068,0.1115,0.046068,0,2,0,0.0333,0,3603.6,0,1.999,0,0.033283,0,3603.6
1231,12,492.53,493.1,3,2,196,0,0,0,0,0,0,0,1,0,0.5667,0,105.88,0.21941,0.051879,0.22585,0.05175,0,2,0,0.5667,0,211.75,0,2,0,0.5667,0,211.75
1231,12,493.63,493.67,4,2,197,0,1,0,0.0333,0,1801.8,1,0,0.0333,0,1801.8,0,0.076875,0.029742,0.076875,0.029742,0,2,0,0.0333,0,3603.6,1,1,0.0333,0.0333,1801.8,1801.8
1231,12,494.03,494.07,4,2,198,0,1,0,0.0333,0,1801.8,1,0,0.0333,0,1801.8,0,0.087288,0.028351,0.087288,0.028351,0,2,0,0.0333,0,3603.6,1,1,0.0333,0.0333,1801.8,1801.8
1231,12,494.23,494.47,4,2,199,0,1,0,0.2333,0,257.18,0,0,0,0,0,0,0.10508,0.027019,0.1042,0.026908,0,2,0,0.2333,0,514.36,1,1,0.2333,0.2333,257.18,257.18
1231,12,494.53,494.87,4,2,200,0,1,0,0.3333,0,180.02,0,0,0,0,0,0,0.096035,0.032131,0.096585,0.032148,0,1.7002,0,0.28333,0,360.04,1,1,0.3333,0.3333,180.02,180.02
1231,12,494.93,494.97,4,2,201,0,1,0,0.0333,0,1801.8,0,0,0,0,0,0,0.09627,0.029396,0.09627,0.029396,0,1,0,0.0333,0,1801.8,1,1,0.0333,0.0333,1801.8,1801.8
1231,12,496.3,496.33,3,2,202,0,0,0,0,0,0,0,1,0,0.0333,0,1801.8,0.1713,0.045526,0.1713,0.045526,0,1,0,0.0333,0,1801.8,0,2,0,0.0333,0,3603.6
1231,12,496.37,497.03,3,2,203,0,0.90004,0,0.59997,0,90.009,0,0.65002,0,0.4333,0,90.009,0.19188,0.047505,0.19105,0.046452,0,0.69997,0,0.2333,0,180.02,0,2,0,0.6666,0,180.02
1231,12,498.47,498.93,3,2,204,0,0.28568,0,0.1333,0,128.59,0,0.85719,0,0.39997,0,128.59,0.16721,0.045063,0.15313,0.043103,0,2,0,0.4666,0,257.18,0,2,0,0.4666,0,257.18
1231,12,499.33,499.37,21,2,205,0.999,0,0.033267,0,1801.8,0,0,1,0,0.0333,0,1801.8,0.087598,0.042674,0.087598,0.042674,0,2,0,0.0333,0,3603.6,0,2,0,0.0333,0,3603.6
1231,12,499.4,500.2,21,2,206,0.5,0.41667,0.4,0.33333,75,75,0,1,0,0.8,0,75,0.10351,0.043875,0.10216,0.043829,0,1.7917,0,0.71667,0,150,0,1.5,0,0.4,0,225
1231,12,500.5,500.53,21,2,207,0,1,0,0.0333,0,1801.8,0,0,0,0,0,0,0.10525,0.03625,0.10525,0.03625,0,2,0,0.0333,0,3603.6,0,1,0,0.0333,0,1801.8
1231,12,500.57,500.6,11,2,208,0,1,0,0.0333,0,1801.8,0,0,0,0,0,0,0,0,0,0,0,2,0,0.0333,0,3603.6,0,1,0,0.0333,0,1801.8
1231,12,500.83,500.87,21,2,209,0,1,0,0.0333,0,1801.8,0,0,0,0,0,0,0.13106,0.041895,0.13106,0.041895,0,2,0,0.0333,0,3603.6,0,1,0,0.0333,0,1801.8
1231,12,500.87,500.93,11,2,210,0,1,0,0.0666,0,900.9,0,0,0,0,0,0,0.14356,0.078695,0.14356,0.078695,0,2,0,0.0666,0,1801.8,0,1,0,0.0666,0,900.9
1231,12,524.17,526.53,3,2,211,0.78874,0.098594,1.8666,0.23333,25.353,25.353,0,0.81691,0,1.9333,0,25.353,0.27212,0.049313,0.29038,0.047995,0.26761,0.94367,0.31667,1.1166,50.706,50.706,0,2,0,2.3666,0,50.706
1231,12,526.8,526.83,15,2,212,0,1,0,0.0333,0,1801.8,0,1,0,0.0333,0,1801.8,0.12501,0.034756,0.12501,0.034756,0,2,0,0.0333,0,3603.6,0,2,0,0.0333,0,3603.6
1231,12,526.9,527.03,3,2,213,1,0,0.1333,0,450.11,0,0,1,0,0.1333,0,450.11,0.22126,0.045389,0.22604,0.044492,1,1,0.1333,0.1333,450.11,450.11,0,2,0,0.1333,0,900.23
1231,12,527.03,527.07,15,2,214,0,1,0,0.0333,0,1801.8,0,1,0,0.0333,0,1801.8,0.10081,0.037063,0.10081,0.037063,0,2,0,0.0333,0,3603.6,0,2,0,0.0333,0,3603.6
1231,12,527.07,527.13,3,2,215,0,0,0,0,0,0,0,0.5,0,0.0333,0,900.9,0.17383,0.043153,0.17383,0.043153,1,1,0.0666,0.0666,900.9,900.9,0,2,0,0.0666,0,1801.8
1231,12,527.17,527.47,3,2,216,0,0.77793,0,0.2333,0,200.07,0.88896,0,0.2666,0,200.07,0,0.17745,0.043893,0.18486,0.043745,1,1,0.2999,0.2999,200.07,200.07,0,2,0,0.2999,0,400.13
1231,12,527.53,527.6,15,2,217,1,0,0.0667,0,899.55,0,0,1,0,0.0667,0,899.55,0.11342,0.031396,0.11342,0.031396,0,2,0,0.0667,0,1799.1,0,2,0,0.0667,0,1799.1
1231,12,528.23,528.27,3,2,218,0,0.999,0,0.033267,0,1801.8,1,0,0.0333,0,1801.8,0,0.11953,0.034555,0.11953,0.034555,1,1,0.0333,0.0333,1801.8,1801.8,0,2,0,0.0333,0,3603.6
1231,12,528.33,528.37,3,2,219,0,1,0,0.0333,0,1801.8,0,0,0,0,0,0,0.14051,0.033316,0.14051,0.033316,1,1,0.0333,0.0333,1801.8,1801.8,0,2,0,0.0333,0,3603.6
1231,12,528.4,528.47,3,2,220,0,1,0,0.0666,0,900.9,0,0,0,0,0,0,0.11679,0.037264,0.11679,0.037264,1,1,0.0666,0.0666,900.9,900.9,0,2,0,0.0666,0,1801.8
1231,12,528.6,528.77,15,2,221,0,1,0,0.1666,0,360.14,0,0,0,0,0,0,0.099595,0.037776,0.10365,0.037514,0,2,0,0.1666,0,720.29,0,2,0,0.1666,0,720.29
1231,12,528.8,528.83,15,2,222,0,1,0,0.0333,0,1801.8,0,0,0,0,0,0,0.10227,0.034201,0.10227,0.034201,0,2,0,0.0333,0,3603.6,0,2,0,0.0333,0,3603.6
1231,12,528.93,528.97,15,2,223,0,1,0,0.0333,0,1801.8,0,0,0,0,0,0,0.11714,0.036729,0.11714,0.036729,0,2,0,0.0333,0,3603.6,0,2,0,0.0333,0,3603.6
1231,12,529.83,529.87,15,2,224,0,1,0,0.0333,0,1801.8,0,1,0,0.0333,0,1801.8,0.085104,0.032472,0.085104,0.032472,0,2,0,0.0333,0,3603.6,0,1.999,0,0.033283,0,3603.6
1231,12,529.9,529.97,15,2,225,0,1,0,0.0666,0,900.9,0,1,0,0.0666,0,900.9,0.084544,0.03335,0.084544,0.03335,0,2,0,0.0666,0,1801.8,0,2,0,0.0666,0,1801.8
1231,12,530.03,530.07,23,2,226,0,1,0,0.0333,0,1801.8,0,1,0,0.0333,0,1801.8,0.12312,0.038017,0.12312,0.038017,0,2,0,0.0333,0,3603.6,0,2,0,0.0333,0,3603.6
1231,12,530.13,530.53,23,2,227,0,0.58342,0,0.23337,0,150,0,1,0,0.4,0,150,0.12262,0.034853,0.12273,0.034676,0,1.4167,0,0.28335,0,300,0,2,0,0.4,0,300
1231,12,530.67,530.73,3,2,228,1,0,0.0666,0,900.9,0,1,0,0.0666,0,900.9,0,0.075674,0.029891,0.075674,0.029891,0,1,0,0.0666,0,900.9,1,1,0.0666,0.0666,900.9,900.9
1231,12,530.93,531,3,2,229,1,0,0.0667,0,899.55,0,1,0,0.0667,0,899.55,0,0.075871,0.027661,0.075871,0.027661,0,1,0,0.0667,0,899.55,1,1,0.03335,0.0667,1799.1,899.55
1231,12,532.2,534.77,3,2,230,1,0,2.5666,0,23.377,0,1,0,2.5666,0,23.377,0,0.11265,0.028456,0.10355,0.028274,1,1,2.5666,2.5666,23.377,23.377,1,1,2.5666,2.5666,23.377,23.377
1231,12,534.83,534.97,3,2,231,1,0,0.1333,0,450.11,0,0.75044,0,0.10003,0,450.11,0,0.21824,0.03032,0.20933,0.029881,1,1,0.1333,0.1333,450.11,450.11,1,1,0.1333,0.1333,450.11,450.11
1231,12,535,536.17,3,2,232,1,0,1.1666,0,51.432,0,0,0,0,0,0,0,0.22768,0.030684,0.22465,0.030531,1,1,1.1666,1.1666,51.432,51.432,0.91434,1,1.0667,1.1666,51.432,51.432
1231,12,536.2,536.27,16,2,233,0,1,0,0.0666,0,900.9,0,0,0,0,0,0,0.21784,0.029688,0.21784,0.029688,0,1,0,0.0333,0,1801.8,0,1,0,0.0666,0,900.9
1231,12,536.27,536.3,3,2,234,1,0,0.0333,0,1801.8,0,0,0,0,0,0,0,0,0,0,0,1,0,0.0333,0,1801.8,0,0,1,0,0.0333,0,1801.8
1231,12,536.37,536.67,3,2,235,1,0,0.2999,0,200.07,0,0,0,0,0,0,0,0.30715,0.035717,0.29806,0.038131,1.3332,0,0.19992,0,400.13,0,0,1,0,0.2999,0,200.07
1231,12,536.7,536.97,23,2,236,0,1,0,0.2666,0,225.06,0,0,0,0,0,0,0.11101,0.034303,0.11125,0.034117,0,2,0,0.2666,0,450.11,0,1,0,0.2666,0,225.06
1231,12,537.23,537.3,15,2,237,0,1,0,0.0667,0,899.55,0,0,0,0,0,0,0.10397,0.032139,0.10397,0.032139,0,2,0,0.0667,0,1799.1,0,1,0,0.0667,0,899.55
1231,12,537.37,537.4,15,2,238,0,0,0,0,0,0,0,0,0,0,0,0,0,0,0,0,0,2,0,0.0333,0,3603.6,0,1,0,0.0333,0,1801.8
1231,12,537.4,537.43,3,2,239,0,0,0,0,0,0,0,0,0,0,0,0,0.13065,0.038699,0.13065,0.038699,2,0,0.0333,0,3603.6,0,0,1,0,0.0333,0,1801.8
1231,12,537.43,537.5,15,2,240,0,0,0,0,0,0,0,0,0,0,0,0,0.11104,0.03208,0.11104,0.03208,0,2,0,0.0667,0,1799.1,0,1,0,0.0667,0,899.55
1231,12,537.53,537.57,15,2,241,0,0,0,0,0,0,0,0,0,0,0,0,0.10316,0.033422,0.10316,0.033422,0,1,0,0.0333,0,1801.8,0,1,0,0.0333,0,1801.8
1231,12,537.6,537.63,5,2,242,0,0,0,0,0,0,0,0,0,0,0,0,0.2273,0.05106,0.2273,0.05106,0,1,0,0.0333,0,1801.8,0,1,0,0.0333,0,1801.8
1231,12,537.63,537.67,3,2,243,0,0,0,0,0,0,0,0,0,0,0,0,0.30436,0.070435,0.30436,0.070435,1,0,0.0333,0,1801.8,0,0,1,0,0.0333,0,1801.8
1231,12,537.67,537.7,16,2,244,0,0,0,0,0,0,0,0,0,0,0,0,0,0,0,0,0,1,0,0.0333,0,1801.8,0,1,0,0.0333,0,1801.8
1231,12,537.73,537.77,3,2,245,0,0,0,0,0,0,0,0,0,0,0,0,0.35813,0.050846,0.35813,0.050846,1,0,0.0333,0,1801.8,0,0,1,0,0.0333,0,1801.8
1231,12,537.8,537.9,3,2,246,1.1369e-12,0,1.1369e-13,0,600,0,0,0,0,0,0,0,0.12936,0.054011,0.12619,0.054426,1,0,0.1,0,600,0,0,1,0,0.1,0,600
1231,12,538,538.1,21,2,247,0,1,0,0.1,0,600,0,0,0,0,0,0,0.10926,0.04998,0.11264,0.050248,0,1,0,0.1,0,600,0,1,0,0.1,0,600
1231,12,538.2,538.4,21,2,248,0,0,0,0,0,0,0,0,0,0,0,0,0.10194,0.044621,0.10168,0.043111,0,1,0,0.2,0,300,0,1,0,0.2,0,300
1231,12,538.47,539.5,21,2,249,0.64518,0,0.66667,0,58.066,0,0,0.77422,0,0.4,0,116.13,0.097471,0.032228,0.097144,0.030034,0,1,0,1.0333,0,58.066,0,1,0,1.0333,0,58.066
1231,12,539.6,539.63,15,2,250,0,0,0,0,0,0,0,1,0,0.0333,0,1801.8,0.11081,0.03858,0.11081,0.03858,0,1,0,0.0333,0,1801.8,0,1,0,0.0333,0,1801.8
1231,12,539.7,540.3,15,2,251,1,0,0.6,0,100,0,0,0.27778,0,0.16667,0,100,0.10194,0.035241,0.10097,0.036491,0,1,0,0.6,0,100,0,1.7222,0,0.51667,0,200
1231,12,540.97,541.13,21,2,252,0,0,0,0,0,0,0,0,0,0,0,0,0.12208,0.063025,0.1192,0.064869,0,1,0,0.1666,0,360.14,0,2,0,0.1666,0,720.29
1231,12,541.17,541.23,21,2,253,0,0.5,0,0.0333,0,900.9,0,0,0,0,0,0,0.14858,0.065806,0.14858,0.065806,0,1,0,0.0666,0,900.9,0,2,0,0.0666,0,1801.8
1231,12,541.27,541.37,21,2,254,0,1,0,0.0999,0,600.6,0,0,0,0,0,0,0.13118,0.079405,0.13118,0.079405,0,1,0,0.0999,0,600.6,0,2,0,0.0999,0,1201.2
1231,12,542.1,542.17,21,2,255,0,1,0,0.0666,0,900.9,0,1,0,0.0666,0,900.9,0.13091,0.083286,0.13091,0.083286,0,1,0,0.0666,0,900.9,0,2,0,0.0666,0,1801.8
1231,12,542.23,542.27,21,2,256,0,1,0,0.0333,0,1801.8,0,1,0,0.0333,0,1801.8,0.13829,0.085501,0.13829,0.085501,0,1,0,0.0333,0,1801.8,0,2,0,0.0333,0,3603.6
1231,12,542.33,542.37,21,2,257,0,1,0,0.0333,0,1801.8,0,1,0,0.0333,0,1801.8,0.13077,0.084664,0.13077,0.084664,0,1,0,0.0333,0,1801.8,0,2,0,0.0333,0,3603.6
1231,12,542.4,542.5,21,2,258,0,1,0,0.1,0,600,0,0,0,0,0,1200,0.13675,0.085085,0.13724,0.084844,0,1,0,0.1,0,600,0,2,0,0.1,0,1200
1231,12,542.57,542.73,21,2,259,0,1,0,0.1666,0,360.14,0,1,0,0.1666,0,360.14,0.13591,0.084498,0.13533,0.083759,0,1,0,0.1666,0,360.14,0,2,0,0.1666,0,720.29
1231,12,542.77,543.13,21,2,260,0,1,0,0.3666,0,163.67,0,0.63639,0,0.2333,0,163.67,0.13773,0.078314,0.13934,0.078053,0,1,0,0.3666,0,163.67,0,2,0,0.3666,0,327.33
1231,12,543.17,543.23,21,2,261,0,1,0,0.0666,0,900.9,0,0,0,0,0,0,0.14613,0.087517,0.14613,0.087517,0,1,0,0.0666,0,900.9,0,2,0,0.0666,0,1801.8
1231,12,543.3,543.33,21,2,262,0,1,0,0.0333,0,1801.8,0,0,0,0,0,0,0.14609,0.088196,0.14609,0.088196,0,1,0,0.0333,0,1801.8,0,2,0,0.0333,0,3603.6
1231,12,543.53,544.33,21,2,263,0,1,0,0.8,0,75,0,0.83329,0,0.66663,0,75,0.1637,0.088193,0.16558,0.088084,0,1,0,0.8,0,75,0,1.5834,0,0.63335,0,150
1231,12,544.4,545.1,21,2,264,0,0.7619,0,0.53333,0,85.714,0,1,0,0.7,0,85.714,0.16933,0.088618,0.1665,0.089145,0,1,0,0.7,0,85.714,0,1.9524,0,0.68333,0,171.43
1231,12,545.17,545.2,17,2,265,0,0,0,0,0,0,0,1,0,0.0333,0,1801.8,0,0,0,0,0,1,0,0.0333,0,1801.8,0,2,0,0.0333,0,3603.6
1231,12,545.2,545.53,10,2,266,0,0,0,0,0,0,1,0,0.3333,0,180.02,0,0.19803,0.053465,0.19706,0.05087,0,1,0,0.3333,0,180.02,1,1,0.3333,0.3333,180.02,180.02
1231,12,545.53,545.57,17,2,267,0,0,0,0,0,0,0,1,0,0.0333,0,1801.8,0.085348,0.034863,0.085348,0.034863,0,1,0,0.0333,0,1801.8,0,2,0,0.0333,0,3603.6
1231,12,545.67,545.7,17,2,268,0,0,0,0,0,0,0,0,0,0,0,0,0,0,0,0,0,1,0,0.0333,0,1801.8,0,2,0,0.0333,0,3603.6
1231,12,545.9,545.97,15,2,269,0,0,0,0,0,0,0,0,0,0,0,0,0.085412,0.035512,0.085412,0.035512,0,1,0,0.0666,0,900.9,0,2,0,0.0666,0,1801.8
1231,12,546.23,546.3,15,2,270,0,0,0,0,0,0,0,0,0,0,0,0,0.085895,0.029543,0.085895,0.029543,0,0.50025,0,0.033367,0,899.55,0,2,0,0.0667,0,1799.1
1231,12,546.33,546.57,15,2,271,0,0,0,0,0,0,0,0,0,0,0,0,0.10165,0.03068,0.10122,0.028943,0,0,0,0,0,0,0,2,0,0.2333,0,514.36
1231,12,546.6,546.7,15,2,272,0,1,0,0.1,0,600,0,0,0,0,0,0,0.10918,0.029544,0.10198,0.031143,0,0,0,0,0,0,0,2,0,0.1,0,1200
1231,12,546.73,546.77,23,2,273,0,1,0,0.0333,0,1801.8,0,0,0,0,0,0,0.15363,0.040765,0.15363,0.040765,0,0,0,0,0,0,0,2,0,0.0333,0,3603.6
1231,12,546.83,546.87,23,2,274,0,1,0,0.0333,0,1801.8,0,0,0,0,0,0,0.135,0.043856,0.135,0.043856,0,0,0,0,0,0,0,2,0,0.0333,0,3603.6
1231,12,546.87,547,15,2,275,0,1,0,0.1333,0,450.11,0,0,0,0,0,0,0.11512,0.031635,0.11628,0.034307,0,0,0,0,0,0,0,2,0,0.1333,0,900.23
1231,12,547.07,547.5,10,2,276,0,0.23071,0,0.099967,0,138.47,0.69236,0,0.3,0,138.47,0,0.19761,0.042361,0.20834,0.042948,0,0,0,0,138.47,0,1,1,0.4333,0.4333,138.47,138.47
1231,12,547.53,548.47,10,2,277,0.99996,0,0.93327,0,64.288,0,1,0,0.9333,0,64.288,0,0.19593,0.032865,0.1946,0.03135,1,0,0.9333,0,64.288,0,1,1,0.9333,0.9333,64.288,64.288
1231,12,548.47,548.77,15,2,278,0,1,0,0.2999,0,200.07,0,1,0,0.2999,0,200.07,0.093949,0.029641,0.09402,0.029594,0,1,0,0.2999,0,200.07,0,1,0,0.2999,0,200.07
1231,12,548.83,548.97,15,2,279,0,1,0,0.1333,0,450.11,0,1,0,0.1333,0,450.11,0.091751,0.030822,0.091097,0.030845,0,1,0,0.1333,0,450.11,0,2,0,0.1333,0,900.23
1231,12,549,549.07,10,2,280,1,0,0.0666,0,900.9,0,1,0,0.0666,0,900.9,0,0.1472,0.05214,0.1472,0.05214,1,0,0.0666,0,900.9,0,0,2,0,0.0666,0,1801.8
1231,12,549.13,549.17,10,2,281,1,0,0.0333,0,1801.8,0,1,0,0.0333,0,1801.8,0,0.10482,0.02963,0.10482,0.02963,1,0,0.0333,0,1801.8,0,0,2,0,0.0333,0,3603.6
1231,12,549.17,549.27,15,2,282,0,1,0,0.0999,0,600.6,0,1,0,0.0999,0,600.6,0.11252,0.030685,0.11252,0.030685,0,1,0,0.0999,0,600.6,0,2,0,0.0999,0,1201.2
1231,12,549.3,549.33,10,2,283,1,0,0.0333,0,1801.8,0,1,0,0.0333,0,1801.8,0,0.058385,0.02137,0.058385,0.02137,1,0,0.0333,0,1801.8,0,0,2,0,0.0333,0,3603.6
1231,12,549.37,549.47,10,2,284,1,0,0.0999,0,600.6,0,1,0,0.0999,0,600.6,0,0.098346,0.022125,0.098346,0.022125,1,0,0.0999,0,600.6,0,0,2,0,0.0999,0,1201.2
1231,12,549.5,549.67,15,2,285,0,1,0,0.1666,0,360.14,0,1,0,0.1666,0,360.14,0.11796,0.035995,0.11927,0.035699,0,1,0,0.1666,0,360.14,0,2,0,0.1666,0,720.29
1231,12,549.73,549.8,10,2,286,1,0,0.0667,0,899.55,0,1,0,0.0667,0,899.55,0,0.10939,0.035795,0.10939,0.035795,1,0,0.0667,0,899.55,0,0,2,0,0.0667,0,1799.1
1231,12,549.8,549.83,23,2,287,0,1,0,0.0333,0,1801.8,0,1,0,0.0333,0,1801.8,0.10239,0.026942,0.10239,0.026942,0,1,0,0.0333,0,1801.8,0,2,0,0.0333,0,3603.6
1231,12,549.87,550.03,15,2,288,0,1,0,0.1666,0,360.14,0,1,0,0.1666,0,360.14,0.1021,0.02551,0.10177,0.025074,0,1,0,0.1666,0,360.14,0,2,0,0.1666,0,720.29
1231,12,550.2,550.27,15,2,289,0,1,0,0.0666,0,900.9,0,1,0,0.0666,0,900.9,0.10219,0.034006,0.10219,0.034006,0,1,0,0.0666,0,900.9,0,2,0,0.0666,0,1801.8
1231,12,550.3,550.67,15,2,290,0,0.90926,0,0.33333,0,163.67,0,1,0,0.3666,0,163.67,0.083667,0.023604,0.076172,0.023151,0,1.2726,0,0.23327,0,327.33,0,2,0,0.3666,0,327.33
1231,12,551.13,551.17,15,2,291,0,0,0,0,0,0,0,1,0,0.0333,0,1801.8,0.07834,0.033416,0.07834,0.033416,0,2,0,0.0333,0,3603.6,0,2,0,0.0333,0,3603.6
1231,12,551.2,551.4,15,2,292,0,0,0,0,0,0,0,1,0,0.2,0,300,0.084626,0.031731,0.083896,0.031594,0,2,0,0.2,0,600,0,2,0,0.2,0,600
1231,12,552.33,552.37,10,2,293,0,0,0,0,0,0,0,1,0,0.0333,0,1801.8,0.12305,0.05875,0.12305,0.05875,0,1,0,0.0333,0,1801.8,0,2,0,0.0333,0,3603.6
1231,12,552.4,552.43,21,2,294,0,0,0,0,0,0,0,1,0,0.0333,0,1801.8,0.13281,0.06498,0.13281,0.06498,0,1,0,0.0333,0,1801.8,0,2,0,0.0333,0,3603.6
1231,12,552.5,552.6,10,2,295,0,0,0,0,0,0,0,1,0,0.1,0,600,0.13045,0.059291,0.13148,0.061754,0,1,0,0.1,0,600,0,2,0,0.1,0,1200
1231,12,552.63,552.73,10,2,296,0,0.333,0,0.0333,0,600,0,1,0,0.1,0,600,0.12546,0.052123,0.12174,0.052722,0,1,0,0.1,0,600,0,2,0,0.1,0,1200
1231,12,552.93,553.07,21,2,297,0,1,0,0.1333,0,450.11,0,1,0,0.1333,0,450.11,0.09061,0.039544,0.092062,0.037833,0,1.9997,0,0.13328,0,900.23,0,2,0,0.1333,0,900.23
1231,12,553.3,556.53,10,2,298,0.94845,0,3.0666,0,18.557,0,0.072166,0.27835,0.23333,0.45,18.557,37.114,0.25079,0.034811,0.25181,0.034297,1.6495,0.20619,2.6666,0.66667,37.114,18.557,0,2,0,3.2333,0,37.114
1231,12,556.57,556.77,10,2,299,1,0,0.1999,0,300.15,0,0,0,0,0,0,0,0.24338,0.038787,0.25915,0.040055,2,0,0.1999,0,600.3,0,0,2,0,0.1999,0,600.3
1231,12,556.8,557.7,10,2,300,1,0,0.9,0,66.667,0,0.7037,0,0.63333,0,66.667,0,0.16181,0.038766,0.1481,0.035786,1.4444,0,0.43333,0,200,0,0,2,0,0.9,0,133.33
1231,12,557.77,560.57,10,2,301,1,0,2.7999,0,21.429,0,0,0,0,0,0,0,0.26063,0.036559,0.25156,0.035276,1.7619,0,1.2333,0,85.717,0,0,2,0,2.7999,0,42.859
1231,12,560.77,561.67,10,2,302,1,0,0.8999,0,66.674,0,1,0,0.8999,0,66.674,0,0.12518,0.02011,0.11615,0.019824,1,0,0.8999,0,66.674,0,0,2,0,0.8999,0,133.35
1231,12,561.67,561.73,4,2,303,0,0.5,0,0.0333,0,900.9,0,1,0,0.0666,0,900.9,0.069704,0.015265,0.069704,0.015265,0,1,0,0.0666,0,900.9,0,2,0,0.0666,0,1801.8
1231,12,561.77,561.87,10,2,304,0,0,0,0,0,0,1,0,0.0999,0,600.6,0,0.12736,0.043426,0.12736,0.043426,1,0,0.0999,0,600.6,0,0,2,0,0.0999,0,1201.2
1231,12,562.03,562.1,21,2,305,0,0,0,0,0,0,0,1,0,0.0667,0,899.55,0.065451,0.029941,0.065451,0.029941,0,2,0,0.0667,0,1799.1,0,2,0,0.0667,0,1799.1
1231,12,562.2,562.27,21,2,306,0,0,0,0,0,0,0,1,0,0.0666,0,900.9,0.064585,0.031578,0.064585,0.031578,0,2,0,0.0666,0,1801.8,0,2,0,0.0666,0,1801.8
1231,12,562.4,563.03,15,2,307,0,0.78952,0,0.5,0,94.742,0,0.47371,0,0.3,0,94.742,0.09318,0.025011,0.091549,0.025599,0,2,0,0.6333,0,189.48,0,2,0,0.6333,0,189.48
1231,12,563.03,563.1,23,2,308,0,0,0,0,0,0,0,0,0,0,0,0,0.12237,0.034605,0.12237,0.034605,0,2,0,0.0667,0,1799.1,0,2,0,0.0667,0,1799.1
1231,12,563.13,563.17,23,2,309,0,0,0,0,0,0,0,0,0,0,0,0,0.12246,0.035958,0.12246,0.035958,0,2,0,0.0333,0,3603.6,0,2,0,0.0333,0,3603.6
1231,12,563.3,563.37,23,2,310,0,1,0,0.0666,0,900.9,0,1,0,0.0666,0,900.9,0.12627,0.037616,0.12627,0.037616,0,2,0,0.0666,0,1801.8,0,2,0,0.0666,0,1801.8
1231,12,563.47,563.63,23,2,311,0,1,0,0.1666,0,360.14,0,1,0,0.1666,0,360.14,0.13884,0.03457,0.13831,0.034786,0,2,0,0.1666,0,720.29,0,2,0,0.1666,0,720.29
1231,12,563.7,563.9,15,2,312,0,0.83333,0,0.16667,0,300,0,1,0,0.2,0,300,0.10047,0.026502,0.10169,0.026675,0,2,0,0.2,0,600,0,2,0,0.2,0,600
1231,12,564.43,564.47,15,2,313,0,1,0,0.0333,0,1801.8,0,1,0,0.0333,0,1801.8,0.097969,0.030202,0.097969,0.030202,0,2,0,0.0333,0,3603.6,0,2,0,0.0333,0,3603.6
1231,12,564.57,564.63,15,2,314,0,0,0,0,0,0,0,1,0,0.0666,0,900.9,0.076816,0.029432,0.076816,0.029432,0,1,0,0.0666,0,900.9,0,2,0,0.0666,0,1801.8
1231,12,564.77,565.1,10,2,315,0,0.39994,0,0.1333,0,180.02,0.89999,0,0.29997,0,180.02,0,0.14081,0.031102,0.14828,0.0303,1,0,0.3333,0,180.02,0,0,2,0,0.3333,0,360.04
1231,12,565.13,565.17,10,2,316,0,0,0,0,0,0,0,0,0,0,0,0,0.12398,0.039456,0.12398,0.039456,1,0,0.0333,0,1801.8,0,0,2,0,0.0333,0,3603.6
1231,12,565.97,566,15,2,317,0,0,0,0,0,0,0,0,0,0,0,0,0,0,0,0,0,1,0,0.0333,0,1801.8,0,2,0,0.0333,0,3603.6
1231,12,566.07,566.13,10,2,318,0,0,0,0,0,0,0,0,0,0,0,0,0.094401,0.027048,0.094401,0.027048,1,0,0.0666,0,900.9,0,0,2,0,0.0666,0,1801.8
1231,12,566.33,566.37,10,2,319,0,0,0,0,0,0,0,0,0,0,0,0,0.1107,0.034207,0.1107,0.034207,1,0,0.0333,0,1801.8,0,0,2,0,0.0333,0,3603.6
1231,12,566.4,566.43,10,2,320,0,0,0,0,0,0,0,0,0,0,0,0,0.12257,0.040333,0.12257,0.040333,1,0,0.0333,0,1801.8,0,0,2,0,0.0333,0,3603.6
1231,12,566.47,566.5,10,2,321,0,0,0,0,0,0,0,0,0,0,0,0,0,0,0,0,1,0,0.0333,0,1801.8,0,0,2,0,0.0333,0,3603.6
1231,12,566.5,566.53,15,2,322,0,0,0,0,0,0,0,0,0,0,0,0,0.15818,0.022266,0.15818,0.022266,0,1,0,0.0333,0,1801.8,0,2,0,0.0333,0,3603.6
1231,12,566.53,566.57,10,2,323,0,0,0,0,0,0,0,0,0,0,0,0,0.13335,0.040549,0.13335,0.040549,1,0,0.0333,0,1801.8,0,0,2,0,0.0333,0,3603.6
1231,12,566.57,566.63,15,2,324,0,0,0,0,0,0,0,0,0,0,0,0,0.1404,0.052507,0.1404,0.052507,0,1,0,0.0666,0,900.9,0,2,0,0.0666,0,1801.8
1231,12,566.63,566.67,10,2,325,0,0,0,0,0,0,0,0,0,0,0,0,0.18709,0.049014,0.18709,0.049014,1,0,0.0333,0,1801.8,0,0,2,0,0.0333,0,3603.6
1231,12,566.7,566.73,10,2,326,0,0,0,0,0,0,0,0,0,0,0,0,0.14308,0.023708,0.14308,0.023708,1,0,0.0333,0,1801.8,0,0,2,0,0.0333,0,3603.6
1231,12,566.77,566.8,10,2,327,0,0,0,0,0,0,0,0,0,0,1801.8,0,0,0,0,0,1,0,0.0333,0,1801.8,0,0,2,0,0.0333,0,3603.6
1231,12,566.8,566.93,15,2,328,0,0,0,0,0,0,0,1,0,0.1333,0,450.11,0.10647,0.039088,0.10727,0.039678,0,1,0,0.1333,0,450.11,0,2,0,0.1333,0,900.23
1231,12,567.07,567.13,10,2,329,1,0,0.0666,0,900.9,0,1,0,0.0666,0,900.9,0,0.13626,0.035194,0.13626,0.035194,1,0,0.0666,0,900.9,0,0,2,0,0.0666,0,1801.8
1231,12,567.33,567.37,10,2,330,1,0,0.0333,0,1801.8,0,0.001001,0,3.3333e-05,0,1801.8,0,0.1025,0.033746,0.1025,0.033746,1,0,0.0333,0,1801.8,0,0,2,0,0.0333,0,3603.6
1231,12,567.4,567.53,10,2,331,1,0,0.1333,0,450.11,0,0,0,0,0,0,0,0.12456,0.031672,0.11628,0.030649,1,0,0.1333,0,450.11,0,0,2,0,0.1333,0,900.23
1231,12,567.67,567.7,15,2,332,0,1,0,0.0333,0,1801.8,0,0,0,0,0,0,0,0,0,0,0,1,0,0.0333,0,1801.8,0,2,0,0.0333,0,3603.6
1231,12,567.77,567.83,10,2,333,1,0,0.0666,0,900.9,0,0,0,0,0,0,0,0.13971,0.029068,0.13971,0.029068,1,0,0.0666,0,900.9,0,0,2,0,0.0666,0,1801.8
1231,12,567.87,568.03,10,2,334,0,0,0,0,0,0,0,0,0,0,0,0,0.1944,0.038614,0.18987,0.036755,1,0,0.1666,0,360.14,0,0,2,0,0.1666,0,720.29
1231,12,568.23,568.27,23,2,335,0,0,0,0,0,0,0,0,0,0,0,0,0.12615,0.038494,0.12615,0.038494,0,1,0,0.0333,0,1801.8,0,2,0,0.0333,0,3603.6
1231,12,568.33,568.4,15,2,336,0,0,0,0,0,0,0,0,0,0,0,0,0.1009,0.030167,0.1009,0.030167,0,2,0,0.0667,0,1799.1,0,2,0,0.0667,0,1799.1
1231,12,568.5,569.03,23,2,337,0,0,0,0,0,0,0,0,0,0,0,0,0.14304,0.037188,0.1443,0.03575,0,2,0,0.5333,0,225.01,0,1.0625,0,0.28332,0,225.01
1231,12,569.17,569.2,15,2,338,0,0,0,0,0,0,0,0,0,0,0,0,0,0,0,0,0,2,0,0.0333,0,3603.6,0,1,0,0.0333,0,1801.8
1231,12,570,570.07,15,2,339,0,0,0,0,0,0,1,0,0.0666,0,900.9,0,0.10539,0.029364,0.10539,0.029364,0,2,0,0.0666,0,1801.8,0,1,0,0.0666,0,900.9
1231,12,570.13,570.17,23,2,340,0,0,0,0,0,0,0,1,0,0.0333,0,1801.8,0.11286,0.038683,0.11286,0.038683,0,2,0,0.0333,0,3603.6,0,1,0,0.0333,0,1801.8
1231,12,570.3,570.73,23,2,341,0,0,0,0,0,0,0,0,0,0,0,0,0.13651,0.041161,0.13535,0.041379,0,2,0,0.4333,0,276.94,0,1.5384,0,0.3333,0,276.94
1231,12,570.77,571,23,2,342,0,0,0,0,0,0,0,0,0,0,0,0,0.13366,0.036964,0.13398,0.037069,0,2,0,0.2333,0,514.36,0,2,0,0.2333,0,514.36
1231,12,571.2,571.23,23,2,343,0,0,0,0,0,0,0,0,0,0,0,0,0.13597,0.037636,0.13597,0.037636,0,1,0,0.0333,0,1801.8,0,2,0,0.0333,0,3603.6
1231,12,571.4,571.43,23,2,344,0,0,0,0,0,0,0,0,0,0,0,0,0.13213,0.036586,0.13213,0.036586,0,1,0,0.0333,0,1801.8,0,2,0,0.0333,0,3603.6
1231,12,571.43,571.57,15,2,345,0,0,0,0,0,0,0,0,0,0,0,0,0.11394,0.029811,0.1174,0.029891,0,1,0,0.1333,0,450.11,0,2,0,0.1333,0,900.23
1231,12,571.57,571.6,23,2,346,0,0,0,0,0,0,0,0,0,0,0,0,0,0,0,0,0,1,0,0.0333,0,1801.8,0,2,0,0.0333,0,3603.6
1231,12,571.6,571.7,15,2,347,0,0,0,0,0,0,0,0,0,0,0,0,0.11592,0.030984,0.12,0.03102,0,1,0,0.1,0,600,0,2,0,0.1,0,1200
1231,12,571.73,571.9,15,2,348,0,0,0,0,0,0,0,0,0,0,0,0,0.12126,0.029675,0.12125,0.02963,0,1,0,0.1667,0,359.93,0,2,0,0.1667,0,719.86
1231,12,572.03,572.2,15,2,349,0,0,0,0,0,0,0,0,0,0,0,0,0.096749,0.027282,0.095156,0.027184,0,1,0,0.1667,0,359.93,0,2,0,0.1667,0,719.86
1231,12,572.23,572.37,15,2,350,0,0.74969,0,0.099933,0,450.11,0,0,0,0,0,0,0.10158,0.029673,0.10069,0.029749,0,1,0,0.1333,0,450.11,0,2,0,0.1333,0,900.23
1231,12,572.4,572.43,23,2,351,0,1,0,0.0333,0,1801.8,0,0,0,0,0,0,0.12955,0.032624,0.12955,0.032624,0,1,0,0.0333,0,1801.8,0,2,0,0.0333,0,3603.6
1231,12,572.43,572.6,15,2,352,0,1,0,0.1667,0,359.93,0,0,0,0,0,0,0.096479,0.029261,0.098346,0.029191,0,1,0,0.1667,0,359.93,0,2,0,0.1667,0,719.86
1231,12,572.73,572.83,23,2,353,0,1,0,0.1,0,600,0,0,0,0,0,0,0.11827,0.034133,0.12285,0.033314,0,1,0,0.1,0,600,0,2,0,0.1,0,1200
1231,12,572.83,572.9,15,2,354,0,1,0,0.0667,0,899.55,0,0,0,0,0,0,0.086162,0.026636,0.086162,0.026636,0,1,0,0.0667,0,899.55,0,2,0,0.0667,0,1799.1
1231,12,572.97,573.03,15,2,355,0,0,0,0,0,0,0,0,0,0,0,0,0.074421,0.026204,0.074421,0.026204,0,1.5,0,0.04995,0,1801.8,0,2,0,0.0666,0,1801.8
1231,12,573.03,573.1,23,2,356,0,0.9995,0,0.066667,0,899.55,0,0,0,0,0,0,0.11414,0.03027,0.11414,0.03027,0,2,0,0.0667,0,1799.1,0,2,0,0.0667,0,1799.1
1231,12,573.17,573.2,23,2,357,0,1,0,0.0333,0,1801.8,0,0,0,0,0,0,0,0,0,0,0,2,0,0.0333,0,3603.6,0,2,0,0.0333,0,3603.6
1231,12,573.23,573.27,23,2,358,0,1,0,0.0333,0,1801.8,0,0,0,0,0,0,0.10274,0.027641,0.10274,0.027641,0,2,0,0.0333,0,3603.6,0,2,0,0.0333,0,3603.6
1231,12,573.63,573.67,12,2,359,0,0,0,0,0,0,0,0,0,0,0,0,0.050085,0.016392,0.050085,0.016392,0,2,0,0.0333,0,3603.6,0,2,0,0.0333,0,3603.6
1231,12,574.9,574.93,23,2,360,0,0,0,0,0,0,0,0,0,0,0,0,0.10139,0.032832,0.10139,0.032832,0,2,0,0.0333,0,3603.6,0,2,0,0.0333,0,3603.6
1231,12,574.93,575.03,15,2,361,0,0,0,0,0,0,0,0,0,0,0,0,0.10613,0.031725,0.11309,0.033031,0,2,0,0.1,0,1200,0,2,0,0.1,0,1200
1231,12,575.8,575.83,21,2,362,0,0,0,0,0,0,0,1,0,0.0333,0,1801.8,0.077695,0.032536,0.077695,0.032536,0,2,0,0.0333,0,3603.6,0,2,0,0.0333,0,3603.6
1231,12,575.87,575.9,10,2,363,0,0,0,0,0,0,0,0,0,0,0,0,0,0,0,0,1,0,0.0333,0,1801.8,0,0,2,0,0.0333,0,3603.6
1231,12,575.93,576.17,10,2,364,0,0,0,0,0,0,0,0,0,0,0,0,0.14371,0.037681,0.15641,0.037908,0.57165,0,0.13337,0,257.18,0,0,2,0,0.2333,0,514.36
1231,12,578.07,578.1,17,2,365,0,0,0,0,0,0,0,0,0,0,0,0,0,0,0,0,0,0,0,0,0,0,0,2,0,0.0333,0,3603.6
1231,12,578.5,578.53,15,2,366,0,0,0,0,0,0,0,0,0,0,0,0,0.071621,0.032294,0.071621,0.032294,0,0,0,0,0,0,0,2,0,0.0333,0,3603.6
1231,12,578.9,579.03,4,2,367,0,0,0,0,0,0,0,0,0,0,0,0,0.057708,0.022712,0.057619,0.023281,0,0,0,0,0,0,0,2,0,0.1333,0,900.23
1231,12,589.67,589.73,15,2,368,0,0,0,0,0,0,0,0,0,0,0,0,0.074284,0.029104,0.074284,0.029104,0,2,0,0.0666,0,1801.8,0,2,0,0.0666,0,1801.8
1231,12,589.83,589.9,15,2,369,0,0,0,0,0,0,0,0,0,0,0,0,0.07834,0.026893,0.07834,0.026893,0,2,0,0.0667,0,1799.1,0,2,0,0.0667,0,1799.1
1231,12,589.93,589.97,15,2,370,0,0,0,0,0,0,0,0,0,0,0,0,0.066514,0.023854,0.066514,0.023854,0,2,0,0.0333,0,3603.6,0,2,0,0.0333,0,3603.6
1231,12,590.43,590.5,15,2,371,0,0,0,0,0,0,0,0,0,0,0,0,0.098656,0.028991,0.098656,0.028991,0,2,0,0.0667,0,1799.1,0,2,0,0.0667,0,1799.1
1231,12,590.53,590.6,15,2,372,0,0,0,0,0,0,0,0,0,0,0,0,0.091011,0.027949,0.091011,0.027949,0,2,0,0.0667,0,1799.1,0,2,0,0.0667,0,1799.1
1231,12,590.7,591.1,21,2,373,0,0,0,0,0,0,0,0,0,0,0,0,0.06407,0.026097,0.062764,0.026353,0,2,0,0.4,0,300,0,2,0,0.4,0,300
1231,12,591.13,591.5,21,2,374,0,0,0,0,0,0,0,0,0,0,0,0,0.080771,0.035479,0.079707,0.03514,0,2,0,0.3667,0,327.24,0,2,0,0.3667,0,327.24
1231,12,591.57,591.73,21,2,375,0,0,0,0,0,0,0,0,0,0,0,0,0.088052,0.034624,0.086478,0.036099,0,2,0,0.1666,0,720.29,0,2,0,0.1666,0,720.29
1231,12,591.77,591.8,21,2,376,0,0,0,0,0,0,0,0,0,0,0,1801.8,0,0,0,0,0,2,0,0.0333,0,3603.6,0,2,0,0.0333,0,3603.6
1231,12,592.8,592.9,3,2,377,0,1,0,0.1,0,600,0,0,0,0,0,0,0.12064,0.063452,0.12003,0.064176,0,1,0,0.1,0,600,0,2,0,0.1,0,1200
1231,12,593.1,593.13,21,2,378,0,1,0,0.0333,0,1801.8,0,0,0,0,0,0,0.1249,0.067734,0.1249,0.067734,0,1,0,0.0333,0,1801.8,0,2,0,0.0333,0,3603.6
1231,12,593.7,593.73,8,2,379,1,0,0.0333,0,1801.8,0,0,0,0,0,0,0,0.11336,0.06732,0.11336,0.06732,1,1,0.0333,0.0333,1801.8,1801.8,0,2,0,0.0333,0,3603.6
1231,12,593.77,593.8,8,2,380,1,0,0.0333,0,1801.8,0,0,0,0,0,0,0,0,0,0,0,1,1,0.0333,0.0333,1801.8,1801.8,0,2,0,0.0333,0,3603.6
1231,12,594.93,595,8,2,381,1,0,0.0667,0,899.55,0,1,0,0.0667,0,899.55,0,0.13408,0.063009,0.13408,0.063009,1,1,0.0667,0.0667,899.55,899.55,0,2,0,0.0667,0,1799.1
1231,12,595.03,595.1,8,2,382,1,0,0.0667,0,899.55,0,1,0,0.0667,0,899.55,0,0.11985,0.056761,0.11985,0.056761,1,1,0.0667,0.0667,899.55,899.55,0,2,0,0.0667,0,1799.1
1231,12,595.1,595.13,21,2,383,0,1,0,0.0333,0,1801.8,0,1,0,0.0333,0,1801.8,0.19064,0.056513,0.19064,0.056513,0,2,0,0.0333,0,3603.6,0,2,0,0.0333,0,3603.6
1231,12,595.17,595.23,21,2,384,0,1,0,0.0666,0,900.9,0,1,0,0.0666,0,900.9,0.22371,0.053326,0.22371,0.053326,0,2,0,0.0666,0,1801.8,0,2,0,0.0666,0,1801.8
1231,12,595.27,595.5,8,2,385,1,0,0.2333,0,257.18,0,1,0,0.2333,0,257.18,0,0.19765,0.052551,0.198,0.051997,1,1,0.2333,0.2333,257.18,257.18,0,2,0,0.2333,0,514.36
1231,12,595.53,595.67,8,2,386,1,0,0.1333,0,450.11,0,1,0,0.1333,0,450.11,0,0.18476,0.052583,0.18655,0.051554,1,1,0.1333,0.1333,450.11,450.11,0,2,0,0.1333,0,900.23
1231,12,595.7,595.73,8,2,387,1,0,0.0333,0,1801.8,0,1,0,0.0333,0,1801.8,0,0.15465,0.061604,0.15465,0.061604,1,1,0.0333,0.0333,1801.8,1801.8,0,2,0,0.0333,0,3603.6
1231,12,595.8,595.9,8,2,388,1,0,0.1,0,600,0,1,0,0.1,0,600,0,0.13436,0.065663,0.13348,0.065998,1,1,0.1,0.1,600,600,0,2,0,0.1,0,1200
1231,12,595.9,595.93,3,2,389,0,1,0,0.0333,0,1801.8,0,1,0,0.0333,0,1801.8,0.090332,0.057007,0.090332,0.057007,0,2,0,0.0333,0,3603.6,0,2,0,0.0333,0,3603.6
1231,12,595.93,596.23,8,2,390,1,0,0.3,0,200,0,1,0,0.3,0,200,0,0.1773,0.069715,0.18686,0.070021,1,0.11122,0.3,0.033367,200,200,0,2,0,0.3,0,400
1231,12,596.27,596.37,21,2,391,0,1,0,0.0999,0,600.6,0,1,0,0.0999,0,600.6,0.10723,0.051752,0.10723,0.051752,0,1.333,0,0.066583,0,1201.2,0,2,0,0.0999,0,1201.2
1231,12,596.4,596.43,21,2,392,0,1,0,0.0333,0,1801.8,0,1,0,0.0333,0,1801.8,0.11885,0.058127,0.11885,0.058127,0,2,0,0.0333,0,3603.6,0,2,0,0.0333,0,3603.6
1231,12,596.53,596.77,8,2,393,0.85741,0,0.20003,0,257.18,0,1,0,0.2333,0,257.18,0,0.13107,0.054172,0.12949,0.052901,2,0,0.2333,0,514.36,0,0,2,0,0.2333,0,514.36
1231,12,596.8,596.83,8,2,394,0,0,0,0,0,0,1,0,0.0333,0,1801.8,0,0.11521,0.047636,0.11521,0.047636,2,0,0.0333,0,3603.6,0,0,2,0,0.0333,0,3603.6
1231,12,597.2,597.23,15,2,395,0,0,0,0,0,0,0,1,0,0.0333,0,1801.8,0.092383,0.032483,0.092383,0.032483,0,2,0,0.0333,0,3603.6,0,2,0,0.0333,0,3603.6
1231,12,597.3,597.4,15,2,396,0,0.33333,0,0.033333,0,600,0,1,0,0.1,0,600,0.092389,0.031215,0.090781,0.030431,0,2,0,0.1,0,1200,0,2,0,0.1,0,1200
1231,12,597.8,597.83,23,2,397,0,0,0,0,0,0,0,1,0,0.0333,0,1801.8,0.12246,0.035458,0.12246,0.035458,0,1,0,0.0333,0,1801.8,0,2,0,0.0333,0,3603.6
1231,12,597.87,597.9,23,2,398,0,0,0,0,0,0,0,1,0,0.0333,0,1801.8,0,0,0,0,0,1,0,0.0333,0,1801.8,0,1,0,0.0333,0,1801.8
1231,12,598,598.37,15,2,399,0,0,0,0,0,0,0,1,0,0.3666,0,163.67,0.095839,0.028452,0.096432,0.028494,0,1,0,0.3666,0,163.67,0,1,0,0.3666,0,163.67
1231,12,598.5,598.53,23,2,400,0,0,0,0,0,0,0,1,0,0.0333,0,1801.8,0.12056,0.031294,0.12056,0.031294,0,2,0,0.0333,0,3603.6,0,2,0,0.0333,0,3603.6
1231,12,598.53,598.57,15,2,401,0,0,0,0,0,0,0,1,0,0.0333,0,1801.8,0.090771,0.031589,0.090771,0.031589,0,2,0,0.0333,0,3603.6,0,2,0,0.0333,0,3603.6
1231,12,598.87,598.93,8,2,402,0,0,0,0,0,0,1,0,0.0666,0,900.9,0,0.12362,0.046484,0.12362,0.046484,1,1,0.0666,0.0666,900.9,900.9,1,1,0.0666,0.0666,900.9,900.9
1231,12,599,599.07,17,2,403,0,0,0,0,0,0,0,1,0,0.0666,0,900.9,0.10588,0.035372,0.10588,0.035372,1,1,0.0666,0.0666,900.9,900.9,0,1,0,0.0666,0,900.9
1231,12,599.63,599.67,17,2,404,0,1,0,0.0333,0,1801.8,0,1,0,0.0333,0,1801.8,0.103,0.03992,0.103,0.03992,1,1,0.0333,0.0333,1801.8,1801.8,0,2,0,0.0333,0,3603.6
1231,12,600.13,600.23,8,2,405,1,0,0.1,0,600,0,1,0,0.1,0,600,0,0.1448,0.039605,0.14483,0.040348,1.333,0,0.06665,0,1200,0,0,2,0,0.1,0,1200
1231,12,600.3,600.73,23,2,406,0,1,0,0.4333,0,138.47,0,1,0,0.4333,0,138.47,0.19918,0.040299,0.19619,0.040464,0,2,0,0.4333,0,276.94,0,2,0,0.4333,0,276.94
1231,12,600.73,600.83,21,2,407,0,1,0,0.1,0,600,0,1,0,0.1,0,600,0.075288,0.026094,0.075876,0.025844,0,2,0,0.1,0,1200,0,2,0,0.1,0,1200
1231,12,600.83,600.87,23,2,408,0,1,0,0.0333,0,1801.8,0,1,0,0.0333,0,1801.8,0.17589,0.038743,0.17589,0.038743,0,2,0,0.0333,0,3603.6,0,2,0,0.0333,0,3603.6
1231,12,600.87,601.13,21,2,409,0,1,0,0.2666,0,225.06,0,1,0,0.2666,0,225.06,0.071562,0.027594,0.071719,0.027059,0,2,0,0.2666,0,450.11,0,2,0,0.2666,0,450.11
1231,12,601.17,601.23,21,2,410,0,1,0,0.0666,0,900.9,0,1,0,0.0666,0,900.9,0.065557,0.030612,0.065557,0.030612,0,2,0,0.0666,0,1801.8,0,2,0,0.0666,0,1801.8
1231,12,601.67,601.7,23,2,411,0,0,0,0,0,0,0,1,0,0.0333,0,1801.8,0,0,0,0,0,2,0,0.0333,0,3603.6,0,2,0,0.0333,0,3603.6
1231,12,601.73,601.9,23,2,412,0,6.8198e-13,0,1.1369e-13,0,359.93,0,1,0,0.1667,0,359.93,0.13568,0.047443,0.14238,0.04741,0,2,0,0.1667,0,719.86,0,2,0,0.1667,0,719.86
1231,12,601.93,601.97,23,2,413,0,1,0,0.0333,0,1801.8,0,1,0,0.0333,0,1801.8,0.085918,0.027337,0.085918,0.027337,0,2,0,0.0333,0,3603.6,0,2,0,0.0333,0,3603.6
1231,12,602.37,602.4,23,2,414,0,0,0,0,0,0,0,1,0,0.0333,0,1801.8,0,0,0,0,0,2,0,0.0333,0,3603.6,0,2,0,0.0333,0,3603.6
1231,12,602.4,602.47,15,2,415,0,0,0,0,0,0,0,1,0,0.0666,0,900.9,0.092253,0.027057,0.092253,0.027057,0,2,0,0.0666,0,1801.8,0,2,0,0.0666,0,1801.8
1231,12,602.57,602.6,14,2,416,0,0,0,0,0,0,0,1,0,0.0333,0,1801.8,0,0,0,0,0,2,0,0.0333,0,3603.6,0,2,0,0.0333,0,3603.6
1231,12,604.17,604.2,15,2,417,0,0,0,0,0,0,0,0,0,0,0,0,0,0,0,0,0,2,0,0.0333,0,3603.6,0,2,0,0.0333,0,3603.6
1231,12,604.23,604.37,15,2,418,0,0,0,0,0,0,0,0,0,0,0,0,0.093459,0.036366,0.094873,0.037606,0,2,0,0.1333,0,900.23,0,2,0,0.1333,0,900.23
1231,12,604.53,604.6,15,2,419,0,1,0,0.0667,0,899.55,0,0,0,0,0,0,0.097272,0.033571,0.097272,0.033571,0,2,0,0.0667,0,1799.1,0,2,0,0.0667,0,1799.1
1231,12,604.9,604.93,15,2,420,0,1,0,0.0333,0,1801.8,0,0,0,0,0,0,0.08666,0.033627,0.08666,0.033627,0,2,0,0.0333,0,3603.6,0,2,0,0.0333,0,3603.6
1231,12,605.07,605.1,23,2,421,0,0,0,0,0,0,0,0,0,0,0,0,0,0,0,0,0,2,0,0.0333,0,3603.6,0,2,0,0.0333,0,3603.6
1231,12,605.3,605.33,15,2,422,0,1,0,0.0333,0,1801.8,0,0,0,0,0,0,0.086979,0.024581,0.086979,0.024581,0,2,0,0.0333,0,3603.6,0,2,0,0.0333,0,3603.6
1231,12,605.37,605.4,15,2,423,0,1,0,0.0333,0,1801.8,0,0,0,0,0,0,0,0,0,0,0,2,0,0.0333,0,3603.6,0,2,0,0.0333,0,3603.6
1231,12,605.6,605.67,15,2,424,0,1,0,0.0666,0,900.9,0,0,0,0,0,0,0.085918,0.026181,0.085918,0.026181,0,2,0,0.0666,0,1801.8,0,2,0,0.0666,0,1801.8
1231,12,605.77,605.83,15,2,425,0,1,0,0.0666,0,900.9,0,0,0,0,0,0,0.090143,0.027774,0.090143,0.027774,0,2,0,0.0666,0,1801.8,0,2,0,0.0666,0,1801.8
1231,12,605.87,605.9,15,2,426,0,1,0,0.0333,0,1801.8,0,0,0,0,0,0,0,0,0,0,0,2,0,0.0333,0,3603.6,0,2,0,0.0333,0,3603.6
1231,12,606.43,606.5,23,2,427,0,1,0,0.0667,0,899.55,0,1,0,0.0667,0,899.55,0.093146,0.032396,0.093146,0.032396,0,2,0,0.0667,0,1799.1,0,2,0,0.0667,0,1799.1
1231,12,606.53,606.63,23,2,428,0,1,0,0.1,0,600,0,0.667,0,0.0667,0,600,0.088891,0.032428,0.089232,0.032074,0,2,0,0.1,0,1200,0,2,0,0.1,0,1200
1231,12,606.73,607.07,23,2,429,0,1,0,0.3333,0,180.02,0,0,0,0,0,0,0.091306,0.032386,0.091895,0.032692,0,2,0,0.3333,0,360.04,0,2,0,0.3333,0,360.04
1231,12,607.07,607.2,15,2,430,0,1,0,0.1333,0,450.11,0,0.50013,0,0.066667,0,450.11,0.085002,0.026997,0.085664,0.027061,0,2,0,0.1333,0,900.23,0,2,0,0.1333,0,900.23
1231,12,607.33,607.4,15,2,431,0,1,0,0.0667,0,899.55,0,1,0,0.0667,0,899.55,0.07762,0.026602,0.07762,0.026602,0,2,0,0.0667,0,1799.1,0,2,0,0.0667,0,1799.1
1231,12,607.43,607.47,15,2,432,0,1,0,0.0333,0,1801.8,0,1,0,0.0333,0,1801.8,0.076875,0.026297,0.076875,0.026297,0,2,0,0.0333,0,3603.6,0,2,0,0.0333,0,3603.6
1231,12,607.53,607.73,15,2,433,0,1,0,0.2,0,300,0,0.00016667,0,3.3333e-05,0,300,0.087016,0.025995,0.087821,0.025535,0,2,0,0.2,0,600,0,2,0,0.2,0,600
1231,12,607.77,608.1,15,2,434,0,1,0,0.3333,0,180.02,0,0,0,0,0,0,0.088976,0.026304,0.088978,0.026462,0,2,0,0.3333,0,360.04,0,2,0,0.3333,0,360.04
1231,12,608.13,608.17,15,2,435,0,1,0,0.0333,0,1801.8,0,0,0,0,0,0,0.085221,0.029758,0.085221,0.029758,0,2,0,0.0333,0,3603.6,0,2,0,0.0333,0,3603.6
1231,12,608.3,608.37,15,2,436,0,1,0,0.0666,0,900.9,0,0,0,0,0,0,0.089627,0.029105,0.089627,0.029105,0,2,0,0.0666,0,1801.8,0,2,0,0.0666,0,1801.8
1231,12,608.63,608.7,15,2,437,0,1,0,0.0667,0,899.55,0,0,0,0,0,0,0.076387,0.027838,0.076387,0.027838,0,2,0,0.0667,0,1799.1,0,2,0,0.0667,0,1799.1
1231,12,608.73,608.87,15,2,438,0,1,0,0.1333,0,450.11,0,0,0,0,0,0,0.090378,0.028891,0.091641,0.029189,0,2,0,0.1333,0,900.23,0,2,0,0.1333,0,900.23
1231,12,608.93,609.17,10,2,439,0,1,0,0.11665,0,514.36,0,1,0,0.2333,0,257.18,0.12288,0.032944,0.12255,0.032849,0,2,0,0.2333,0,514.36,0,2,0,0.2333,0,514.36
1231,12,609.47,609.5,10,2,440,0,1,0,0.0333,0,1801.8,0,0,0,0,0,0,0,0,0,0,0,2,0,0.0333,0,3603.6,0,2,0,0.0333,0,3603.6
1231,12,609.63,609.67,10,2,441,0,1,0,0.0333,0,1801.8,0,0,0,0,0,0,0.10697,0.035436,0.10697,0.035436,0,2,0,0.0333,0,3603.6,0,2,0,0.0333,0,3603.6
1231,12,609.7,609.83,10,2,442,0,1,0,0.1333,0,450.11,0,0,0,0,0,0,0.10311,0.035948,0.1026,0.035947,0,2,0,0.1333,0,900.23,0,2,0,0.1333,0,900.23
1231,12,611.77,611.93,12,2,443,0,1,0,0.1666,0,360.14,0,0,0,0,0,0,0.11073,0.036852,0.10919,0.035598,0,0,0,0,0,0,0,2,0,0.1666,0,720.29
1231,12,611.97,612,14,2,444,0,1,0,0.0333,0,1801.8,0,0,0,0,0,0,0,0,0,0,0,0,0,0,0,0,0,2,0,0.0333,0,3603.6
1231,12,612.03,612.07,12,2,445,0,1,0,0.0333,0,1801.8,0,0,0,0,0,0,0.1103,0.038809,0.1103,0.038809,0,0,0,0,0,0,0,2,0,0.0333,0,3603.6
1231,12,612.07,612.57,14,2,446,0,1,0,0.4999,0,120.02,0,0,0,0,0,0,0.11177,0.041718,0.10692,0.042737,0.33327,0.3334,0.1666,0.16667,120.02,120.02,0,2,0,0.4999,0,240.05
1231,12,612.57,612.67,7,2,447,0,1,0,0.0999,0,600.6,0,0,0,0,0,0,0.07181,0.028532,0.07181,0.028532,0,1,0,0.0999,0,600.6,0,2,0,0.0999,0,1201.2
1231,12,612.67,612.7,14,2,448,0,1,0,0.0333,0,1801.8,0,0,0,0,0,0,0,0,0,0,1,0,0.0333,0,1801.8,0,0,2,0,0.0333,0,3603.6
1231,12,612.7,612.93,7,2,449,0,1,0,0.2333,0,257.18,0,0,0,0,0,0,0.075479,0.029438,0.076595,0.030456,0,1,0,0.2333,0,257.18,0,1.8573,0,0.21665,0,514.36
1231,12,612.93,613,14,2,450,0,1,0,0.0667,0,899.55,0,0,0,0,0,0,0.16228,0.043678,0.16228,0.043678,1,0,0.0667,0,899.55,0,0,1,0,0.0667,0,899.55
1231,12,613,613.07,7,2,451,0,1,0,0.0666,0,900.9,0,0,0,0,0,0,0.072783,0.032281,0.072783,0.032281,0,1,0,0.0666,0,900.9,0,1,0,0.0666,0,900.9
1231,12,613.07,613.2,14,2,452,0,1,0,0.06665,0,900.23,0,0,0,0,0,0,0.15553,0.040481,0.16427,0.040036,0,0,0,0,0,0,0,1,0,0.1333,0,450.11
1231,12,613.23,613.33,14,2,453,0,1,0,0.1,0,600,0,0,0,0,0,0,0.11526,0.05256,0.11377,0.047788,0,0,0,0,0,0,0,1,0,0.1,0,600
1231,12,613.33,613.47,5,2,454,0,1,0,0.1333,0,450.11,0,0,0,0,0,0,0.097627,0.038012,0.098516,0.037049,0,0,0,0,0,0,0,1,0,0.1333,0,450.11
1231,12,613.7,613.73,7,2,455,1,0,0.0333,0,1801.8,0,0,0,0,0,0,0,0.052129,0,0.052129,0,1,0,0.0333,0,1801.8,0,0,1,0,0.0333,0,1801.8
1231,12,614.6,614.67,7,2,456,1,0,0.0666,0,900.9,0,0,0,0,0,0,0,0.12037,0.055652,0.12037,0.055652,1,0,0.0666,0,900.9,0,0,1,0,0.0666,0,900.9
1231,12,614.73,614.77,7,2,457,1,0,0.0333,0,1801.8,0,0,0,0,0,0,0,0.13741,0.058971,0.13741,0.058971,1,0,0.0333,0,1801.8,0,0,1,0,0.0333,0,1801.8
1231,12,614.8,615.57,7,2,458,1,0,0.7666,0,78.268,0,0.26081,0,0.19993,0,78.268,0,0.31746,0.041038,0.32086,0.038751,1,0,0.7666,0,78.268,0,0,1,0,0.7666,0,78.268
1231,12,615.6,615.67,7,2,459,1,0,0.0666,0,900.9,0,1,0,0.0666,0,900.9,0,0.37382,0.025864,0.37382,0.025864,1,0,0.0666,0,900.9,0,0,1,0,0.0666,0,900.9
1231,12,615.67,615.77,6,2,460,0,1,0,0.0999,0,600.6,0,1,0,0.0999,0,600.6,0.26996,0.02671,0.26996,0.02671,0,1,0,0.0999,0,600.6,0,1,0,0.0999,0,600.6
1231,12,615.83,615.87,6,2,461,0,1,0,0.0333,0,1801.8,0,1,0,0.0333,0,1801.8,0.17474,0.026837,0.17474,0.026837,0,1,0,0.0333,0,1801.8,0,1,0,0.0333,0,1801.8
1231,12,615.97,616,15,2,462,0,1,0,0.0333,0,1801.8,0,1,0,0.0333,0,1801.8,0,0,0,0,0,1,0,0.0333,0,1801.8,0,1,0,0.0333,0,1801.8
1231,12,616,616.07,7,2,463,1,0,0.0666,0,900.9,0,1,0,0.0666,0,900.9,0,0.21448,0.037493,0.21448,0.037493,1,0,0.0666,0,900.9,0,0,1,0,0.0666,0,900.9
1231,12,616.07,616.17,15,2,464,0,1,0,0.0999,0,600.6,0,1,0,0.0999,0,600.6,0.13365,0.028596,0.13365,0.028596,0,1,0,0.0999,0,600.6,0,1,0,0.0999,0,600.6
1231,12,616.17,616.2,23,2,465,0,1,0,0.0333,0,1801.8,0,1,0,0.0333,0,1801.8,0,0,0,0,0,1,0,0.0333,0,1801.8,0,1,0,0.0333,0,1801.8
1231,12,616.2,616.23,21,2,466,0,1,0,0.0333,0,1801.8,0,1,0,0.0333,0,1801.8,0.3542,0.032645,0.3542,0.032645,0,1,0,0.0333,0,1801.8,0,1,0,0.0333,0,1801.8
1231,12,616.37,616.4,7,2,467,1,0,0.0333,0,1801.8,0,1,0,0.0333,0,1801.8,0,0,0,0,0,1,0,0.0333,0,1801.8,0,0,1,0,0.0333,0,1801.8
1231,12,616.43,616.47,7,2,468,1,0,0.0333,0,1801.8,0,1,0,0.0333,0,1801.8,0,0.24563,0.077427,0.24563,0.077427,1,0,0.0333,0,1801.8,0,0,1,0,0.0333,0,1801.8
1231,12,616.47,616.53,15,2,469,0,1,0,0.0666,0,900.9,0,1,0,0.0666,0,900.9,0.17062,0.062217,0.17062,0.062217,0,1,0,0.0666,0,900.9,0,1,0,0.0666,0,900.9
1231,12,616.53,616.6,7,2,470,1,0,0.0667,0,899.55,0,1,0,0.0667,0,899.55,0,0.25405,0.08808,0.25405,0.08808,1.4998,0,0.050017,0,1799.1,0,0,1,0,0.0667,0,899.55
1231,12,616.6,616.63,6,2,471,0,1,0,0.0333,0,1801.8,0,1,0,0.0333,0,1801.8,0.2703,0.057269,0.2703,0.057269,0,2,0,0.0333,0,3603.6,0,1,0,0.0333,0,1801.8
1231,12,616.63,616.67,15,2,472,0,1,0,0.0333,0,1801.8,0,1,0,0.0333,0,1801.8,0.12504,0.044065,0.12504,0.044065,0,2,0,0.0333,0,3603.6,0,1,0,0.0333,0,1801.8
1231,12,616.67,616.7,6,2,473,0,1,0,0.0333,0,1801.8,0,1,0,0.0333,0,1801.8,0,0,0,0,0,2,0,0.0333,0,3603.6,0,1,0,0.0333,0,1801.8
1231,12,616.7,616.73,15,2,474,0,1,0,0.0333,0,1801.8,0,1,0,0.0333,0,1801.8,0.10366,0.042738,0.10366,0.042738,0,2,0,0.0333,0,3603.6,0,1,0,0.0333,0,1801.8
1231,12,616.73,616.83,7,2,475,1,0,0.1,0,600,0,1,0,0.1,0,600,0,0.18462,0.05936,0.20884,0.058893,2,0,0.1,0,1200,0,0,1,0,0.1,0,600
1231,12,616.87,616.93,7,2,476,1,0,0.0666,0,900.9,0,1,0,0.0666,0,900.9,0,0.24917,0.071114,0.24917,0.071114,2,0,0.0666,0,1801.8,0,0,1,0,0.0666,0,900.9
1231,12,616.93,616.97,15,2,477,0,1,0,0.0333,0,1801.8,0,1,0,0.0333,0,1801.8,0.10992,0.05119,0.10992,0.05119,0,2,0,0.0333,0,3603.6,0,1,0,0.0333,0,1801.8
1231,12,616.97,617.47,7,2,478,1,0,0.4999,0,120.02,0,1,0,0.4999,0,120.02,0,0.1369,0.045402,0.13177,0.043462,1.4667,0,0.3666,0,240.05,0,0,1,0,0.4999,0,120.02
1231,12,617.53,617.63,15,2,479,0,1,0,0.1,0,600,0,1,0,0.1,0,600,0.077521,0.038091,0.075638,0.037716,0,1,0,0.1,0,600,0,1,0,0.1,0,600
1231,12,617.67,617.7,20,2,480,0,1,0,0.0333,0,1801.8,0,1,0,0.0333,0,1801.8,0,0,0,0,0,1,0,0.0333,0,1801.8,0,1,0,0.0333,0,1801.8
1231,12,617.73,617.8,7,2,481,1,0,0.0667,0,899.55,0,1,0,0.0667,0,899.55,0,0.20215,0.03887,0.20215,0.03887,1,0,0.0667,0,899.55,0,0,1,0,0.0667,0,899.55
1231,12,617.83,617.9,7,2,482,1,0,0.0667,0,899.55,0,1,0,0.0667,0,899.55,0,0.17345,0.04324,0.17345,0.04324,1,0,0.0667,0,899.55,0,0,1,0,0.0667,0,899.55
1231,12,617.93,618.1,7,2,483,1,0,0.1667,0,359.93,0,1,0,0.1667,0,359.93,0,0.14853,0.044225,0.14141,0.044798,1,0,0.1667,0,359.93,0,0,1,0,0.1667,0,359.93
1231,12,618.1,618.17,15,2,484,0,1,0,0.0666,0,900.9,0,1,0,0.0666,0,900.9,0.093675,0.03414,0.093675,0.03414,0,1,0,0.0666,0,900.9,0,1,0,0.0666,0,900.9
1231,12,618.17,618.27,1,2,485,0,1,0,0.0999,0,600.6,0,1,0,0.0999,0,600.6,0.12246,0.039084,0.12246,0.039084,0,1,0,0.0999,0,600.6,0,1,0,0.0999,0,600.6
1231,12,618.3,618.43,15,2,486,0,1,0,0.1333,0,450.11,0,1,0,0.1333,0,450.11,0.10224,0.047302,0.10236,0.049309,0,1,0,0.1333,0,450.11,0,1.4999,0,0.099967,0,900.23
1231,12,618.53,618.57,6,2,487,0,1,0,0.0333,0,1801.8,0,1,0,0.0333,0,1801.8,0.18627,0.055252,0.18627,0.055252,0,1,0,0.0333,0,1801.8,0,2,0,0.0333,0,3603.6
1231,12,618.57,618.6,7,2,488,1,0,0.0333,0,1801.8,0,1,0,0.0333,0,1801.8,0,0,0,0,0,1,0,0.0333,0,1801.8,0,0,2,0,0.0333,0,3603.6
1231,12,618.67,618.7,6,2,489,0,1,0,0.0333,0,1801.8,0,1,0,0.0333,0,1801.8,0,0,0,0,0,1,0,0.0333,0,1801.8,0,2,0,0.0333,0,3603.6
1231,12,618.77,619.6,7,2,490,1,0,0.8333,0,72.003,0,1,0,0.8333,0,72.003,0,0.21912,0.062004,0.22422,0.064869,1,0,0.8333,0,72.003,0,0,2,0,0.8333,0,144.01
1231,12,620,620.1,15,2,491,0,1,0,0.1,0,600,0,1,0,0.1,0,600,0.26231,0.058153,0.26016,0.058694,0,1.6667,0,0.083333,0,1200,0,2,0,0.1,0,1200
1231,12,620.1,620.5,7,2,492,1,0,0.4,0,150,0,1,0,0.4,0,150,0,0.25331,0.042477,0.23503,0.044461,1.5833,0,0.31667,0,300,0,0,2,0,0.4,0,300
1231,12,620.53,620.63,15,2,493,0,1,0,0.1,0,600,0,1,0,0.1,0,600,0.096776,0.033749,0.094268,0.035054,0,1,0,0.1,0,600,0,2,0,0.1,0,1200
1231,12,620.63,620.67,7,2,494,1,0,0.0333,0,1801.8,0,1,0,0.0333,0,1801.8,0,0.28509,0.048125,0.28509,0.048125,1,0,0.0333,0,1801.8,0,0,2,0,0.0333,0,3603.6
1231,12,620.67,620.7,15,2,495,0,1,0,0.0333,0,1801.8,0,1,0,0.0333,0,1801.8,0,0,0,0,0,1,0,0.0333,0,1801.8,0,2,0,0.0333,0,3603.6
1231,12,620.7,620.73,7,2,496,1,0,0.0333,0,1801.8,0,1,0,0.0333,0,1801.8,0,0.31868,0.039187,0.31868,0.039187,1,0,0.0333,0,1801.8,0,0,2,0,0.0333,0,3603.6
1231,12,620.73,620.97,15,2,497,0,1,0,0.2333,0,257.18,0,1,0,0.2333,0,257.18,0.10006,0.0352,0.10156,0.034187,0,1.1426,0,0.13328,0,514.36,0,2,0,0.2333,0,514.36
1231,12,621.07,621.1,15,2,498,0,1,0,0.0333,0,1801.8,0,1,0,0.0333,0,1801.8,0,0,0,0,0,2,0,0.0333,0,3603.6,0,2,0,0.0333,0,3603.6
1231,12,621.2,621.23,15,2,499,0,1,0,0.0333,0,1801.8,0,1,0,0.0333,0,1801.8,0.10931,0.037502,0.10931,0.037502,0,2,0,0.0333,0,3603.6,0,2,0,0.0333,0,3603.6
1231,12,621.37,621.4,1,2,500,0,1,0,0.0333,0,1801.8,0,1,0,0.0333,0,1801.8,0,0,0,0,0,2,0,0.0333,0,3603.6,0,2,0,0.0333,0,3603.6
1231,12,621.47,621.5,21,2,501,0,1,0,0.0333,0,1801.8,0,1,0,0.0333,0,1801.8,0,0,0,0,0,2,0,0.0333,0,3603.6,0,2,0,0.0333,0,3603.6
1231,12,621.73,622.37,7,2,502,1,0,0.6333,0,94.742,0,1,0,0.6333,0,94.742,0,0.34504,0.055169,0.35625,0.056286,1.8948,0,0.6,0,189.48,0,0,2,0,0.6333,0,189.48
1231,12,622.37,622.4,15,2,503,0,1,0,0.0333,0,1801.8,0,1,0,0.0333,0,1801.8,0,0,0,0,0,1,0,0.0333,0,1801.8,0,2,0,0.0333,0,3603.6
1231,12,622.4,622.47,7,2,504,1,0,0.0666,0,900.9,0,1,0,0.0666,0,900.9,0,0.17766,0.05985,0.17766,0.05985,1,0,0.0666,0,900.9,0,0,2,0,0.0666,0,1801.8
1231,12,622.5,622.77,7,2,505,1,0,0.2666,0,225.06,0,1,0,0.2666,0,225.06,0,0.15257,0.047211,0.14907,0.04743,1,0,0.2666,0,225.06,0,0,2,0,0.2666,0,450.11
1231,12,622.83,622.9,7,2,506,1,0,0.0667,0,899.55,0,1,0,0.0667,0,899.55,0,0.14534,0.054512,0.14534,0.054512,1,0,0.0667,0,899.55,0,0,2,0,0.0667,0,1799.1
1231,12,622.97,623.3,7,2,507,1,0,0.3333,0,180.02,0,1,0,0.3333,0,180.02,0,0.22761,0.063635,0.22511,0.061654,1.7,0,0.2833,0,360.04,0,0,2,0,0.3333,0,360.04
1231,12,623.33,623.37,23,2,508,0,1,0,0.0333,0,1801.8,0,1,0,0.0333,0,1801.8,0.12167,0.056068,0.12167,0.056068,0,1,0,0.0333,0,1801.8,0,2,0,0.0333,0,3603.6
1231,12,624.17,624.2,15,2,509,1,0,0.0333,0,1801.8,0,0,1,0,0.0333,0,1801.8,0,0,0,0,0,1,0,0.0333,0,1801.8,0,2,0,0.0333,0,3603.6
1231,12,624.27,624.6,15,2,510,1,0,0.3333,0,180.02,0,0,1,0,0.3333,0,180.02,0.12455,0.043895,0.12393,0.041338,0,1,0,0.3333,0,180.02,0,2,0,0.3333,0,360.04
1231,12,624.63,624.7,23,2,511,0,1,0,0.0667,0,899.55,0,1,0,0.0667,0,899.55,0.17712,0.052377,0.17712,0.052377,0,1,0,0.0667,0,899.55,0,2,0,0.0667,0,1799.1
1231,12,624.7,624.87,15,2,512,0.40016,0,0.066667,0,360.14,0,0,1,0,0.1666,0,360.14,0.1543,0.040092,0.15598,0.040158,0,1,0,0.1666,0,360.14,0,2,0,0.1666,0,720.29
1231,12,624.93,624.97,15,2,513,0,0,0,0,0,0,0,1,0,0.0333,0,1801.8,0.15951,0.05844,0.15951,0.05844,0,1,0,0.0333,0,1801.8,0,2,0,0.0333,0,3603.6
1231,12,626.6,626.63,15,2,514,0,1,0,0.0333,0,1801.8,0,1,0,0.0333,0,1801.8,0.10859,0.05679,0.10859,0.05679,0,1,0,0.0333,0,1801.8,0,2,0,0.0333,0,3603.6
1231,12,627.33,627.43,15,2,515,0,1,0,0.1,0,600,0,0.667,0,0.0667,0,600,0.099767,0.053008,0.10025,0.052483,0,1,0,0.1,0,600,0,2,0,0.1,0,1200
1231,12,627.5,627.53,15,2,516,0,1,0,0.0333,0,1801.8,0,1,0,0.0333,0,1801.8,0.10123,0.051755,0.10123,0.051755,0,1,0,0.0333,0,1801.8,0,2,0,0.0333,0,3603.6
1231,12,627.8,627.97,7,2,517,1,0,0.1666,0,360.14,0,0.59984,0,0.099933,0,360.14,0,0.16785,0.070166,0.17488,0.069887,1,0,0.1666,0,360.14,0,0,2,0,0.1666,0,720.29
1231,12,627.97,628.1,1,2,518,0,1,0,0.1333,0,450.11,0,1,0,0.1333,0,450.11,0.16167,0.059339,0.16312,0.061023,0,1.7502,0,0.11665,0,900.23,0,2,0,0.1333,0,900.23
1231,12,628.23,628.43,7,2,519,1,0,0.2,0,300,0,1,0,0.2,0,300,0,0.1895,0.059029,0.1873,0.062957,2,0,0.2,0,600,0,0,2,0,0.2,0,600
1231,12,628.43,628.47,1,2,520,0,1,0,0.0333,0,1801.8,0,1,0,0.0333,0,1801.8,0.17184,0.059788,0.17184,0.059788,0,2,0,0.0333,0,3603.6,0,2,0,0.0333,0,3603.6
1231,12,628.47,628.5,7,2,521,1,0,0.0333,0,1801.8,0,1,0,0.0333,0,1801.8,0,0,0,0,0,2,0,0.0333,0,3603.6,0,0,2,0,0.0333,0,3603.6
1231,12,628.53,628.73,7,2,522,1,0,0.2,0,300,0,1,0,0.2,0,300,0,0.19731,0.053539,0.18213,0.048313,2,0,0.2,0,600,0,0,2,0,0.2,0,600
1231,12,628.73,628.77,15,2,523,0,1,0,0.0333,0,1801.8,0,1,0,0.0333,0,1801.8,0.1225,0.044243,0.1225,0.044243,0,2,0,0.0333,0,3603.6,0,2,0,0.0333,0,3603.6
1231,12,628.8,629.03,7,2,524,1,0,0.2333,0,257.18,0,1,0,0.2333,0,257.18,0,0.25259,0.08721,0.26269,0.085792,1.2858,0,0.14998,0,514.36,0,0,2,0,0.2333,0,514.36
1231,12,629.13,629.83,7,2,525,0.71433,0.19043,0.50003,0.1333,85.714,85.714,1,0,0.7,0,85.714,0,0.24339,0.055859,0.23049,0.057972,1.7619,0,0.61665,0,171.43,0,0,2,0,0.7,0,171.43
1231,12,630.8,630.83,15,2,526,0,1,0,0.0333,0,1801.8,0,0,0,0,0,0,0.14107,0.04332,0.14107,0.04332,0,2,0,0.0333,0,3603.6,0,2,0,0.0333,0,3603.6
1231,12,630.93,630.97,23,2,527,0,1,0,0.0333,0,1801.8,0,0,0,0,0,0,0.15376,0.043287,0.15376,0.043287,0,2,0,0.0333,0,3603.6,0,2,0,0.0333,0,3603.6
1231,12,631.3,631.47,23,2,528,0,0.59984,0,0.049967,0,720.29,0,0,0,0,0,0,0.12925,0.037044,0.1275,0.036994,0,2,0,0.1666,0,720.29,0,2,0,0.1666,0,720.29
1231,12,631.9,632.07,23,2,529,0,0.59984,0,0.049967,0,720.29,0,0,0,0,0,0,0.14064,0.037564,0.1408,0.038115,0,2,0,0.1666,0,720.29,0,2,0,0.1666,0,720.29
1231,12,632.27,632.4,23,2,530,0,0,0,0,0,0,0,0,0,0,0,0,0.14423,0.035984,0.14538,0.036619,0,2,0,0.1333,0,900.23,0,2,0,0.1333,0,900.23
1231,12,632.47,632.5,15,2,531,0,0,0,0,0,0,0,0,0,0,0,0,0,0,0,0,0,2,0,0.0333,0,3603.6,0,2,0,0.0333,0,3603.6
1231,12,632.8,632.87,15,2,532,0,0,0,0,0,0,0,0,0,0,0,0,0.10763,0.035312,0.10763,0.035312,0,2,0,0.0666,0,1801.8,0,2,0,0.0666,0,1801.8
1231,12,632.93,633.2,15,2,533,0,0.24997,0,0.066667,0,224.97,0,0,0,0,0,0,0.1003,0.034449,0.099562,0.033581,0,2,0,0.2667,0,449.94,0,2,0,0.2667,0,449.94
1231,12,633.3,633.53,15,2,534,0,1,0,0.2333,0,257.18,0,0,0,0,0,0,0.10304,0.035432,0.10159,0.035038,0,2,0,0.2333,0,514.36,0,2,0,0.2333,0,514.36
1231,12,633.67,633.7,15,2,535,0,1,0,0.0333,0,1801.8,0,0,0,0,0,0,0,0,0,0,0,2,0,0.0333,0,3603.6,0,2,0,0.0333,0,3603.6
1231,12,633.77,633.8,10,2,536,0,1,0,0.0333,0,1801.8,0,0,0,0,0,0,0,0,0,0,0,2,0,0.0333,0,3603.6,0,2,0,0.0333,0,3603.6
1231,12,633.83,633.87,15,2,537,0,1,0,0.0333,0,1801.8,0,0,0,0,0,0,0.087002,0.031052,0.087002,0.031052,0,2,0,0.0333,0,3603.6,0,2,0,0.0333,0,3603.6
1231,12,634.03,634.07,23,2,538,0,0,0,0,0,0,1,0,0.0333,0,1801.8,0,0.11745,0.045613,0.11745,0.045613,0,1,0,0.0333,0,1801.8,0,2,0,0.0333,0,3603.6
1231,12,634.13,634.23,7,2,539,0,0,0,0,0,0,0,1,0,0.1,0,600,0.15925,0.041874,0.14886,0.042722,1,0,0.1,0,600,0,0,2,0,0.1,0,1200
1231,12,634.5,634.6,7,2,540,1,0,0.1,0,600,0,1,0,0.1,0,600,0,0.12871,0.068206,0.13169,0.066557,1,0,0.1,0,600,0,0,2,0,0.1,0,1200
1231,12,634.77,634.8,15,2,541,0,0,0,0,0,0,0,1,0,0.0333,0,1801.8,0,0,0,0,0,1,0,0.0333,0,1801.8,0,2,0,0.0333,0,3603.6
1231,12,634.83,634.9,15,2,542,0,1.7045e-12,0,1.1369e-13,0,899.55,0,1,0,0.0667,0,899.55,0.17574,0.053446,0.17574,0.053446,0,1,0,0.0667,0,899.55,0,2,0,0.0667,0,1799.1
1231,12,634.93,635,15,2,543,0,1,0,0.0667,0,899.55,0,1,0,0.0667,0,899.55,0.20154,0.045222,0.20154,0.045222,0,1,0,0.0667,0,899.55,0,2,0,0.0667,0,1799.1
1231,12,635.1,635.17,15,2,544,0,1,0,0.0666,0,900.9,0,1,0,0.0666,0,900.9,0.15623,0.038456,0.15623,0.038456,0,1.4995,0,0.049933,0,1801.8,0,2,0,0.0666,0,1801.8
1231,12,635.17,635.2,23,2,545,0,1,0,0.0333,0,1801.8,0,1,0,0.0333,0,1801.8,0,0,0,0,0,2,0,0.0333,0,3603.6,0,2,0,0.0333,0,3603.6
1231,12,635.67,635.7,23,2,546,0,1,0,0.0333,0,1801.8,0,1,0,0.0333,0,1801.8,0,0,0,0,0,0,0,0,0,0,0,2,0,0.0333,0,3603.6
1231,12,635.7,635.87,15,2,547,0,0,0,0,0,0,0,1,0,0.1666,0,360.14,0.12092,0.03508,0.1249,0.034181,0,0,0,0,0,0,0,1.2001,0,0.099967,0,720.29
1231,12,635.93,636,15,2,548,0,0,0,0,0,0,0,0.00049975,0,3.3333e-05,0,899.55,0.11571,0.030071,0.11571,0.030071,0,0,0,0,0,0,0,1,0,0.0667,0,899.55
1231,12,636.13,636.23,15,2,549,0,1,0,0.1,0,600,0,0,0,0,0,0,0.095169,0.043075,0.098643,0.043223,0,0,0,0,0,0,0,1,0,0.1,0,600
1231,12,637.17,637.27,15,2,550,0,1,0,0.0999,0,600.6,0,0,0,0,0,0,0.08255,0.044069,0.08255,0.044069,0,0,0,0,0,0,0,2,0,0.0999,0,1201.2
1231,12,637.33,637.43,15,2,551,0,1,0,0.1,0,600,0,0,0,0,0,0,0.092472,0.046533,0.093105,0.046994,0,0,0,0,0,0,0,2,0,0.1,0,1200
1231,12,637.47,637.53,15,2,552,0,0.5,0,0.0333,0,900.9,0,0,0,0,0,0,0.094792,0.036147,0.094792,0.036147,0,0,0,0,0,0,0,2,0,0.0666,0,1801.8
1231,12,637.57,637.6,15,2,553,0,0,0,0,0,0,0,0,0,0,0,0,0,0,0,0,0,0,0,0,0,0,0,2,0,0.0333,0,3603.6
1231,12,637.7,637.8,23,2,554,0,0.66667,0,0.066667,0,600,0,0,0,0,0,0,0.15579,0.043494,0.15236,0.043696,0,0,0,0,0,0,0,2,0,0.1,0,1200
1231,12,637.93,637.97,15,2,555,0,1,0,0.0333,0,1801.8,0,0,0,0,0,0,0.11745,0.037139,0.11745,0.037139,0,0,0,0,0,0,0,2,0,0.0333,0,3603.6
1231,12,638.2,638.33,15,2,556,0,1,0,0.1333,0,450.11,0,0,0,0,0,0,0.12383,0.034881,0.1212,0.034239,0,0,0,0,0,0,0,2,0,0.1333,0,900.23
1231,12,638.5,638.6,23,2,557,0,1,0,0.1,0,600,0,0.66667,0,0.066667,0,600,0.16796,0.040333,0.1707,0.040912,0,0,0,0,0,0,0,1,0,0.1,0,600
1231,12,638.93,639.17,23,2,558,0,1,0,0.2333,0,257.18,0,0.85698,0,0.19993,0,257.18,0.21904,0.048223,0.21398,0.046981,0,0,0,0,0,0,0,2,0,0.2333,0,514.36
1231,12,639.2,639.23,15,2,559,0,1,0,0.0333,0,1801.8,0,1,0,0.0333,0,1801.8,0.17942,0.055129,0.17942,0.055129,0,0,0,0,0,0,0,2,0,0.0333,0,3603.6
1231,12,639.23,639.33,23,2,560,0,1,0,0.1,0,600,0,1,0,0.1,0,600,0.17643,0.059401,0.17801,0.059092,0,0,0,0,0,0,0,2,0,0.1,0,1200
1231,12,639.37,639.53,20,2,561,1,0,0.1666,0,360.14,0,1,0,0.1666,0,360.14,0,0.1288,0.052841,0.12582,0.052477,0.19988,0,0.0333,0,360.14,0,0,2,0,0.1666,0,720.29
1231,12,639.57,639.73,20,2,562,1,0,0.1666,0,360.14,0,1,0,0.1666,0,360.14,0,0.17916,0.085888,0.17969,0.086025,1,0,0.1666,0,360.14,0,0,2,0,0.1666,0,720.29
1231,12,639.8,639.83,20,2,563,1,0,0.0333,0,1801.8,0,1,0,0.0333,0,1801.8,0,0.16192,0.056606,0.16192,0.056606,1,0,0.0333,0,1801.8,0,0,2,0,0.0333,0,3603.6
1231,12,640.03,640.8,20,2,564,1,0,0.7667,0,78.257,0,1,0,0.7667,0,78.257,0,0.15899,0.036723,0.15996,0.035921,1,0,0.7667,0,78.257,0,0,2,0,0.7667,0,156.51
1231,12,640.8,640.87,15,2,565,0,1,0,0.0666,0,900.9,0,1,0,0.0666,0,900.9,0.1858,0.049915,0.1858,0.049915,0,1,0,0.0666,0,900.9,0,2,0,0.0666,0,1801.8
1231,12,640.97,642.43,20,2,566,0.31817,0.63637,0.46663,0.9333,40.911,40.911,0,0.88638,0,1.3,0,40.911,0.21109,0.064406,0.20546,0.069038,1,0,1.4666,0,40.911,0,0,2,0,1.4666,0,81.822
1231,12,642.53,642.57,23,2,567,0,0,0,0,0,0,0,1,0,0.0333,0,1801.8,0.099258,0.045528,0.099258,0.045528,0,1,0,0.0333,0,1801.8,0,2,0,0.0333,0,3603.6
1231,12,642.6,642.63,23,2,568,0,0,0,0,0,0,0,1,0,0.0333,0,1801.8,0.12308,0.041846,0.12308,0.041846,0,1,0,0.0333,0,1801.8,0,2,0,0.0333,0,3603.6
1231,12,642.7,643.5,15,2,569,0,0.95833,0,0.76667,0,75,0,0.25,0,0.2,0,75,0.1065,0.024076,0.10673,0.024535,0,1,0,0.8,0,75,0,2,0,0.8,0,150
1231,12,643.5,643.53,22,2,570,0,0,0,0,0,0,0,0,0,0,0,0,0.075814,0.030042,0.075814,0.030042,0,1,0,0.0333,0,1801.8,0,2,0,0.0333,0,3603.6
1231,12,643.6,644.67,20,2,571,0.56247,0,0.59993,0,56.254,0,0,0,0,0,0,0,0.26033,0.041398,0.2416,0.04182,1.1562,0,0.6166,0,112.51,0,0,1,0,1.0666,0,56.254
1231,12,644.73,644.77,20,2,572,1,0,0.0333,0,1801.8,0,0,0,0,0,0,0,0.171,0.040764,0.171,0.040764,2,0,0.0333,0,3603.6,0,0,1,0,0.0333,0,1801.8
1231,12,644.83,645.37,20,2,573,1,0,0.5333,0,112.51,0,1,0,0.5333,0,112.51,0,0.18117,0.053223,0.17452,0.053889,2,0,0.5333,0,225.01,0,0,1,0,0.5333,0,112.51
1231,12,646.27,646.33,15,2,574,0,1,0,0.0666,0,900.9,0,0,0,0,0,0,0.14473,0.026128,0.14473,0.026128,0,1,0,0.0666,0,900.9,0,1,0,0.0666,0,900.9
1231,12,646.43,646.47,23,2,575,0,0.999,0,0.033267,0,1801.8,0,0,0,0,0,0,0.15132,0.03575,0.15132,0.03575,0,1.999,0,0.033283,0,3603.6,0,1,0,0.0333,0,1801.8
1231,12,646.57,646.83,23,2,576,0,1,0,0.2666,0,225.06,0,0,0,0,0,0,0.17127,0.040806,0.16699,0.040232,0,2,0,0.2666,0,450.11,0,1,0,0.2666,0,225.06
1231,12,647.17,647.2,23,2,577,0,0,0,0,0,1801.8,0,0,0,0,0,0,0,0,0,0,0,2,0,0.0333,0,3603.6,0,1,0,0.0333,0,1801.8
1231,12,647.23,647.27,23,2,578,0,1,0,0.0333,0,1801.8,0,0,0,0,0,0,0.12296,0.032665,0.12296,0.032665,0,2,0,0.0333,0,3603.6,0,1,0,0.0333,0,1801.8
1231,12,647.27,647.33,15,2,579,0,1,0,0.0666,0,900.9,0,0,0,0,0,0,0.10172,0.025583,0.10172,0.025583,0,2,0,0.0666,0,1801.8,0,1,0,0.0666,0,900.9
1231,12,647.4,647.43,23,2,580,0,1,0,0.0333,0,1801.8,0,0,0,0,0,0,0.13989,0.03534,0.13989,0.03534,0,2,0,0.0333,0,3603.6,0,1,0,0.0333,0,1801.8
1231,12,647.47,647.53,23,2,581,0,1,0,0.0666,0,900.9,0,0,0,0,0,0,0.15391,0.036019,0.15391,0.036019,0,2,0,0.0666,0,1801.8,0,1,0,0.0666,0,900.9
1231,12,647.53,647.57,15,2,582,0,1,0,0.0333,0,1801.8,0,0,0,0,0,0,0.099297,0.028584,0.099297,0.028584,0,2,0,0.0333,0,3603.6,0,1,0,0.0333,0,1801.8
1231,12,648.03,648.07,23,2,583,0,1,0,0.0333,0,1801.8,0,0,0,0,0,0,0.15039,0.045218,0.15039,0.045218,0,2,0,0.0333,0,3603.6,0,1,0,0.0333,0,1801.8
1231,12,648.17,648.2,15,2,584,0,1,0,0.0333,0,1801.8,0,0,0,0,0,0,0,0,0,0,0,2,0,0.0333,0,3603.6,0,1,0,0.0333,0,1801.8
1231,12,648.33,649.43,20,2,585,0.93936,0,1.0333,0,54.545,0,0,0,0,0,0,0,0.17694,0.047058,0.1774,0.046553,2,0,1.1,0,109.09,0,0,1,0,1.1,0,54.545
1231,12,649.47,649.67,20,2,586,1,0,0.1999,0,300.15,0,0,0,0,0,0,0,0.16388,0.045664,0.16044,0.045964,2,0,0.1999,0,600.3,0,0,1,0,0.1999,0,300.15
1232,12,30,30.6,5,1,1,0.94444,0,0.56667,0,100,0,0,0,0,0,0,0,0.14547,0.038303,0.15024,0.038326,1,0,0.6,0,100,0,0,1.2778,0,0.25556,0,300
1232,12,34.733,34.833,2,1,2,0,0.99967,0,0.099967,0,600,1,0,0.1,0,600,0,0.090065,0.035028,0.090755,0.035757,0,1,0,0.1,0,600,0,1,0,0.1,0,600
1232,12,37.3,37.333,2,1,3,1,0,0.0333,0,1801.8,0,0,0,0,0,0,0,0.10782,0.042218,0.10782,0.042218,0,1,0,0.0333,0,1801.8,0,1,0,0.0333,0,1801.8
1232,12,39.9,40,2,1,4,0,1,0,0.1,0,600,0,1,0,0.1,0,600,0.091713,0.032324,0.09224,0.032389,0,1,0,0.1,0,600,0,1,0,0.1,0,600
1232,12,40.167,40.233,2,1,5,0,0,0,0,0,0,0,0.5,0,0.0333,0,900.9,0.085547,0.032748,0.085547,0.032748,0,1,0,0.0666,0,900.9,0,1,0,0.0666,0,900.9
1232,12,40.467,40.5,2,1,6,1,0,0.0333,0,1801.8,0,0,0,0,0,0,0,0,0,0,0,0,1,0,0.0333,0,1801.8,0,1,0,0.0333,0,1801.8
1232,12,40.8,40.967,2,1,7,1,0,0.1666,0,360.14,0,0,1,0,0.1666,0,360.14,0.069233,0.029847,0.06862,0.02944,0,1,0,0.1666,0,360.14,0,1,0,0.1666,0,360.14
1232,12,41.267,41.4,2,1,8,1,0,0.1333,0,450.11,0,0,0,0,0,0,0,0.069115,0.03019,0.069434,0.030083,0,1,0,0.1333,0,450.11,0,1,0,0.1333,0,450.11
1232,12,52.067,52.467,10,1,9,0,0.66667,0,0.2666,0,150.04,0,0,0,0,0,0,0.21463,0.050474,0.22344,0.049923,1,1,0.3999,0.3999,150.04,150.04,0,1,0,0.3999,0,150.04
1232,12,52.533,52.633,2,1,10,0,1,0,0.1,0,600,0,0,0,0,0,0,0.11346,0.04711,0.11197,0.046615,0,2,0,0.1,0,1200,0,1,0,0.1,0,600
1232,12,52.7,52.967,2,1,11,0,0.12478,0,0.033267,0,225.06,0,0.49987,0,0.13327,0,225.06,0.12687,0.054394,0.12851,0.053259,0,2,0,0.2666,0,450.11,0,1,0,0.2666,0,225.06
1232,12,53.567,53.667,2,1,12,0,0,0,0,0,0,0,1,0,0.0999,0,600.6,0.10822,0.045001,0.10822,0.045001,0,2,0,0.0999,0,1201.2,0,1,0,0.0999,0,600.6
1232,12,53.933,54.133,2,1,13,0,0.3335,0,0.0667,0,300,0,1,0,0.2,0,300,0.10059,0.044835,0.10279,0.045087,0,2,0,0.2,0,600,0,1,0,0.2,0,300
1232,12,59.7,61.1,23,1,14,0.57143,0.16667,0.8,0.23333,42.857,42.857,0,0.54762,0,0.38333,0,85.714,0.12369,0.037719,0.12264,0.037442,0,1,0,1.4,0,42.857,0,1,0,1.4,0,42.857
1232,12,61.167,64.833,23,1,15,0,0.88183,0,0.64666,0,81.82,0.063638,0.37273,0.23333,1.3667,16.364,16.364,0.12989,0.037991,0.12754,0.03791,0,1.6455,0,2.0111,0,49.092,0,1,0,3.6666,0,16.364
1232,12,65,65.033,14,1,16,0,1,0,0.0333,0,1801.8,0,0,0,0,0,0,0.13857,0.049299,0.13857,0.049299,0,1,0,0.0333,0,1801.8,0,1,0,0.0333,0,1801.8
1232,12,65.033,65.733,23,1,17,0,0.80952,0,0.28333,0,171.43,0,0,0,0,0,0,0.11922,0.034944,0.11637,0.02999,0,1.619,0,0.56665,0,171.43,0,1,0,0.7,0,85.714
1232,12,65.767,65.833,23,1,18,0,1,0,0.0666,0,900.9,0,0,0,0,0,0,0.11083,0.071961,0.11083,0.071961,0,2,0,0.0666,0,1801.8,0,1,0,0.0666,0,900.9
1232,12,65.933,66.1,23,1,19,0,1,0,0.1667,0,359.93,0,0,0,0,0,0,0.098628,0.058839,0.097181,0.060288,0,2,0,0.1667,0,719.86,0,1,0,0.1667,0,359.93
1232,12,66.2,66.367,23,1,20,0,1,0,0.1666,0,360.14,0,0,0,0,0,0,0.094457,0.035647,0.096953,0.037033,0,2,0,0.1666,0,720.29,0,1,0,0.1666,0,360.14
1232,12,66.9,67.1,23,1,21,0,0,0,0,0,300,0,0,0,0,0,0,0.093919,0.047499,0.095186,0.046816,0,2,0,0.2,0,600,0,1,0,0.2,0,300
1232,12,67.1,67.167,14,1,22,0,0,0,0,0,0,0,0.4995,0,0.033267,0,900.9,0.21231,0.066529,0.21231,0.066529,0,2,0,0.0666,0,1801.8,0,1,0,0.0666,0,900.9
1232,12,67.167,67.7,23,1,23,0,0,0,0,0,0,1,0,0.5333,0,112.51,0,0.077914,0.023761,0.078353,0.024647,0,2,0,0.5333,0,225.01,0,1,0,0.5333,0,112.51
1232,12,67.7,67.8,14,1,24,0,0,0,0,0,0,0,1,0,0.1,0,600,0.146,0.040792,0.14528,0.040836,0,2,0,0.1,0,1200,0,1,0,0.1,0,600
1232,12,67.8,68.933,23,1,25,0,0,0,0,0,0,1,0,1.1333,0,52.943,0,0.12164,0.031553,0.12198,0.032878,0,2,0,1.1333,0,105.89,0,1,0,1.1333,0,52.943
1232,12,69,69.133,23,1,26,0,0,0,0,0,0,1,0,0.1333,0,450.11,0,0.16145,0.039123,0.15979,0.039977,0,2,0,0.1333,0,900.23,0,1,0,0.1333,0,450.11
1232,12,69.2,69.367,23,1,27,0,1,0,0.1666,0,360.14,0,0,0,0,0,0,0.14234,0.037963,0.14137,0.033384,0,2,0,0.1666,0,720.29,0,1,0,0.1666,0,360.14
1232,12,69.433,69.467,23,1,28,0,1,0,0.0333,0,1801.8,0,0,0,0,0,0,0.11319,0.050584,0.11319,0.050584,0,2,0,0.0333,0,3603.6,0,1,0,0.0333,0,1801.8
1232,12,69.6,69.633,13,1,29,1,0,0.0333,0,1801.8,0,0,0,0,0,0,0,0.11355,0.040397,0.11355,0.040397,1,1,0.0333,0.0333,1801.8,1801.8,0,1,0,0.0333,0,1801.8
1232,12,69.667,69.933,13,1,30,1,0,0.2666,0,225.06,0,0,0.24994,0,0.066633,0,225.06,0.16122,0.055255,0.16469,0.049583,1,1,0.2666,0.2666,225.06,225.06,0,1,0,0.2666,0,225.06
1232,12,70.133,70.267,13,1,31,1,0,0.1333,0,450.11,0,0,1,0,0.1333,0,450.11,0.17935,0.060765,0.18073,0.066132,1,1,0.1333,0.1333,450.11,450.11,0,1,0,0.1333,0,450.11
1232,12,70.733,70.833,17,1,32,0,1,0,0.1,0,600,0,0,0,0,0,0,0.19522,0.082233,0.19596,0.082025,0,2,0,0.1,0,1200,0,1,0,0.1,0,600
1232,12,70.933,70.967,13,1,33,1,0,0.0333,0,1801.8,0,0,0,0,0,0,0,0.17188,0.060699,0.17188,0.060699,1,1,0.0333,0.0333,1801.8,1801.8,0,1,0,0.0333,0,1801.8
1232,12,71,71.167,13,1,34,1,0,0.1666,0,360.14,0,0,0.79992,0,0.13327,0,360.14,0.16138,0.061334,0.16301,0.059997,1,1,0.1666,0.1666,360.14,360.14,0,1,0,0.1666,0,360.14
1232,12,71.2,72.067,23,1,35,0,0.30772,0,0.26667,0,69.236,0,0.96161,0,0.83333,0,69.236,0.15602,0.046363,0.15661,0.047428,0,2,0,0.8666,0,138.47,0,1,0,0.8666,0,69.236
1232,12,72.267,72.633,23,1,36,0,1,0,0.3666,0,163.67,0,0.72731,0,0.26663,0,163.67,0.13906,0.047847,0.13885,0.045363,0,2,0,0.3666,0,327.33,0,1,0,0.3666,0,163.67
1232,12,92.3,93.067,15,1,37,0,0.26089,0,0.2,0,78.268,0,1,0,0.7666,0,78.268,0.14877,0.046114,0.14954,0.046299,0,2,0,0.7666,0,156.54,0,2,0,0.7666,0,156.54
1232,12,93.6,94.9,23,1,38,0,0,0,0,0,46.154,0,0.71795,0,0.93333,0,46.154,0.11888,0.037019,0.12594,0.034559,0,2,0,1.3,0,92.308,0,1.7949,0,1.1667,0,92.308
1232,12,95.033,95.233,3,1,39,0,0,0,0,0,0,0,0.66683,0,0.13337,0,300,0.080394,0.034377,0.080195,0.034504,0,2,0,0.2,0,600,0,2,0,0.2,0,600
1232,12,95.4,95.533,3,1,40,0,1,0,0.1333,0,450.11,0,0,0,0,0,0,0.071011,0.030897,0.071351,0.030681,0,1,0,0.1333,0,450.11,0,2,0,0.1333,0,900.23
1232,12,159,159.1,23,2,41,0,0,0,0,0,600,0,0,0,0,0,0,0.13503,0.061354,0.13477,0.063579,0,1,0,0.05,0,1200,0,2,0,0.1,0,1200
1232,12,159.4,159.43,23,2,42,0,1,0,0.0333,0,1801.8,0,0,0,0,0,0,0.13453,0.070261,0.13453,0.070261,0,1,0,0.0333,0,1801.8,0,2,0,0.0333,0,3603.6
1232,12,159.47,159.5,23,2,43,0,1,0,0.0333,0,1801.8,0,0,0,0,0,0,0,0,0,0,0,1,0,0.0333,0,1801.8,0,2,0,0.0333,0,3603.6
1232,12,159.8,161.1,19,2,44,1,0,1.3,0,46.154,0,0,0,0,0,0,0,0.21924,0.053336,0.19948,0.052343,1.8205,0,0.78889,0,138.46,0,0,1.6667,0,1.0833,0,92.308
1232,12,164.67,164.7,14,2,45,0,1,0,0.0333,0,1801.8,0,1,0,0.0333,0,1801.8,0,0,0,0,0,2,0,0.0333,0,3603.6,0,1,0,0.0333,0,1801.8
1232,12,165.43,165.57,5,2,46,0,1,0,0.1333,0,450.11,0,1,0,0.1333,0,450.11,0.10152,0.043935,0.10166,0.042616,0,2,0,0.1333,0,900.23,0,1,0,0.1333,0,450.11
1232,12,165.57,165.6,19,2,47,1,0,0.0333,0,1801.8,0,0,1,0,0.0333,0,1801.8,0,0,0,0,2,0,0.0333,0,3603.6,0,0,1,0,0.0333,0,1801.8
1232,12,181.73,181.93,20,2,48,0.33317,0.3335,0.066633,0.0667,300,300,0,0,0,0,0,0,0.13914,0.067047,0.13898,0.067107,1,1,0.2,0.2,300,300,0,0.99983,0,0.19997,0,300
1232,12,182.4,183.33,20,2,49,1,0,0.9333,0,64.288,0,0.57145,0,0.53333,0,64.288,0,0.23676,0.057408,0.24465,0.057341,1,0,0.9333,0,64.288,0,0,1.0714,0,0.49998,0,128.58
1232,12,183.47,184.33,20,2,50,1,0,0.8666,0,69.236,0,0,0,0,0,0,0,0.14606,0.059582,0.14552,0.059558,0.73075,0,0.31663,0,138.47,0,0,1.5769,0,0.68328,0,138.47
1232,12,184.5,184.67,20,2,51,1,0,0.1666,0,360.14,0,0,0,0,0,0,0,0.14505,0.055595,0.14667,0.056034,1,0,0.1666,0,360.14,0,0,2,0,0.1666,0,720.29
1232,12,184.77,185.2,20,2,52,1,0,0.4333,0,138.47,0,1,0,0.4333,0,138.47,0,0.14541,0.058245,0.14736,0.058042,1,0,0.4333,0,138.47,0,0,2,0,0.4333,0,276.94
1232,12,185.73,186,5,2,53,0,1,0,0.2667,0,224.97,0,0,0,0,0,0,0.13547,0.059069,0.13692,0.057688,0,1,0,0.2667,0,224.97,0,2,0,0.2667,0,449.94
1232,12,186.1,186.23,20,2,54,1,0,0.1333,0,450.11,0,0,0,0,0,0,0,0.15693,0.066682,0.15669,0.066901,1,0,0.1333,0,450.11,0,0,2,0,0.1333,0,900.23
1232,12,187.07,187.4,20,2,55,0,0,0,0,0,0,0,0,0,0,0,0,0.13599,0.066059,0.13638,0.065777,1,0,0.3333,0,180.02,0,0,2,0,0.3333,0,360.04
1232,12,187.83,188,20,2,56,0,0,0,0,0,0,0,0,0,0,0,0,0.15346,0.068167,0.15285,0.067241,1,0,0.1667,0,359.93,0,0,2,0,0.1667,0,719.86
1232,12,188.27,188.6,20,2,57,1,0,0.3333,0,180.02,0,0,0,0,0,0,0,0.14289,0.061713,0.14528,0.060348,1,0,0.3333,0,180.02,0,0,1.3999,0,0.2333,0,360.04
1232,12,189.3,190.3,20,2,58,0.8,0,0.8,0,60,0,0.53333,0,0.53333,0,60,0,0.12629,0.062864,0.12319,0.063136,0.66667,0,0.33333,0,120,0,0,1.1,0,0.55,0,120
1232,12,191.2,191.53,2,2,59,0,1,0,0.3333,0,180.02,0,0,0,0,0,0,0.11389,0.057312,0.11376,0.056684,0,0.10001,0,0.033333,0,180.02,0,2,0,0.3333,0,360.04
1232,12,192,192.1,5,2,60,0,1,0,0.1,0,600,0,0,0,0,0,0,0.11115,0.047463,0.11172,0.047916,0,1,0,0.1,0,600,0,2,0,0.1,0,1200
1232,12,193.5,193.57,5,2,61,0,1,0,0.0666,0,900.9,0,1,0,0.0666,0,900.9,0.13664,0.046667,0.13664,0.046667,0,1,0,0.0666,0,900.9,0,2,0,0.0666,0,1801.8
1232,12,219.63,222.23,23,2,62,0,0.96154,0,0.83333,0,69.231,0.19231,0.11537,0.5,0.29997,23.077,23.077,0.3003,0.063949,0.30965,0.061598,0,1.3205,0,1.7166,0,46.154,0,1.0897,0,0.94442,0,69.231
1232,12,222.33,223.1,14,2,63,1,0,0.7667,0,78.257,0,0,1,0,0.7667,0,78.257,0.35907,0.10025,0.36367,0.10176,2,0,0.7667,0,156.51,0,0,1.7391,0,0.44447,0,234.77
1232,12,223.1,225,23,2,64,0,0.49123,0,0.46667,0,63.158,0,0.19298,0,0.18333,0,63.158,0.17909,0.048956,0.17887,0.048689,0,1.6491,0,1.5667,0,63.158,0,1.5789,0,1,0,94.737
1232,12,228.4,229.67,23,2,65,0,0.55261,0,0.69993,0,47.371,0,0.55266,0,0.7,0,47.371,0.19593,0.062555,0.19999,0.062562,0,1,0,1.2666,0,47.371,0,1.4737,0,0.93327,0,94.742
1232,12,229.77,229.8,1,2,66,0,1,0,0.0333,0,1801.8,0,0,0,0,0,0,0,0,0,0,0,2,0,0.0333,0,3603.6,0,2,0,0.0333,0,3603.6
1232,12,229.9,230.03,1,2,67,0,1,0,0.1333,0,450.11,0,0,0,0,0,0,0.11898,0.059794,0.11932,0.059901,0,2,0,0.1333,0,900.23,0,2,0,0.1333,0,900.23
1232,12,230.2,230.33,1,2,68,0,1,0,0.1333,0,450.11,0,1,0,0.1333,0,450.11,0.099151,0.068625,0.099709,0.067118,0,2,0,0.1333,0,900.23,0,2,0,0.1333,0,900.23
1232,12,230.37,230.53,1,2,69,0,1,0,0.1666,0,360.14,0,1,0,0.1666,0,360.14,0.08127,0.042218,0.081029,0.042313,0,2,0,0.1666,0,720.29,0,2,0,0.1666,0,720.29
1232,12,230.53,230.7,14,2,70,0,0.60008,0,0.10003,0,359.93,0,1,0,0.1667,0,359.93,0.13061,0.062336,0.13477,0.062243,1,1,0.1667,0.1667,359.93,359.93,0,2,0,0.1667,0,719.86
1232,12,230.73,230.77,14,2,71,0,0,0,0,0,0,0,1,0,0.0333,0,1801.8,0.13052,0.070527,0.13052,0.070527,1,1,0.0333,0.0333,1801.8,1801.8,0,2,0,0.0333,0,3603.6
1232,12,230.8,231.23,1,2,72,0,0,0,0,0,0,0,0,0,0,0,0,0.12101,0.045456,0.12317,0.053086,0,2,0,0.4333,0,276.94,0,2,0,0.4333,0,276.94
1232,12,231.47,232.07,1,2,73,0,0.72223,0,0.43327,0,100.02,0,0,0,0,0,0,0.1191,0.065548,0.12172,0.059121,0,2,0,0.5999,0,200.03,0,2,0,0.5999,0,200.03
1232,12,232.37,232.77,14,2,74,0,0.91673,0,0.3666,0,150.04,0,0,0,0,0,0,0.13036,0.076396,0.13508,0.07654,1,1,0.3999,0.3999,150.04,150.04,0,2,0,0.3999,0,300.08
1232,12,232.9,233.33,1,2,75,0,0.84622,0,0.36667,0,138.47,0,0.30772,0,0.13333,0,138.47,0.12542,0.058624,0.12362,0.058507,0,2,0,0.4333,0,276.94,0,2,0,0.4333,0,276.94
1232,12,233.43,233.77,1,2,76,0.89989,0,0.29993,0,180.02,0,0,0,0,0,0,0,0.14608,0.066926,0.14805,0.066812,0,2,0,0.3333,0,360.04,0,1.7002,0,0.28333,0,360.04
1232,12,233.83,234,1,2,77,1,0,0.1667,0,359.93,0,0,0,0,0,0,0,0.1394,0.065752,0.13793,0.065803,0,2,0,0.1667,0,719.86,0,1,0,0.1667,0,359.93
1232,12,234.17,236.73,1,2,78,0.012974,0.46754,0.0333,1.2,23.377,23.377,0,0,0,0,0,0,0.14995,0.069482,0.15383,0.070708,0,2,0,2.5666,0,46.754,0,1.5195,0,1.9499,0,46.754
1232,12,236.93,237.1,23,2,79,0,0,0,0,0,0,0,0,0,0,0,0,0.13431,0.069351,0.13455,0.069121,0,2,0,0.1667,0,719.86,0,2,0,0.1667,0,719.86
1232,12,237.27,237.4,1,2,80,0,0,0,0,0,0,0,0,0,0,0,0,0.11529,0.060633,0.11489,0.060769,0,1,0,0.1333,0,450.11,0,2,0,0.1333,0,900.23
1232,12,237.43,238.9,1,2,81,0.52272,0,0.76667,0,40.908,0,0,0.27272,0,0.4,0,40.908,0.20577,0.057007,0.15136,0.056904,0.81816,1,1.2,1.4667,40.908,40.908,0,1.5227,0,1.1167,0,81.816
1232,12,239.03,239.33,1,2,82,1,0,0.3,0,200,0,0,1,0,0.3,0,200,0.49193,0.14715,0.47953,0.13217,1,0.33344,0.3,0.10003,200,200,0,1.3332,0,0.19998,0,400
1232,12,239.37,239.43,2,2,83,0,1,0,0.0666,0,900.9,0,1,0,0.0666,0,900.9,0.6181,0.41786,0.6181,0.41786,0,1,0,0.0666,0,900.9,0,2,0,0.0666,0,1801.8
1232,12,239.5,239.57,1,2,84,1,0,0.0666,0,900.9,0,0,0,0,0,0,900.9,0.55616,0.11323,0.55616,0.11323,1,0,0.0666,0,900.9,0,0,2,0,0.0666,0,1801.8
1232,12,239.83,240.13,14,2,85,0,1,0,0.3,0,200,0,0,0,0,0,0,0.13516,0.029049,0.1389,0.029049,0,1.9999,0,0.29998,0,400,0,2,0,0.3,0,400
1232,12,240.17,240.73,23,2,86,0,0.17643,0,0.099967,0,105.89,0,0,0,0,0,0,0.17654,0.072073,0.18487,0.074168,0,2,0,0.5666,0,211.79,0,1.4117,0,0.26662,0,317.68
1232,12,240.97,243.33,23,2,87,0,0.19719,0,0.46667,0,25.353,0,0,0,0,0,0,0.22248,0.073619,0.22246,0.074147,0,2,0,2.3666,0,50.706,0,1.9577,0,1.5444,0,76.058
1232,12,243.33,243.47,20,2,88,0,0.74969,0,0.099933,0,450.11,0,0,0,0,0,0,0.54513,0.20475,0.54966,0.20463,0,2,0,0.1333,0,900.23,0,2,0,0.1333,0,900.23
1232,12,243.47,243.73,1,2,89,1,0,0.2666,0,225.06,0,0,0,0,0,0,0,0.55699,0.23471,0.55254,0.23746,2,0,0.2666,0,450.11,0,0,2,0,0.2666,0,450.11
1232,12,243.77,243.97,23,2,90,0,1,0,0.1999,0,300.15,0,0,0,0,0,0,0.57624,0.21585,0.57175,0.20464,0,2,0,0.1999,0,600.3,0,2,0,0.1999,0,600.3
1232,12,244.03,244.37,23,2,91,0,0,0,0,0,0,0,0,0,0,0,0,0.40351,0.10507,0.35381,0.10034,0,1.6002,0,0.26667,0,360.04,0,1.6002,0,0.26667,0,360.04
1232,12,244.37,244.4,2,2,92,0,0,0,0,0,0,0,0,0,0,0,0,0,0,0,0,0,1,0,0.0333,0,1801.8,0,1,0,0.0333,0,1801.8
1232,12,244.43,246.67,23,2,93,0,0.44777,0,1,0,26.866,0,0.43284,0,0.32222,0,80.598,0.19373,0.074186,0.19201,0.074393,0,1.2985,0,1.4499,0,53.732,0,1.9701,0,2.1999,0,53.732
1232,12,246.77,247.23,15,2,94,0,0,0,0,0,0,0,0,0,0,0,0,0.19514,0.071415,0.20092,0.071219,0,2,0,0.4666,0,257.18,0,2,0,0.4666,0,257.18
1232,12,247.4,247.6,15,2,95,0,0,0,0,0,0,0,0.83333,0,0.16667,0,300,0.17515,0.07058,0.17554,0.06719,0,2,0,0.2,0,600,0,2,0,0.2,0,600
1232,12,247.63,247.67,15,2,96,0,0,0,0,0,0,0,1,0,0.0333,0,1801.8,0.16686,0.066046,0.16686,0.066046,0,2,0,0.0333,0,3603.6,0,2,0,0.0333,0,3603.6
1232,12,247.8,248.17,15,2,97,0,0,0,0,0,0,0,0,0,0,0,0,0.18722,0.092413,0.18926,0.094665,0,2,0,0.3666,0,327.33,0,1.6365,0,0.29997,0,327.33
1232,12,249,249.4,23,2,98,0,0,0,0,0,0,0,0,0,0,0,0,0.26764,0.097935,0.28132,0.097291,0,2,0,0.4,0,300,0,1,0,0.4,0,150
1232,12,249.4,249.43,3,2,99,0,0,0,0,0,0,0,0,0,0,0,0,0.14713,0.079791,0.14713,0.079791,0,2,0,0.0333,0,3603.6,0,1,0,0.0333,0,1801.8
1232,12,249.43,249.63,23,2,100,0,0,0,0,0,0,0,0,0,0,0,0,0.23958,0.091108,0.24812,0.095,0,1.8335,0,0.18335,0,600,0,1,0,0.2,0,300
1232,12,250.87,251.17,23,2,101,0,0.33322,0,0.099933,0,200.07,0,0,0,0,0,0,0.18943,0.071463,0.19241,0.071791,0,1,0,0.2999,0,200.07,0,1,0,0.2999,0,200.07
1232,12,251.43,252.57,3,2,102,0.94123,0,1.0667,0,52.943,0,0,0.20589,0,0.23333,0,52.943,0.15417,0.057165,0.14302,0.053282,0,1.4117,0,0.79995,0,105.89,0,1,0,1.1333,0,52.943
1232,12,252.6,252.7,14,2,103,0,0,0,0,0,0,0,0,0,0,0,0,0.16305,0.066848,0.16216,0.067203,1,1,0.1,0.1,600,600,0,1,0,0.1,0,600
1232,12,252.7,252.97,11,2,104,0,0,0,0,0,0,0,0,0,0,0,0,0.092839,0.051285,0.094551,0.051453,1,1,0.2666,0.2666,225.06,225.06,0,1.1248,0,0.14993,0,450.11
1232,12,253.03,253.53,23,2,105,0,0.6666,0,0.3333,0,120,0,0.8666,0,0.4333,0,120,0.098052,0.030243,0.10308,0.028444,0,1.7333,0,0.21667,0,480,0,1.9334,0,0.48335,0,240
1232,12,253.73,254.47,4,2,106,0,1,0,0.7333,0,81.822,0,0.49993,0,0.3666,0,81.822,0.070188,0.034141,0.070322,0.034141,0,2,0,0.7333,0,163.64,0,1.6818,0,0.61662,0,163.64
1232,12,254.57,255.57,4,2,107,0,0.23332,0,0.2333,0,60.006,0,0.83332,0,0.27774,0,180.02,0.096352,0,0.095977,0,0,1.7666,0,0.58882,0,180.02,0,1.6334,0,0.5444,0,180.02
1232,12,255.8,255.83,14,2,108,0,0,0,0,0,0,0,1,0,0.0333,0,1801.8,0.11281,0.026432,0.11281,0.026432,1,1,0.0333,0.0333,1801.8,1801.8,0,2,0,0.0333,0,3603.6
1232,12,256.03,256.7,4,2,109,0,0.69997,0,0.46667,0,89.996,0,1,0,0.6667,0,89.996,0.2112,0.11641,0.21373,0.11343,0,1.25,0,0.4167,0,179.99,0,1.65,0,0.36669,0,269.99
1232,12,256.73,257.73,4,2,110,0.26667,0.29997,0.26667,0.29997,60,60,0,0.80003,0,0.80003,0,60,0.19404,0,0.1916,0,0,1,0,1,0,60,0,1.9,0,0.95002,0,120
1232,12,257.73,258.17,15,2,111,0,1,0,0.4333,0,138.47,0,0,0,0,0,0,0.45979,0.2874,0.4725,0.30579,0,1.3076,0,0.28328,0,276.94,0,1.3846,0,0.29998,0,276.94
1232,12,258.17,258.3,4,2,112,0,1,0,0.1333,0,450.11,0,0,0,0,0,0,0.33353,0,0.32603,0,1,1,0.1333,0.1333,450.11,450.11,0,1,0,0.1333,0,450.11
1232,12,258.87,258.97,14,2,113,1,0,0.0999,0,600.6,0,0,0,0,0,0,0,0.16815,0,0.16815,0,1,0,0.0999,0,600.6,0,0,1,0,0.0999,0,600.6
1232,12,259.2,259.37,14,2,114,0,0,0,0,0,0,0,0,0,0,0,0,0.11102,0.069252,0.10762,0.067417,1,0,0.1666,0,360.14,0,0,1,0,0.1666,0,360.14
1232,12,259.6,259.63,14,2,115,0,0,0,0,0,0,0,0,0,0,0,0,0.057861,0.03055,0.057861,0.03055,1,0,0.0333,0,1801.8,0,0,1,0,0.0333,0,1801.8
1232,12,389.23,389.63,23,3,116,0,1,0,0.4,0,150,0,1,0,0.4,0,150,0.16539,0.054785,0.16711,0.055003,0,0,0,0,0,0,0,0.99992,0,0.39997,0,150
1232,12,389.7,389.73,18,3,117,0,1,0,0.0333,0,1801.8,0,1,0,0.0333,0,1801.8,0.20344,0.075423,0.20344,0.075423,0,1,0,0.0333,0,1801.8,0,1,0,0.0333,0,1801.8
1232,12,389.83,389.87,16,3,118,0,1,0,0.0333,0,1801.8,0,1,0,0.0333,0,1801.8,0.10352,0.037091,0.10352,0.037091,0,1,0,0.0333,0,1801.8,0,2,0,0.0333,0,3603.6
1232,12,390.23,390.27,18,3,119,0,1,0,0.0333,0,1801.8,0,1,0,0.0333,0,1801.8,0.11984,0.051239,0.11984,0.051239,0,1,0,0.0333,0,1801.8,0,1,0,0.0333,0,1801.8
1232,12,390.33,390.37,21,3,120,0,1,0,0.0333,0,1801.8,0,1,0,0.0333,0,1801.8,0.15768,0.063469,0.15768,0.063469,0,1,0,0.0333,0,1801.8,0,1,0,0.0333,0,1801.8
1232,12,390.43,390.53,18,3,121,0,0.00033333,0,3.3333e-05,0,600,0,1,0,0.1,0,600,0.14528,0.075065,0.14783,0.075977,0,1,0,0.1,0,600,0,1,0,0.1,0,600
1232,12,391.57,391.77,15,3,122,0,1,0,0.1999,0,300.15,0,0,0,0,0,0,0.18585,0.051319,0.18026,0.053262,0,1,0,0.1999,0,300.15,0,1,0,0.1999,0,300.15
1232,12,391.8,391.87,1,3,123,0,1,0,0.0666,0,900.9,0,0,0,0,0,0,0.11912,0.054586,0.11912,0.054586,1,0,0.0666,0,900.9,0,0,1,0,0.0666,0,900.9
1232,12,391.97,392.07,21,3,124,0,1,0,0.0999,0,600.6,0,0,0,0,0,0,0.089603,0.0357,0.089603,0.0357,0,1,0,0.0999,0,600.6,0,1,0,0.0999,0,600.6
1232,12,392.27,394.13,15,3,125,0,0.78571,0,0.7333,0,64.288,0,0.67858,0,0.63332,0,64.288,0.23275,0.05611,0.23386,0.056309,0,1,0,1.8666,0,32.144,0,1,0,1.8666,0,32.144
1232,12,394.77,395.1,23,3,126,1,0,0.3333,0,180.02,0,0,1,0,0.3333,0,180.02,0.27785,0.067856,0.27615,0.067719,0,0.50005,0,0.16667,0,180.02,0,1,0,0.3333,0,180.02
1232,12,395.37,397.13,23,3,127,1,0,1.7666,0,33.964,0,0.62265,0,1.1,0,33.964,0,0.38921,0.056944,0.37997,0.060869,1.1698,0,1.0333,0,67.927,0,0,1.2264,0,1.0833,0,67.927
1232,12,405.8,405.9,10,3,128,0,1,0,0.1,0,600,0,0,0,0,0,0,0.16235,0.069087,0.16176,0.068693,0,2,0,0.1,0,1200,0,1,0,0.1,0,600
1232,12,406.43,408.03,23,3,129,1,0,1.6,0,37.5,0,0.083313,0.58335,0.1333,0.31112,37.5,112.5,0.35446,0.060779,0.35704,0.061677,2,0,1.6,0,75,0,0,1.6041,0,1.2833,0,75
1232,12,408.07,408.1,10,3,130,0,1,0,0.0333,0,1801.8,0,1,0,0.0333,0,1801.8,0,0,0,0,0,2,0,0.0333,0,3603.6,0,2,0,0.0333,0,3603.6
1232,12,408.37,408.7,23,3,131,1,0,0.3333,0,180.02,0,1,0,0.3333,0,180.02,0,0.31514,0.045879,0.31445,0.043122,2,0,0.3333,0,360.04,0,0,2,0,0.16665,0,720.07
1232,12,408.83,408.93,23,3,132,1,0,0.1,0,600,0,1,0,0.1,0,600,0,0.2639,0.028656,0.25576,0.027843,2,0,0.1,0,1200,0,0,2,0,0.1,0,1200
1232,12,409.1,409.13,15,3,133,0,1,0,0.0333,0,1801.8,0,1,0,0.0333,0,1801.8,0.055547,0.020199,0.055547,0.020199,0,2,0,0.0333,0,3603.6,1,1,0.0333,0.0333,1801.8,1801.8
1232,12,409.13,409.17,23,3,134,1,0,0.0333,0,1801.8,0,1,0,0.0333,0,1801.8,0,0.22115,0.059899,0.22115,0.059899,2,0,0.0333,0,3603.6,0,0,2,0,0.0333,0,3603.6
1232,12,409.17,409.2,16,3,135,0,1,0,0.0333,0,1801.8,0,1,0,0.0333,0,1801.8,0,0,0,0,0,2,0,0.0333,0,3603.6,1,1,0.0333,0.0333,1801.8,1801.8
1232,12,409.2,409.23,10,3,136,0,1,0,0.0333,0,1801.8,0,1,0,0.0333,0,1801.8,0.13143,0.057285,0.13143,0.057285,0,2,0,0.0333,0,3603.6,0,2,0,0.0333,0,3603.6
1232,12,409.23,409.3,16,3,137,0,1,0,0.0667,0,899.55,0,1,0,0.0667,0,899.55,0.073389,0.021307,0.073389,0.021307,0,2,0,0.0667,0,1799.1,1,1,0.0667,0.0667,899.55,899.55
1232,12,409.4,409.43,21,3,138,0,1,0,0.0333,0,1801.8,0,1,0,0.0333,0,1801.8,0.31931,0.043844,0.31931,0.043844,0,2,0,0.0333,0,3603.6,0,2,0,0.0333,0,3603.6
1232,12,409.57,409.6,16,3,139,0,1,0,0.0333,0,1801.8,0,1,0,0.0333,0,1801.8,0,0,0,0,0,2,0,0.0333,0,3603.6,1,1,0.0333,0.0333,1801.8,1801.8
1232,12,409.6,409.63,20,3,140,0,1,0,0.0333,0,1801.8,0,1,0,0.0333,0,1801.8,0.088542,0.037926,0.088542,0.037926,0,2,0,0.0333,0,3603.6,0,2,0,0.0333,0,3603.6
1232,12,409.7,409.73,9,3,141,0,1,0,0.0333,0,1801.8,0,1,0,0.0333,0,1801.8,0.051406,0,0.051406,0,0,2,0,0.0333,0,3603.6,0,2,0,0.0333,0,3603.6
1232,12,409.77,409.83,16,3,142,0,1,0,0.0666,0,900.9,0,1,0,0.0666,0,900.9,0.080745,0.029352,0.080745,0.029352,0,2,0,0.0666,0,1801.8,1,1,0.0666,0.0666,900.9,900.9
1232,12,409.87,409.9,16,3,143,0,1,0,0.0333,0,1801.8,0,1,0,0.0333,0,1801.8,0,0,0,0,0,2,0,0.0333,0,3603.6,0,1,0,0.0333,0,1801.8
1232,12,410.33,410.43,15,3,144,0,1,0,0.1,0,600,0,1,0,0.1,0,600,0.070278,0,0.076699,0,0,2,0,0.1,0,1200,0,1.3327,0,0.066633,0,1200
1232,12,410.6,410.93,15,3,145,0,0.40004,0,0.13333,0,180.02,0,1,0,0.3333,0,180.02,0.079968,0.029161,0.077445,0.024089,0,1.4001,0,0.23333,0,360.04,0,2,0,0.3333,0,360.04
1232,12,410.97,411,15,3,146,0,0,0,0,0,0,0,1,0,0.0333,0,1801.8,0,0,0,0,0,0,0,0,0,0,0,2,0,0.0333,0,3603.6
1232,12,411.1,411.17,5,3,147,0,0,0,0,0,0,0,1,0,0.0666,0,900.9,0.14076,0.071599,0.14076,0.071599,0,0,0,0,0,0,0,2,0,0.0666,0,1801.8
1232,12,411.2,411.23,5,3,148,0,0,0,0,0,0,0,1,0,0.0333,0,1801.8,0.14365,0.074359,0.14365,0.074359,0,0,0,0,0,0,0,2,0,0.0333,0,3603.6
1232,12,411.47,411.53,15,3,149,0,1,0,0.0666,0,900.9,0,1,0,0.0666,0,900.9,0.14955,0.062201,0.14955,0.062201,0,0,0,0,0,0,0,2,0,0.0666,0,1801.8
1232,12,411.63,411.9,5,3,150,0,1,0,0.2667,0,224.97,0,1,0,0.2667,0,224.97,0.1653,0.06555,0.16639,0.063389,0,1,0,0.2667,0,224.97,0,2,0,0.2667,0,449.94
1232,12,411.97,412,5,3,151,0,1,0,0.0333,0,1801.8,0,1,0,0.0333,0,1801.8,0,0,0,0,0,1,0,0.0333,0,1801.8,0,1,0,0.0333,0,1801.8
1232,12,412.33,412.37,1,3,152,1,0,0.0333,0,1801.8,0,1,0,0.0333,0,1801.8,0,0.20177,0.082473,0.20177,0.082473,1,0,0.0333,0,1801.8,0,0,2,0,0.0333,0,3603.6
1232,12,412.4,412.47,1,3,153,1,0,0.0666,0,900.9,0,1,0,0.0666,0,900.9,0,0.20629,0.075479,0.20629,0.075479,1,0,0.0666,0,900.9,0,0,2,0,0.0666,0,1801.8
1232,12,412.5,412.57,1,3,154,1,0,0.0666,0,900.9,0,1,0,0.0666,0,900.9,0,0.21092,0.076713,0.21092,0.076713,1,0,0.0666,0,900.9,0,0,2,0,0.0666,0,1801.8
1232,12,412.6,412.73,1,3,155,0.25006,0,0.033333,0,450.11,0,0,0,0,0,0,0,0.24932,0.085415,0.2443,0.083483,1,0,0.1333,0,450.11,0,0,2,0,0.1333,0,900.23
1232,12,412.93,413.27,5,3,156,0,0.49985,0,0.1666,0,180.02,0,0.60016,0,0.20003,0,180.02,0.14547,0.061176,0.14277,0.06088,0,0.40014,0,0.13337,0,180.02,0,1.3998,0,0.23328,0,360.04
1232,12,413.3,413.33,5,3,157,0,1,0,0.0333,0,1801.8,0,0,0,0,0,0,0.1144,0.051291,0.1144,0.051291,0,0,0,0,0,0,0,1,0,0.0333,0,1801.8
1232,12,413.43,413.47,5,3,158,0,1,0,0.0333,0,1801.8,0,0,0,0,0,0,0.12891,0.05876,0.12891,0.05876,0,0,0,0,0,0,0,1,0,0.0333,0,1801.8
1232,12,413.5,413.73,5,3,159,0,1,0,0.2333,0,257.18,0,0.57137,0,0.1333,0,257.18,0.14357,0.064249,0.14495,0.062823,0,0,0,0,0,0,0,1,0,0.2333,0,257.18
1232,12,414.2,414.3,5,3,160,0,1,0,0.1,0,600,0,1,0,0.1,0,600,0.14577,0.065324,0.14504,0.066245,0,1,0,0.1,0,600,0,1,0,0.1,0,600
1232,12,414.37,414.43,5,3,161,0,0.5,0,0.0333,0,900.9,0,0.5,0,0.0333,0,900.9,0.13836,0.066083,0.13836,0.066083,0,1,0,0.0666,0,900.9,0,1,0,0.0666,0,900.9
1232,12,414.5,414.57,5,3,162,0,1,0,0.0666,0,900.9,0,0,0,0,0,0,0.1563,0.064253,0.1563,0.064253,0,1,0,0.0666,0,900.9,0,1,0,0.0666,0,900.9
1232,12,414.6,414.67,5,3,163,0,1,0,0.0666,0,900.9,0,0,0,0,0,0,0.15444,0.063003,0.15444,0.063003,0,1,0,0.0666,0,900.9,0,1,0,0.0666,0,900.9
1232,12,414.73,414.83,5,3,164,0,1,0,0.1,0,600,0,0,0,0,0,0,0.1575,0.066315,0.15273,0.063041,0,1,0,0.1,0,600,0,1,0,0.1,0,600
1232,12,414.87,415.27,5,3,165,0,1,0,0.3999,0,150.04,0,0.58348,0,0.23333,0,150.04,0.13479,0.058781,0.13684,0.058802,0,1,0,0.3999,0,150.04,0,1,0,0.3999,0,150.04
1232,12,415.37,415.53,5,3,166,0,1,0,0.1666,0,360.14,0,1,0,0.1666,0,360.14,0.12474,0.054626,0.1253,0.054195,0,1,0,0.1666,0,360.14,0,1,0,0.1666,0,360.14
1232,12,415.57,415.6,5,3,167,0,1,0,0.0333,0,1801.8,0,0,0,0,0,1801.8,0,0,0,0,0,1,0,0.0333,0,1801.8,0,1,0,0.0333,0,1801.8
1232,12,415.7,415.73,5,3,168,0,1,0,0.0333,0,1801.8,0,1,0,0.0333,0,1801.8,0.14027,0.058878,0.14027,0.058878,0,1,0,0.0333,0,1801.8,0,1,0,0.0333,0,1801.8
1232,12,415.93,415.97,2,3,169,0,1,0,0.0333,0,1801.8,0,1,0,0.0333,0,1801.8,0.096178,0.050441,0.096178,0.050441,0,1,0,0.0333,0,1801.8,0,1,0,0.0333,0,1801.8
1232,12,416.03,416.07,7,3,170,1,0,0.0333,0,1801.8,0,0,1,0,0.0333,0,1801.8,0.13547,0.05545,0.13547,0.05545,1,0,0.0333,0,1801.8,0,0,1,0,0.0333,0,1801.8
1232,12,416.2,416.27,15,3,171,0,0,0,0,0,0,0,1,0,0.0666,0,900.9,0.1115,0.038013,0.1115,0.038013,0,1,0,0.0666,0,900.9,0,1,0,0.0666,0,900.9
1232,12,416.3,416.73,15,3,172,0,0.5385,0,0.23333,0,138.47,0,0.23079,0,0.1,0,138.47,0.14402,0.039932,0.14443,0.039836,0,1,0,0.4333,0,138.47,0,1,0,0.4333,0,138.47
1232,12,417.17,417.33,15,3,173,0,0,0,0,0,0,0,0,0,0,0,0,0.16704,0.051646,0.16914,0.051726,0,1,0,0.1666,0,360.14,0,1,0,0.1666,0,360.14
1232,12,421.37,421.77,23,3,174,0,0,0,0,0,0,0,0,0,0,0,0,0.28082,0.044483,0.29984,0.044542,0,1,0,0.3999,0,150.04,0,1,0,0.3999,0,150.04
1232,12,422.07,422.1,23,3,175,0,0,0,0,0,0,0,0,0,0,0,0,0,0,0,0,0,1,0,0.0333,0,1801.8,0,1,0,0.0333,0,1801.8
1232,12,422.13,422.17,23,3,176,0,0,0,0,0,0,0,0,0,0,0,0,0.12196,0.039128,0.12196,0.039128,0,1,0,0.0333,0,1801.8,0,1,0,0.0333,0,1801.8
1232,12,422.27,422.33,23,3,177,0,0,0,0,0,0,0,0,0,0,0,0,0.093125,0.038503,0.093125,0.038503,0,1,0,0.0666,0,900.9,0,1,0,0.0666,0,900.9
1232,12,422.4,422.43,8,3,178,0,0,0,0,0,0,0,0,0,0,0,0,0.1068,0.037271,0.1068,0.037271,0,1,0,0.0333,0,1801.8,0,1,0,0.0333,0,1801.8
1232,12,422.43,423.23,23,3,179,0,0,0,0,0,0,0,0.58329,0,0.46663,0,75,0.20806,0.039841,0.20208,0.039903,0,1,0,0.8,0,75,0,1.25,0,0.5,0,150
1232,12,423.27,423.33,23,3,180,0,0,0,0,0,0,0,1,0,0.0666,0,900.9,0.17816,0.053437,0.17816,0.053437,0,1,0,0.0666,0,900.9,0,2,0,0.0666,0,1801.8
1232,12,423.37,424.23,23,3,181,0,0.61539,0,0.5333,0,69.236,0,0.65382,0,0.2833,0,138.47,0.24893,0.031205,0.2542,0.03188,0,1,0,0.8666,0,69.236,0,1,0,0.8666,0,69.236
1232,12,424.57,424.63,4,3,182,1,0,0.0666,0,900.9,0,0,1,0,0.0666,0,900.9,0.10452,0,0.10452,0,0,1,0,0.0666,0,900.9,0,1,0,0.0666,0,900.9
1232,12,424.7,424.73,23,3,183,0,1,0,0.0333,0,1801.8,0,1,0,0.0333,0,1801.8,0.055225,0,0.055225,0,0,2,0,0.0333,0,3603.6,0,1,0,0.0333,0,1801.8
1232,12,424.8,424.87,4,3,184,1,0,0.0666,0,900.9,0,0,1,0,0.0666,0,900.9,0.10261,0.02663,0.10261,0.02663,1,1,0.0666,0.0666,900.9,900.9,0,1,0,0.0666,0,900.9
1232,12,424.87,424.93,23,3,185,0,1,0,0.0666,0,900.9,0,1,0,0.0666,0,900.9,0.08529,0.016602,0.08529,0.016602,0,2,0,0.0666,0,1801.8,0,1,0,0.0666,0,900.9
1232,12,424.97,425,23,3,186,0,1,0,0.0333,0,1801.8,0,1,0,0.0333,0,1801.8,0,0,0,0,0,2,0,0.0333,0,3603.6,0,1,0,0.0333,0,1801.8
1232,12,425.07,425.1,23,3,187,0,1,0,0.0333,0,1801.8,0,1,0,0.0333,0,1801.8,0,0,0,0,0,2,0,0.0333,0,3603.6,0,1,0,0.0333,0,1801.8
1232,12,425.73,425.8,4,3,188,1,0,0.0667,0,899.55,0,0,1,0,0.0667,0,899.55,0.16898,0.011719,0.16898,0.011719,1,1,0.0667,0.0667,899.55,899.55,0,1,0,0.0667,0,899.55
1232,12,426.87,426.93,7,3,189,1,0,0.0666,0,900.9,0,0,1,0,0.0666,0,900.9,0.09083,0.040231,0.09083,0.040231,1,0,0.0666,0,900.9,0,0,1,0,0.0666,0,900.9
1232,12,427.1,427.17,7,3,190,1,0,0.0666,0,900.9,0,0,1,0,0.0666,0,900.9,0.10523,0.032218,0.10523,0.032218,1,0,0.0666,0,900.9,0,0,1,0,0.0666,0,900.9
1232,12,427.17,427.23,24,3,191,0,1,0,0.0666,0,900.9,0,1,0,0.0666,0,900.9,0.077266,0.031838,0.077266,0.031838,0,1,0,0.0666,0,900.9,0,1,0,0.0666,0,900.9
1232,12,427.23,427.6,11,3,192,0,1,0,0.3667,0,163.62,0,1,0,0.3667,0,163.62,0.055909,0.013957,0.054232,0.013965,0,1.4545,0,0.26668,0,327.24,0,1,0,0.3667,0,163.62
1232,12,427.63,427.67,11,3,193,0,0,0,0,0,0,0,1,0,0.0333,0,1801.8,0.05127,0.013477,0.05127,0.013477,0,2,0,0.0333,0,3603.6,0,1,0,0.0333,0,1801.8
1232,12,427.77,427.8,11,3,194,0,0,0,0,0,0,0,1,0,0.0333,0,1801.8,0,0,0,0,0,2,0,0.0333,0,3603.6,0,1,0,0.0333,0,1801.8
1232,12,428.13,428.23,4,3,195,1,0,0.1,0,600,0,0,1,0,0.1,0,600,0.068292,0.0056283,0.067402,0.0056283,0,1,0,0.1,0,600,0,1,0,0.1,0,600
1232,12,428.33,428.43,4,3,196,1,0,0.1,0,600,0,0,1,0,0.1,0,600,0.068859,0.011874,0.072051,0.011878,0,1,0,0.1,0,600,0,1,0,0.1,0,600
1232,12,428.53,428.57,4,3,197,1,0,0.0333,0,1801.8,0,0,1,0,0.0333,0,1801.8,0.060586,0.0092741,0.060586,0.0092741,0,1,0,0.0333,0,1801.8,0,1,0,0.0333,0,1801.8
1232,12,428.6,428.83,23,3,198,0,1,0,0.2333,0,257.18,0,1,0,0.2333,0,257.18,0.10429,0.016936,0.1075,0.01119,0,1,0,0.2333,0,257.18,0,1,0,0.2333,0,257.18
1232,12,428.87,429.17,7,3,199,1,0,0.2999,0,200.07,0,0,1,0,0.2999,0,200.07,0.17838,0.078143,0.17936,0.081523,1,0,0.2999,0,200.07,0,0,1,0,0.2999,0,200.07
1232,12,429.17,429.2,23,3,200,0,1,0,0.0333,0,1801.8,0,1,0,0.0333,0,1801.8,0,0,0,0,0,1,0,0.0333,0,1801.8,0,1,0,0.0333,0,1801.8
1232,12,429.4,429.5,23,3,201,0,1,0,0.1,0,600,0,0,0,0,0,0,0.080967,0.061523,0.085042,0.061523,0,1,0,0.1,0,600,0,1,0,0.1,0,600
1232,12,429.6,429.63,7,3,202,0,0,0,0,0,0,0,0,0,0,0,0,0.050469,0,0.050469,0,1,0,0.0333,0,1801.8,0,0,1,0,0.0333,0,1801.8
1232,12,429.77,429.83,4,3,203,1,0,0.0666,0,900.9,0,0,0,0,0,0,0,0.15114,0,0.15114,0,0,1,0,0.0666,0,900.9,0,1,0,0.0666,0,900.9
1232,12,429.93,430.07,4,3,204,1,0,0.1333,0,450.11,0,0,0.74969,0,0.099933,0,450.11,0.19338,0,0.19766,0,0,1,0,0.1333,0,450.11,0,1,0,0.1333,0,450.11
1232,12,430.27,430.3,4,3,205,0,0,0,0,0,0,0,1,0,0.0333,0,1801.8,0,0,0,0,0,1,0,0.0333,0,1801.8,0,1,0,0.0333,0,1801.8
1232,12,430.33,430.4,4,3,206,0,0,0,0,0,0,0,1,0,0.0667,0,899.55,0.14876,0.072028,0.14876,0.072028,0,1,0,0.0667,0,899.55,0,1,0,0.0667,0,899.55
1232,12,430.47,430.5,4,3,207,0,0,0,0,0,0,0,1,0,0.0333,0,1801.8,0,0,0,0,0,1,0,0.0333,0,1801.8,0,1,0,0.0333,0,1801.8
1232,12,431.17,431.2,11,3,208,1,0,0.0333,0,1801.8,0,0,0,0,0,0,0,0,0,0,0,0,1,0,0.0333,0,1801.8,0,1,0,0.0333,0,1801.8
1232,12,431.23,431.27,24,3,209,0,0.001001,0,3.3333e-05,0,1801.8,0,0,0,0,0,0,0.13804,0.037464,0.13804,0.037464,0,1,0,0.0333,0,1801.8,0,1,0,0.0333,0,1801.8
1232,12,431.33,431.4,24,3,210,0,0,0,0,0,0,0,0,0,0,0,0,0.14689,0.026466,0.14689,0.026466,0,1,0,0.0667,0,899.55,0,1,0,0.0667,0,899.55
1232,12,435.7,435.8,23,3,211,0,0,0,0,0,0,1,0,0.1,0,600,0,0.20343,0.024354,0.22891,0.0229,0,0,0,0,0,0,1,1,0.1,0.1,600,600
1232,12,435.83,435.87,6,3,212,0,0,0,0,0,0,0,1,0,0.0333,0,1801.8,0.052448,0.019616,0.052448,0.019616,0,0,0,0,0,0,0,2,0,0.0333,0,3603.6
1232,12,435.87,436.6,23,3,213,0,0,0,0,0,0,0.13632,0,0.099967,0,81.822,0,0.26438,0.036769,0.27907,0.036505,0,0,0,0,0,0,0.18178,1,0.1333,0.7333,81.822,81.822
1232,12,443.93,444.37,7,3,214,1,0,0.4333,0,138.47,0,0.23063,0.077006,0.099933,0.033367,138.47,138.47,0.11927,0.030244,0.12417,0.028428,2,0,0.4333,0,276.94,0,0,0.99992,0,0.43327,0,138.47
1232,12,444.4,444.47,7,3,215,0,0,0,0,0,0,1,0,0.0666,0,900.9,0,0.109,0.040129,0.109,0.040129,2,0,0.0666,0,1801.8,0,0,1,0,0.0666,0,900.9
1232,12,444.5,444.53,7,3,216,0,0,0,0,0,0,1,0,0.0333,0,1801.8,0,0.11484,0.025065,0.11484,0.025065,2,0,0.0333,0,3603.6,0,0,1,0,0.0333,0,1801.8
1232,12,444.57,444.6,7,3,217,0,0,0,0,0,0,1,0,0.0333,0,1801.8,0,0,0,0,0,2,0,0.0333,0,3603.6,0,0,1,0,0.0333,0,1801.8
1232,12,445.53,445.73,20,3,218,0,0,0,0,0,0,0,1,0,0.2,0,300,0.14151,0,0.14241,0,0,1,0,0.2,0,300,0,1,0,0.2,0,300
1232,12,447.2,447.23,20,3,219,0,0,0,0,0,0,0,0,0,0,0,0,0.05418,0,0.05418,0,0,1,0,0.0333,0,1801.8,0,1,0,0.0333,0,1801.8
1232,12,448.97,449.03,4,3,220,0,0,0,0,0,0,0,0,0,0,0,0,0.11678,0,0.11678,0,0,1,0,0.0666,0,900.9,0,1,0,0.0666,0,900.9
1232,12,449.1,449.13,4,3,221,0,0,0,0,0,0,0,0,0,0,0,0,0.10544,0.0081901,0.10544,0.0081901,0,1,0,0.0333,0,1801.8,0,1,0,0.0333,0,1801.8
1232,12,449.27,449.3,12,3,222,0,1,0,0.0333,0,1801.8,0,0,0,0,0,0,0,0,0,0,0,1,0,0.0333,0,1801.8,0,1,0,0.0333,0,1801.8
1232,12,449.3,449.33,4,3,223,1,0,0.0333,0,1801.8,0,0,0,0,0,0,0,0.17102,0.014665,0.17102,0.014665,0,1,0,0.0333,0,1801.8,0,1,0,0.0333,0,1801.8
1232,12,449.5,449.53,4,3,224,0,1,0,0.0333,0,1801.8,0,1,0,0.0333,0,1801.8,0.13747,0.011484,0.13747,0.011484,0,1,0,0.0333,0,1801.8,0,1,0,0.0333,0,1801.8
1232,12,450.07,450.1,4,3,225,0,0,0,0,0,0,0,0,0,0,0,0,0,0,0,0,0,1,0,0.0333,0,1801.8,0,1,0,0.0333,0,1801.8
1232,12,450.67,450.73,11,3,226,0,0,0,0,0,0,0,0,0,0,0,0,0.10838,0.038487,0.10838,0.038487,0,1,0,0.0666,0,900.9,1,1,0.0666,0.0666,900.9,900.9
1232,12,450.8,450.9,4,3,227,0,0,0,0,0,0,0,0,0,0,0,0,0.2493,0.031253,0.28313,0.027291,0,1,0,0.1,0,600,1,1,0.1,0.1,600,600
1232,12,450.93,450.97,23,3,228,0,0,0,0,0,0,0,0,0,0,0,0,0.215,0.027764,0.215,0.027764,0,1,0,0.0333,0,1801.8,0,2,0,0.0333,0,3603.6
1232,12,451.63,451.77,4,3,229,1,0,0.1333,0,450.11,0,0,0,0,0,0,0,0.37688,0.010352,0.34366,0.010352,0,1,0,0.1333,0,450.11,1,1,0.1333,0.1333,450.11,450.11
1232,12,451.8,451.83,15,3,230,0,1,0,0.0333,0,1801.8,0,0,0,0,0,0,0.25184,0.011719,0.25184,0.011719,0,1,0,0.0333,0,1801.8,0,2,0,0.0333,0,3603.6
1232,12,452.17,452.47,4,3,231,1,0,0.2999,0,200.07,0,0.55552,0,0.1666,0,200.07,0,0.45707,0.011664,0.43918,0.011325,0,1,0,0.2999,0,200.07,1,1,0.2999,0.2999,200.07,200.07
1232,12,452.47,452.53,15,3,232,0,1,0,0.0666,0,900.9,0,1,0,0.0666,0,900.9,0.38521,0.12175,0.38521,0.12175,0,1,0,0.0666,0,900.9,0,2,0,0.0666,0,1801.8
1232,12,452.53,452.57,4,3,233,1,0,0.0333,0,1801.8,0,1,0,0.0333,0,1801.8,0,0.3265,0.15113,0.3265,0.15113,0,1,0,0.0333,0,1801.8,1,1,0.0333,0.0333,1801.8,1801.8
1232,12,452.6,452.87,4,3,234,0.37509,0,0.1,0,225.06,0,0.37509,0,0.1,0,225.06,0,0.3656,0.030163,0.37683,0.010566,0,1,0,0.2666,0,225.06,1,1,0.2666,0.2666,225.06,225.06
1232,12,452.9,452.93,4,3,235,0,0,0,0,0,0,0,0,0,0,0,0,0.24078,0.022556,0.24078,0.022556,0,1,0,0.0333,0,1801.8,1,1,0.0333,0.0333,1801.8,1801.8
1232,12,452.97,453.03,4,3,236,0,0,0,0,0,0,0,0,0,0,0,0,0.31274,0.021967,0.31274,0.021967,0,1,0,0.0666,0,900.9,1,1,0.0666,0.0666,900.9,900.9
1232,12,453.1,453.13,23,3,237,0,0,0,0,0,0,0,0,0,0,0,0,0.15035,0.015365,0.15035,0.015365,0,1,0,0.0333,0,1801.8,0,2,0,0.0333,0,3603.6
1232,12,453.17,453.2,4,3,238,0,0,0,0,0,0,0,0,0,0,0,0,0,0,0,0,0,1,0,0.0333,0,1801.8,1,1,0.0333,0.0333,1801.8,1801.8
1232,12,453.23,453.3,23,3,239,0,0,0,0,0,0,0,0,0,0,0,0,0.15189,0.032115,0.15189,0.032115,0,1,0,0.0667,0,899.55,0,2,0,0.0667,0,1799.1
1232,12,453.43,453.5,4,3,240,0,0,0,0,0,899.55,0,0,0,0,0,0,0.12609,0.026839,0.12609,0.026839,0,1,0,0.0667,0,899.55,1,1,0.0667,0.0667,899.55,899.55
1232,12,453.53,454.13,4,3,241,0,0.55561,0,0.33337,0,100,0,0,0,0,0,0,0.19433,0.027193,0.16728,0.026926,0,1,0,0.6,0,100,1,1,0.6,0.6,100,100
1232,12,454.2,454.23,4,3,242,0,0,0,0,0,0,0,0,0,0,0,0,0.3043,0.024313,0.3043,0.024313,0,1,0,0.0333,0,1801.8,1,1,0.0333,0.0333,1801.8,1801.8
1232,12,454.3,454.67,4,3,243,0.090744,0,0.033267,0,163.67,0,0,0,0,0,0,0,0.19011,0.023876,0.13151,0.023945,0,1,0,0.3666,0,163.67,1,1,0.3666,0.3666,163.67,163.67
1232,12,454.73,454.8,4,3,244,1,0,0.0667,0,899.55,0,0,0,0,0,0,0,0.29474,0.025834,0.29474,0.025834,0,1,0,0.0667,0,899.55,1,1,0.0667,0.0667,899.55,899.55
1232,12,454.83,454.87,15,3,245,0,1,0,0.0333,0,1801.8,0,0,0,0,0,0,0.46125,0.022979,0.46125,0.022979,0,1,0,0.0333,0,1801.8,0,2,0,0.0333,0,3603.6
1232,12,454.87,454.9,18,3,246,0,1,0,0.0333,0,1801.8,0,0,0,0,0,0,0,0,0,0,0,1,0,0.0333,0,1801.8,0,2,0,0.0333,0,3603.6
1232,12,454.93,454.97,4,3,247,1,0,0.0333,0,1801.8,0,0,0,0,0,0,0,0.22201,0.025246,0.22201,0.025246,0,1,0,0.0333,0,1801.8,1,1,0.0333,0.0333,1801.8,1801.8
1232,12,455.07,455.1,4,3,248,1,0,0.0333,0,1801.8,0,1,0,0.0333,0,1801.8,0,0,0,0,0,0,1,0,0.0333,0,1801.8,1,1,0.0333,0.0333,1801.8,1801.8
1232,12,455.17,455.2,4,3,249,1,0,0.0333,0,1801.8,0,1,0,0.0333,0,1801.8,0,0,0,0,0,0,1,0,0.0333,1801.8,1801.8,1,1,0.0333,0.0333,1801.8,1801.8
1232,12,455.23,455.53,4,3,250,1,0,0.3,0,200,0,0.77789,0,0.23337,0,200,0,0.35937,0.027202,0.42235,0.027241,1,1,0.3,0.3,200,200,1,1,0.3,0.3,200,200
1232,12,455.57,455.63,4,3,251,1,0,0.0666,0,900.9,0,0,0,0,0,0,0,0.39352,0.026013,0.39352,0.026013,1,1,0.0666,0.0666,900.9,900.9,1,1,0.0666,0.0666,900.9,900.9
1232,12,456,456.33,4,3,252,0,0,0,0,180.02,0,0,0,0,0,0,0,0.33216,0.026932,0.3372,0.025924,1.4999,0,0.24997,0,360.04,0,1,1,0.3333,0.3333,180.02,180.02
1232,12,456.37,456.4,4,3,253,0,0,0,0,0,0,0,0,0,0,0,0,0,0,0,0,2,0,0.0333,0,3603.6,0,1,1,0.0333,0.0333,1801.8,1801.8
1232,12,456.4,456.47,20,3,254,0,0,0,0,0,0,0,0,0,0,0,0,0.058704,0.016034,0.058704,0.016034,0,2,0,0.0666,0,1801.8,0,1.5005,0,0.049967,0,1801.8
1232,12,456.47,456.57,4,3,255,0,0,0,0,0,0,0,0,0,0,0,0,0.4432,0.027227,0.4432,0.027227,2,0,0.0999,0,1201.2,0,0,1.333,0,0.066583,0,1201.2
1232,12,456.6,457.37,4,3,256,0.52178,0,0.4,0,78.268,0,0,0.13036,0,0.099933,0,78.268,0.24259,0.042423,0.23995,0.042621,2,0,0.7666,0,156.54,0,0,2,0,0.7666,0,156.54
1232,12,457.5,457.53,4,3,257,0,0,0,0,0,0,0,1,0,0.0333,0,1801.8,0.1705,0.060029,0.1705,0.060029,2,0,0.0333,0,3603.6,0,0,1,0,0.0333,0,1801.8
1232,12,458.67,458.7,20,3,258,0,0,0,0,0,0,0,1,0,0.0333,0,1801.8,0,0,0,0,0,2,0,0.0333,0,3603.6,0,1,0,0.0333,0,1801.8
1232,12,458.7,458.73,23,3,259,0,0,0,0,0,0,0,1,0,0.0333,0,1801.8,0.10123,0.044538,0.10123,0.044538,0,2,0,0.0333,0,3603.6,0,1,0,0.0333,0,1801.8
1232,12,458.8,458.83,20,3,260,0,1,0,0.0333,0,1801.8,0,1,0,0.0333,0,1801.8,0.054492,0.018842,0.054492,0.018842,0,2,0,0.0333,0,3603.6,0,1,0,0.0333,0,1801.8
1232,12,459.17,459.2,23,3,261,0,1,0,0.0333,0,1801.8,0,1,0,0.0333,0,1801.8,0,0,0,0,0,1,0,0.0333,0,1801.8,0,1,0,0.0333,0,1801.8
1232,12,459.23,459.43,23,3,262,0,1,0,0.2,0,300,0,1,0,0.2,0,300,0.18925,0.045159,0.19021,0.040711,0,1,0,0.2,0,300,0,1,0,0.2,0,300
1232,12,459.5,459.6,4,3,263,0.33333,0,0.033333,0,600,0,1,0,0.1,0,600,0,0.16099,0.052009,0.14875,0.051441,1,0,0.1,0,600,0,0,1,0,0.1,0,600
1232,12,459.67,459.7,4,3,264,0,0,0,0,0,0,1,0,0.0333,0,1801.8,0,0,0,0,0,1,0,0.01665,0,3603.6,0,0,1,0,0.0333,0,1801.8
1232,12,459.73,459.77,4,3,265,0,0,0,0,0,0,1,0,0.0333,0,1801.8,0,0.17637,0.037743,0.17637,0.037743,2,0,0.0333,0,3603.6,0,0,1,0,0.0333,0,1801.8
1232,12,459.77,460.4,23,3,266,0,0,0,0,0,94.742,0,1,0,0.6333,0,94.742,0.23691,0.041656,0.23843,0.040067,0,1.9474,0,0.61663,0,189.48,0,1,0,0.6333,0,94.742
1232,12,460.43,460.67,23,3,267,0,1,0,0.2333,0,257.18,0,1,0,0.2333,0,257.18,0.28683,0.076983,0.28899,0.06948,0,1.4283,0,0.16662,0,514.36,0,1,0,0.2333,0,257.18
1232,12,460.8,460.97,23,3,268,0,1,0,0.1666,0,360.14,0,1,0,0.1666,0,360.14,0.25199,0.061455,0.25352,0.066141,0,2,0,0.1666,0,720.29,0,1,0,0.1666,0,360.14
1232,12,461,461.03,4,3,269,1,0,0.0333,0,1801.8,0,1,0,0.0333,0,1801.8,0,0.23876,0.089216,0.23876,0.089216,2,0,0.0333,0,3603.6,0,0,1,0,0.0333,0,1801.8
1232,12,461.27,461.33,23,3,270,0,1,0,0.0666,0,900.9,0,0,0,0,0,0,0.29409,0.042496,0.29409,0.042496,0,1,0,0.0666,0,900.9,0,1,0,0.0666,0,900.9
1232,12,461.4,461.47,23,3,271,0,1,0,0.0666,0,900.9,0,0,0,0,0,0,0.24179,0.03835,0.24179,0.03835,0,1,0,0.0666,0,900.9,0,1,0,0.0666,0,900.9
1232,12,461.63,461.67,12,3,272,0,1,0,0.0333,0,1801.8,0,0,0,0,0,0,0.12502,0.035479,0.12502,0.035479,0,2,0,0.0333,0,3603.6,0,1,0,0.0333,0,1801.8
1232,12,461.83,461.87,23,3,273,0,1,0,0.0333,0,1801.8,0,0,0,0,0,0,0.17443,0.061442,0.17443,0.061442,0,1,0,0.0333,0,1801.8,0,1,0,0.0333,0,1801.8
1232,12,461.9,461.97,4,3,274,1,0,0.0666,0,900.9,0,0,0,0,0,0,0,0.35836,0.032147,0.35836,0.032147,1,0,0.0666,0,900.9,0,0,1,0,0.0666,0,900.9
1232,12,461.97,462,23,3,275,0,1,0,0.0333,0,1801.8,0,0,0,0,0,0,0,0,0,0,0,1,0,0.0333,0,1801.8,0,1,0,0.0333,0,1801.8
1232,12,462.03,462.37,23,3,276,0,1,0,0.3333,0,180.02,0,0,0,0,0,0,0.2637,0.066441,0.27053,0.067519,0,1,0,0.3333,0,180.02,0,1,0,0.3333,0,180.02
1232,12,462.37,462.4,4,3,277,1,0,0.0333,0,1801.8,0,0,0,0,0,0,0,0,0,0,0,1,0,0.0333,0,1801.8,0,0,1,0,0.0333,0,1801.8
1232,12,462.43,462.77,23,3,278,0,1,0,0.3333,0,180.02,0,0,0,0,0,0,0.26428,0.079173,0.26168,0.081365,0,1,0,0.3333,0,180.02,0,1,0,0.3333,0,180.02
1232,12,462.8,462.9,23,3,279,0,1,0,0.1,0,600,0,0,0,0,0,0,0.27438,0.056079,0.26895,0.053381,0,1,0,0.1,0,600,0,1,0,0.1,0,600
1232,12,462.9,463.27,4,3,280,0.90926,0,0.33333,0,163.67,0,0,0,0,0,0,0,0.27048,0.041879,0.27371,0.042425,1,0,0.3666,0,163.67,0,0,1,0,0.3666,0,163.67
1232,12,463.3,463.43,23,3,281,0,0,0,0,0,0,0,0,0,0,0,0,0.19279,0.033243,0.19018,0.037648,0,1,0,0.1333,0,450.11,0,1,0,0.1333,0,450.11
1232,12,463.47,463.5,7,3,282,0,0,0,0,0,0,0,0,0,0,0,0,0,0,0,0,0,1,0,0.0333,0,1801.8,0,1,0,0.0333,0,1801.8
1232,12,463.5,463.87,23,3,283,0,0,0,0,0,0,0,0,0,0,0,0,0.27074,0.031715,0.28646,0.030397,0,1,0,0.3666,0,163.67,0,1,0,0.3666,0,163.67
1232,12,463.87,463.93,4,3,284,0,0,0,0,0,0,0,0,0,0,0,0,0.092334,0.033644,0.092334,0.033644,1,0,0.0666,0,900.9,0,0,1,0,0.0666,0,900.9
1232,12,463.93,463.97,23,3,285,0,0,0,0,0,0,0,0,0,0,0,0,0.15547,0.045751,0.15547,0.045751,0,1,0,0.0333,0,1801.8,0,1,0,0.0333,0,1801.8
1232,12,464,464.13,23,3,286,0,0,0,0,0,0,0,0,0,0,0,0,0.25778,0.042054,0.26008,0.04279,0,1,0,0.1333,0,450.11,0,1,0,0.1333,0,450.11
1232,12,464.17,464.2,7,3,287,0,0,0,0,0,0,0,0,0,0,0,0,0,0,0,0,0,1,0,0.0333,0,1801.8,0,1,0,0.0333,0,1801.8
1232,12,464.2,464.33,23,3,288,0,0,0,0,0,0,0,0,0,0,0,0,0.26459,0.064413,0.25916,0.064421,0,1,0,0.1333,0,450.11,0,1,0,0.1333,0,450.11
1232,12,464.37,464.43,23,3,289,0,0,0,0,0,0,0,0,0,0,0,0,0.20271,0.066719,0.20271,0.066719,0,1,0,0.0666,0,900.9,0,1,0,0.0666,0,900.9
1232,12,464.43,464.47,4,3,290,0,0,0,0,0,0,0,0,0,0,0,0,0.36094,0.026577,0.36094,0.026577,1,0,0.0333,0,1801.8,0,0,1,0,0.0333,0,1801.8
1232,12,464.5,464.53,21,3,291,0,0,0,0,0,0,0,0,0,0,0,0,0.40033,0,0.40033,0,0,1,0,0.0333,0,1801.8,0,1,0,0.0333,0,1801.8
1232,12,464.67,464.7,4,3,292,0,0,0,0,0,0,0,0,0,0,0,0,0,0,0,0,1,0,0.0333,0,1801.8,0,0,1,0,0.0333,0,1801.8
1232,12,464.7,464.73,7,3,293,0,0,0,0,0,0,0,0,0,0,0,0,0.073167,0.010456,0.073167,0.010456,0,1,0,0.0333,0,1801.8,0,1,0,0.0333,0,1801.8
1232,12,464.73,464.8,4,3,294,0,0,0,0,0,0,0,0,0,0,0,0,0.31363,0.037824,0.31363,0.037824,1,0,0.0667,0,899.55,0,0,1,0,0.0667,0,899.55
1232,12,464.9,465.2,23,3,295,0,0,0,0,0,0,0,0,0,0,0,0,0.22599,0.063064,0.22316,0.070752,0,1,0,0.3,0,200,0,1,0,0.3,0,200
1232,12,465.2,465.3,4,3,296,0,0,0,0,0,0,0,0,0,0,0,0,0.34233,0.077165,0.39398,0.05484,1,0,0.1,0,600,0,0,1,0,0.1,0,600
1232,12,465.3,465.33,15,3,297,0,0,0,0,0,0,0,0,0,0,0,0,0.39065,0.11278,0.39065,0.11278,0,1,0,0.0333,0,1801.8,0,1,0,0.0333,0,1801.8
1232,12,465.37,465.5,4,3,298,0,0,0,0,0,0,0,0,0,0,0,0,0.5462,0.059776,0.59883,0.070702,1,0,0.1333,0,450.11,0,0,1,0,0.1333,0,450.11
1232,12,465.5,465.53,23,3,299,0,0,0,0,0,0,0,0,0,0,0,0,0.1202,0.022433,0.1202,0.022433,0,1,0,0.0333,0,1801.8,0,1,0,0.0333,0,1801.8
1232,12,465.57,465.7,23,3,300,0,0,0,0,0,0,0,0,0,0,0,0,0.12392,0.023111,0.12094,0.023071,0,1,0,0.1333,0,450.11,0,1,0,0.1333,0,450.11
1232,12,466.17,466.2,4,3,301,1,0,0.0333,0,1801.8,0,0,1,0,0.0333,0,1801.8,0,0,0,0,1,0,0.0333,0,1801.8,0,0,1,0,0.0333,0,1801.8
1232,12,466.27,466.3,4,3,302,1,0,0.0333,0,1801.8,0,0,1,0,0.0333,0,1801.8,0,0,0,0,1,0,0.0333,0,1801.8,0,0,1,0,0.0333,0,1801.8
1232,12,466.33,466.4,4,3,303,1,0,0.0667,0,899.55,0,0,1,0,0.0667,0,899.55,0.10361,0.028044,0.10361,0.028044,1,0,0.03335,0,1799.1,0,0,1,0,0.0667,0,899.55
1232,12,466.47,466.5,7,3,304,0,1,0,0.0333,0,1801.8,0,1,0,0.0333,0,1801.8,0,0,0,0,0,2,0,0.0333,0,3603.6,0,1,0,0.0333,0,1801.8
1232,12,466.5,466.57,15,3,305,0,1,0,0.0666,0,900.9,0,1,0,0.0666,0,900.9,0.40853,0.031702,0.40853,0.031702,0,2,0,0.0666,0,1801.8,0,1,0,0.0666,0,900.9
1232,12,466.6,466.63,4,3,306,1,0,0.0333,0,1801.8,0,0,1,0,0.0333,0,1801.8,0.19539,0.035718,0.19539,0.035718,2,0,0.0333,0,3603.6,0,0,1,0,0.0333,0,1801.8
1232,12,466.7,466.73,7,3,307,0,1,0,0.0333,0,1801.8,0,1,0,0.0333,0,1801.8,0.052819,0.018548,0.052819,0.018548,0,1,0,0.0333,0,1801.8,0,1,0,0.0333,0,1801.8
1232,12,466.73,466.77,23,3,308,0,1,0,0.0333,0,1801.8,0,1,0,0.0333,0,1801.8,0.16502,0.061976,0.16502,0.061976,0,1,0,0.0333,0,1801.8,0,1,0,0.0333,0,1801.8
1232,12,466.83,466.97,23,3,309,0,1,0,0.1333,0,450.11,0,0,0,0,0,0,0.19712,0.042807,0.2024,0.041767,0,1,0,0.1333,0,450.11,0,1,0,0.1333,0,450.11
1232,12,466.97,467.33,4,3,310,1,0,0.3666,0,163.67,0,0,0,0,0,0,0,0.22547,0.051529,0.21909,0.049462,1,0,0.3666,0,163.67,0,0,1,0,0.3666,0,163.67
1232,12,467.33,467.43,23,3,311,0,1,0,0.1,0,600,0,0,0,0,0,0,0.14757,0.034782,0.14784,0.035341,0,1,0,0.1,0,600,0,1,0,0.1,0,600
1232,12,467.43,467.47,4,3,312,1,0,0.0333,0,1801.8,0,0,0,0,0,0,0,0.18843,0.043376,0.18843,0.043376,1,0,0.0333,0,1801.8,0,0,1,0,0.0333,0,1801.8
1232,12,467.47,467.6,23,3,313,0,1,0,0.1333,0,450.11,0,0,0,0,0,0,0.135,0.032096,0.13525,0.030988,0,1,0,0.1333,0,450.11,0,1,0,0.1333,0,450.11
1232,12,467.6,467.63,4,3,314,1,0,0.0333,0,1801.8,0,0,0,0,0,0,0,0.16862,0.042589,0.16862,0.042589,1,0,0.0333,0,1801.8,0,0,1,0,0.0333,0,1801.8
1232,12,467.63,467.83,23,3,315,0,0.50017,0,0.10003,0,300,0,0,0,0,0,0,0.098685,0.030025,0.09042,0.030549,0,1.9998,0,0.19998,0,600,0,1,0,0.2,0,300
1232,12,467.87,467.93,23,3,316,0,0,0,0,0,0,0,0,0,0,0,0,0.10863,0.019871,0.10863,0.019871,0,2,0,0.0666,0,1801.8,0,1,0,0.0666,0,900.9
1232,12,467.93,467.97,12,3,317,0,0,0,0,0,0,0,0,0,0,0,0,0.09401,0.023451,0.09401,0.023451,0,2,0,0.0333,0,3603.6,0,1,0,0.0333,0,1801.8
1232,12,468.27,468.3,5,3,318,0,0,0,0,0,0,0,0,0,0,0,0,0,0,0,0,0,2,0,0.0333,0,3603.6,0,1,0,0.0333,0,1801.8
1232,12,468.63,468.67,23,3,319,0,0,0,0,0,0,0,0,0,0,0,0,0.12072,0.027738,0.12072,0.027738,0,1,0,0.0333,0,1801.8,0,1,0,0.0333,0,1801.8
1232,12,468.67,468.73,15,3,320,0,0,0,0,0,0,0,0,0,0,0,0,0.65686,0.053935,0.65686,0.053935,0,1,0,0.0666,0,900.9,0,1,0,0.0666,0,900.9
1232,12,468.73,468.8,23,3,321,0,0,0,0,0,0,0,0,0,0,0,0,0.087179,0.040052,0.087179,0.040052,0,1,0,0.0667,0,899.55,0,1,0,0.0667,0,899.55
1232,12,468.8,468.93,4,3,322,0,0,0,0,0,0,0,0,0,0,0,0,0.37337,0.041783,0.35158,0.041641,1,0,0.1333,0,450.11,0,0,1,0,0.1333,0,450.11
1232,12,468.97,469,4,3,323,0,0,0,0,0,0,0,0,0,0,0,0,0,0,0,0,1,0,0.0333,0,1801.8,0,0,1,0,0.0333,0,1801.8
1232,12,469.1,469.13,4,3,324,0,0,0,0,0,0,0,0,0,0,0,0,0.1106,0.032394,0.1106,0.032394,1,0,0.0333,0,1801.8,0,0,1,0,0.0333,0,1801.8
1232,12,469.17,469.2,15,3,325,0,0,0,0,0,0,0,0,0,0,0,0,0,0,0,0,0,1,0,0.0333,0,1801.8,0,1,0,0.0333,0,1801.8
1232,12,469.33,469.47,4,3,326,0,0,0,0,0,0,0,0,0,0,0,0,0.11789,0.050041,0.1196,0.04857,1,0,0.1333,0,450.11,0,0,1,0,0.1333,0,450.11
1232,12,469.5,469.53,4,3,327,0,0,0,0,0,0,0,0,0,0,0,0,0.10041,0.069355,0.10041,0.069355,1,0,0.0333,0,1801.8,0,0,1,0,0.0333,0,1801.8
1232,12,470.17,470.2,4,3,328,0,0,0,0,0,0,0,0,0,0,0,0,0,0,0,0,1,0,0.0333,0,1801.8,0,0,1,0,0.0333,0,1801.8
1232,12,470.43,470.47,4,3,329,0,0,0,0,0,0,0,0,0,0,0,0,0.075052,0.031406,0.075052,0.031406,1,0,0.0333,0,1801.8,0,0,1,0,0.0333,0,1801.8
1232,12,470.6,470.63,4,3,330,0,0,0,0,0,0,0,0,0,0,0,0,0.0721,0.030858,0.0721,0.030858,2,0,0.0333,0,3603.6,0,0,1,0,0.0333,0,1801.8
1232,12,470.67,470.7,4,3,331,0,0,0,0,0,0,0,0,0,0,0,0,0,0,0,0,2,0,0.0333,0,3603.6,0,0,1,0,0.0333,0,1801.8
1232,12,470.93,470.97,23,3,332,0,0,0,0,0,0,0,0,0,0,0,0,0.095052,0.06473,0.095052,0.06473,0,1,0,0.0333,0,1801.8,0,1,0,0.0333,0,1801.8
1232,12,471.03,471.07,23,3,333,0,0,0,0,0,0,0,0,0,0,0,0,0.083255,0.043542,0.083255,0.043542,0,1,0,0.0333,0,1801.8,0,1,0,0.0333,0,1801.8
1232,12,471.17,471.33,4,3,334,0,0,0,0,0,0,0,0,0,0,0,0,0.15512,0.053748,0.1649,0.047583,1,0,0.1666,0,360.14,0,0,1,0,0.1666,0,360.14
1232,12,471.4,471.47,4,3,335,0,0,0,0,0,0,0,0,0,0,0,0,0.18878,0.041965,0.18878,0.041965,1,0,0.0666,0,900.9,0,0,1,0,0.0666,0,900.9
1232,12,471.6,471.63,4,3,336,0,0,0,0,0,0,0,0,0,0,0,0,0.13508,0.046051,0.13508,0.046051,1,0,0.0333,0,1801.8,0,0,1,0,0.0333,0,1801.8
1232,12,471.7,471.73,4,3,337,0,0,0,0,0,0,0,0,0,0,0,0,0.13271,0.03959,0.13271,0.03959,1,0,0.0333,0,1801.8,0,0,1,0,0.0333,0,1801.8
1232,12,471.77,472.03,4,3,338,0,0,0,0,0,0,0,0,0,0,0,0,0.11702,0.039516,0.11777,0.039239,1,0,0.2666,0,225.06,0,0,1,0,0.2666,0,225.06
1232,12,472.07,472.1,4,3,339,0,0,0,0,0,0,0,0,0,0,0,0,0,0,0,0,1,0,0.0333,0,1801.8,0,0,1,0,0.0333,0,1801.8
1232,12,472.13,472.23,4,3,340,0,0,0,0,0,0,0,0,0,0,0,0,0.12021,0.029045,0.11655,0.029969,1,0,0.1,0,600,0,0,1,0,0.1,0,600
1232,12,473.27,473.33,23,3,341,0,0,0,0,0,0,0,1,0,0.0666,0,900.9,0.088594,0.036095,0.088594,0.036095,0,0,0,0,0,0,0,1,0,0.0666,0,900.9
1232,12,473.37,473.43,23,3,342,0,0,0,0,0,0,0,1,0,0.0666,0,900.9,0.086051,0.036991,0.086051,0.036991,0,0,0,0,0,0,0,1,0,0.0666,0,900.9
1232,12,474.13,474.23,15,3,343,0,0,0,0,0,0,0,1,0,0.1,0,600,0.076433,0.031908,0.076465,0.030591,0,0,0,0,0,0,0,1,0,0.1,0,600
1232,12,474.3,474.63,23,3,344,0,0,0,0,0,0,0,0.70007,0,0.23333,0,180.02,0.13404,0.049309,0.12642,0.050104,0,0,0,0,0,0,0,1,0,0.3333,0,180.02
1232,12,474.67,474.97,23,3,345,0,0,0,0,0,0,0,0,0,0,0,0,0.11839,0.050774,0.12058,0.049721,0,0,0,0,0,0,0,1,0,0.2999,0,200.07
1233,12,30.8,30.967,17,1,1,1,0,0.1666,0,360.14,0,0,1,0,0.1666,0,360.14,0.10686,0.022614,0.10078,0.021848,1,0,0.1666,0,360.14,0,0,1,0,0.1666,0,360.14
1233,12,31.067,31.167,24,1,2,0,1,0,0.0999,0,600.6,0,0.66633,0,0.033283,0,1201.2,0.083589,0.022883,0.083589,0.022883,0,1,0,0.0999,0,600.6,0,1,0,0.0999,0,600.6
1233,12,34.633,41.9,20,1,3,0,1,0,7.2667,0,8.2568,0,0.98165,0,7.1333,0,8.2568,0.087194,0.019406,0.082152,0.019104,0,0.84403,0,3.0667,0,16.514,0,1.6881,0,3.0667,0,33.027
1233,12,42.033,42.1,20,1,4,0,1,0,0.0667,0,899.55,0,0,0,0,0,0,0.052155,0.016415,0.052155,0.016415,0,1,0,0.0667,0,899.55,0,1,0,0.0667,0,899.55
1233,12,42.433,42.633,20,1,5,0,1,0,0.2,0,300,0,1,0,0.2,0,300,0.05462,0.01497,0.055275,0.015123,0,2,0,0.2,0,600,0,1,0,0.2,0,300
1233,12,42.733,43.167,20,1,6,0,1,0,0.4333,0,138.47,0,0,0,0,0,0,0.058007,0.016382,0.059408,0.016438,0,2,0,0.4333,0,276.94,0,1,0,0.4333,0,138.47
1233,12,44.4,45.533,20,1,7,0,0,0,0,0,0,0,0,0,0,0,0,0.070762,0.023254,0.071584,0.023047,0,1.7353,0,0.98332,0,105.89,0,1,0,1.1333,0,52.943
1233,12,45.567,45.767,20,1,8,0,0,0,0,0,0,0,0,0,0,0,0,0.055652,0.02087,0.055195,0.020737,0,1,0,0.1999,0,300.15,0,1,0,0.1999,0,300.15
1233,12,45.967,46.3,20,1,9,0,0,0,0,0,0,0,0,0,0,0,0,0.064247,0.02044,0.066634,0.020295,0,1.3,0,0.21665,0,360.04,0,1,0,0.3333,0,180.02
1233,12,46.467,46.767,20,1,10,0,0,0,0,0,0,0,0,0,0,0,0,0.060555,0.020101,0.06188,0.020458,0,1.5556,0,0.23327,0,400.13,0,1,0,0.2999,0,200.07
1233,12,46.8,46.9,20,1,11,0,0,0,0,0,0,0,0,0,0,0,0,0.051719,0.017861,0.051921,0.017707,0,1,0,0.1,0,600,0,1,0,0.1,0,600
1233,12,47.133,47.433,20,1,12,0,0,0,0,0,0,0,0,0,0,0,0,0.063697,0.023593,0.064316,0.023806,0,1,0,0.3,0,200,0,1,0,0.3,0,200
1233,12,47.733,47.767,20,1,13,0,0,0,0,0,0,0,0,0,0,0,0,0.053158,0.023708,0.053158,0.023708,0,0,0,0,0,0,0,1,0,0.0333,0,1801.8
1233,12,48,48.067,20,1,14,0,0,0,0,0,0,0,0,0,0,0,0,0.061393,0.021474,0.061393,0.021474,0,0,0,0,0,0,0,1,0,0.0666,0,900.9
1233,12,49.433,49.5,20,1,15,0,0,0,0,0,899.55,0,1,0,0.0667,0,899.55,0.061198,0.022325,0.061198,0.022325,0,0,0,0,0,0,0,1,0,0.0667,0,899.55
1233,12,58.833,58.9,23,1,16,0,0.9995,0,0.066667,0,899.55,0,1,0,0.0667,0,899.55,0.063841,0.018459,0.063841,0.018459,0,2,0,0.0667,0,1799.1,0,1,0,0.0667,0,899.55
1233,12,68.3,68.367,20,1,17,0,1,0,0.0666,0,900.9,0,1,0,0.0666,0,900.9,0.061769,0.018506,0.061769,0.018506,0,1,0,0.0666,0,900.9,0,2,0,0.0666,0,1801.8
1233,12,68.4,69.033,20,1,18,0,1,0,0.6333,0,94.742,0,1,0,0.6333,0,94.742,0.062389,0.017573,0.063643,0.017483,0,1.8421,0,0.5833,0,189.48,0,2,0,0.6333,0,189.48
1233,12,69.7,69.733,21,1,19,1,0,0.0333,0,1801.8,0,1,0,0.0333,0,1801.8,0,0.10719,0.016946,0.10719,0.016946,2,0,0.0333,0,3603.6,0,1,1,0.0333,0.0333,1801.8,1801.8
1233,12,73.533,73.733,15,1,20,1,0,0.2,0,300,0,1,0,0.2,0,300,0,0.097643,0.017307,0.098818,0.017694,0,1,0,0.2,0,300,1,1,0.2,0.2,300,300
1233,12,80.1,80.2,23,1,21,0,0.33333,0,0.016667,0,1200,0,0,0,0,0,0,0.060876,0.020563,0.060358,0.020488,0,2,0,0.1,0,1200,0,1,0,0.1,0,600
1233,12,80.7,81.033,20,1,22,0,0.89999,0,0.29997,0,180.02,0,1,0,0.3333,0,180.02,0.069009,0.019794,0.069756,0.020005,0,2,0,0.3333,0,360.04,0,1,0,0.3333,0,180.02
1233,12,90.933,91.067,20,1,23,1,0,0.1333,0,450.11,0,0,0,0,0,0,0,0.077494,0.021085,0.077645,0.021015,0,0,0,0,0,0,0,1,0,0.1333,0,450.11
1233,12,91.933,93.633,20,1,24,0.15686,0.47057,0.26667,0.79997,35.294,35.294,0,0.70586,0,1.2,0,35.294,0.084836,0.021704,0.084053,0.021969,0,2,0,1.7,0,70.588,0,1,0,1.7,0,35.294
1233,12,99.3,99.433,17,1,25,1,0,0.1333,0,450.11,0,0,0,0,0,0,0,0.090229,0.014583,0.091094,0.014583,0,1,0,0.1333,0,450.11,0,1,0,0.1333,0,450.11
1233,12,99.833,100.23,20,1,26,0,0.83342,0,0.33337,0,150,0,0,0,0,0,0,0.095389,0.048196,0.094902,0.050503,0,1,0,0.4,0,150,0,1,0,0.4,0,150
1233,12,107.93,108.07,3,1,27,0,1,0,0.1333,0,450.11,0,1,0,0.1333,0,450.11,0.086265,0.017031,0.086442,0.01698,0,1.2501,0,0.083317,0,900.23,0,1,0,0.1333,0,450.11
1233,12,108.33,109.8,3,1,28,0,1,0,1.4667,0,40.908,0,0.84091,0,1.2334,0,40.908,0.10326,0.020048,0.10891,0.018618,0,1,0,1.4667,0,40.908,0,1,0,1.4667,0,40.908
1233,12,110.07,110.47,3,1,29,0,1,0,0.3999,0,150.04,0,0,0,0,0,0,0.067494,0.016245,0.066895,0.016518,0,1.0834,0,0.21662,0,300.08,0,1,0,0.3999,0,150.04
1233,12,110.8,110.93,19,1,30,0,1,0,0.1333,0,450.11,0,0,0,0,0,0,0.05918,0.016847,0.05842,0.016334,0,1.2498,0,0.0833,0,900.23,0,1,0,0.1333,0,450.11
1233,12,111.13,111.17,19,1,31,0,1,0,0.0333,0,1801.8,0,0,0,0,0,0,0.067057,0.021553,0.067057,0.021553,0,1,0,0.0333,0,1801.8,0,1,0,0.0333,0,1801.8
1233,12,111.5,111.63,3,1,32,0,1,0,0.1333,0,450.11,0,1,0,0.1333,0,450.11,0.068639,0.022282,0.069297,0.022235,0,2,0,0.1333,0,900.23,0,1,0,0.1333,0,450.11
1233,12,116.43,116.53,15,1,33,0,1,0,0.1,0,600,0,0.667,0,0.0667,0,600,0.13017,0.025152,0.10835,0.024966,0,2,0,0.1,0,1200,0,1,0,0.1,0,600
1233,12,120.8,120.9,14,1,34,0,1,0,0.1,0,600,0,1,0,0.1,0,600,0.20337,0.011664,0.21556,0.011719,0,1,0,0.1,0,600,0,1,0,0.1,0,600
1233,12,128.3,128.4,15,1,35,0,0,0,0,0,0,0,0,0,0,0,0,0.058494,0.017186,0.057891,0.017032,0,1,0,0.1,0,600,0,1,0,0.1,0,600
1233,12,132.97,133.1,23,1,36,0,0.74994,0,0.049983,0,900.23,0,0,0,0,0,0,0.087405,0.023593,0.086589,0.023571,0,1,0,0.1333,0,450.11,0,1,0,0.1333,0,450.11
1233,12,133.73,133.87,23,1,37,0,1,0,0.1333,0,450.11,0,0,0,0,0,0,0.090242,0.02555,0.08903,0.025553,0,1,0,0.1333,0,450.11,0,1,0,0.1333,0,450.11
1233,12,134.63,135.73,23,1,38,0,0.81821,0,0.45002,0,109.09,0,0.45455,0,0.5,0,54.545,0.096153,0.022454,0.096956,0.023086,0,1,0,1.1,0,54.545,0,1,0,1.1,0,54.545
1233,12,137.07,137.1,21,1,39,0,1,0,0.0333,0,1801.8,0,1,0,0.0333,0,1801.8,0,0,0,0,1,1,0.0333,0.0333,1801.8,1801.8,0,1,0,0.0333,0,1801.8
1233,12,141.47,141.5,23,1,40,0,1,0,0.0333,0,1801.8,0,0,0,0,0,0,0,0,0,0,0,2,0,0.0333,0,3603.6,0,1,0,0.0333,0,1801.8
1233,12,144.23,144.63,23,1,41,0,1,0,0.4,0,150,0,0,0,0,0,0,0.19291,0.034651,0.19088,0.034944,0,0,0,0,0,0,0,0.99992,0,0.39997,0,150
1233,12,144.73,144.97,23,1,42,0,0.00014288,0,3.3333e-05,0,257.18,0,0,0,0,0,0,0.16097,0.047487,0.1627,0.047385,0,0,0,0,0,0,0,1,0,0.2333,0,257.18
1233,12,145,145.03,23,1,43,0,0,0,0,0,0,0,1,0,0.0333,0,1801.8,0.089063,0.035631,0.089063,0.035631,0,0,0,0,0,0,0,1,0,0.0333,0,1801.8
1233,12,145.23,146.23,23,1,44,0,0.066633,0,0.066633,0,60,0,1,0,1,0,60,0.16725,0.043607,0.14519,0.042935,0,0,0,0,0,0,0,0.99997,0,0.99997,0,60
1233,12,146.23,146.27,21,1,45,0,1,0,0.0333,0,1801.8,0,1,0,0.0333,0,1801.8,0.27974,0.072387,0.27974,0.072387,0,0,0,0,0,0,0,1,0,0.0333,0,1801.8
1233,12,146.27,146.4,20,1,46,0,1,0,0.1333,0,450.11,0,1,0,0.1333,0,450.11,0.56759,0.068552,0.59869,0.063562,0,0,0,0,0,0,0,1,0,0.1333,0,450.11
1233,12,146.4,146.87,23,1,47,0,0.85727,0,0.4,0,128.59,0,1,0,0.4666,0,128.59,0.25388,0.073135,0.25951,0.071179,0,0,0,0,0,0,0,1,0,0.4666,0,128.59
1233,12,146.87,146.9,10,1,48,0,0,0,0,0,1801.8,0,1,0,0.0333,0,1801.8,0,0,0,0,0,0,0,0,0,0,0,1,0,0.0333,0,1801.8
1233,12,146.9,147.2,23,1,49,1,0,0.3,0,200,0,0,0.22222,0,0.066667,0,200,0.29917,0.087261,0.30266,0.083515,0,0,0,0,0,0,0,1,0,0.3,0,200
1233,12,147.2,147.23,10,1,50,0,1,0,0.0333,0,1801.8,0,0,0,0,0,0,0.14811,0.065664,0.14811,0.065664,0,0,0,0,0,0,0,1,0,0.0333,0,1801.8
1233,12,147.23,147.37,23,1,51,0.75044,0,0.10003,0,450.11,0,0,0,0,0,0,0,0.2127,0.089266,0.21149,0.089053,0,0,0,0,0,0,0,1,0,0.1333,0,450.11
1233,12,148,148.23,23,1,52,0,1,0,0.2333,0,257.18,0,1,0,0.2333,0,257.18,0.078262,0.031952,0.08071,0.031115,0,0,0,0,0,0,0,1,0,0.2333,0,257.18
1233,12,148.9,149.17,23,1,53,0,0.87522,0,0.23333,0,225.06,0,1,0,0.2666,0,225.06,0.066941,0.022497,0.065939,0.021856,0,0,0,0,0,0,0,1,0,0.2666,0,225.06
1233,12,149.73,149.9,23,1,54,0,1,0,0.1667,0,359.93,0,1,0,0.1667,0,359.93,0.079658,0.027926,0.080625,0.027735,0,0,0,0,0,0,0,1,0,0.1667,0,359.93
1233,12,149.93,150.23,23,1,55,0,0.11122,0,0.033367,0,200,0,1,0,0.3,0,200,0.10048,0.030768,0.10093,0.030512,0,0,0,0,0,0,0,1,0,0.3,0,200
1233,12,150.73,150.8,23,1,56,0,1,0,0.0667,0,899.55,0,0,0,0,0,0,0.11684,0.039667,0.11684,0.039667,0,0,0,0,0,0,0,1,0,0.0667,0,899.55
1233,12,151.43,151.7,12,1,57,0,0,0,0,0,0,0,1,0,0.2667,0,224.97,0.15152,0.043851,0.15354,0.04366,0,0,0,0,0,0,0,1,0,0.2667,0,224.97
1233,12,152,152.07,2,1,58,0,0,0,0,0,0,0,1,0,0.0666,0,900.9,0.087848,0.030893,0.087848,0.030893,0,0,0,0,0,0,0,1,0,0.0666,0,900.9
1233,12,152.4,152.5,15,1,59,0.33333,0,0.033333,0,600,0,0,1,0,0.1,0,600,0.084887,0.01357,0.084404,0.012587,0,0,0,0,600,0,0,1,0,0.1,0,600
1233,12,152.53,152.67,15,1,60,1,0,0.1333,0,450.11,0,0,1,0,0.1333,0,450.11,0.10877,0.024427,0.1084,0.02535,1,0,0.1333,0,450.11,0,0,1,0,0.1333,0,450.11
1233,12,152.73,152.77,20,1,61,0,1,0,0.0333,0,1801.8,0,0.001001,0,3.3333e-05,0,1801.8,0.11278,0.014251,0.11278,0.014251,0,0,0,0,0,0,0,1,0,0.0333,0,1801.8
1233,12,153.37,153.5,15,1,62,1,0,0.1333,0,450.11,0,0,0,0,0,0,0,0.13067,0.035089,0.13273,0.042773,0,0,0,0,0,0,0,1,0,0.1333,0,450.11
1233,12,153.53,153.57,5,1,63,0,0.001001,0,3.3333e-05,0,1801.8,0,0,0,0,0,0,0.10901,0.016979,0.10901,0.016979,0,0,0,0,0,0,0,1,0,0.0333,0,1801.8
1233,12,154.07,154.7,17,1,64,0.78952,0,0.5,0,94.742,0,0,0.47366,0,0.14998,0,189.48,0.09083,0.0089073,0.090767,0.0090576,0,0,0,0,0,0,0,1,0,0.6333,0,94.742
1233,12,155.53,155.83,17,1,65,0,1,0,0.3,0,200,1,0,0.3,0,200,0,0.076507,0.021917,0.075469,0.022471,0,0,0,0,0,0,0,1,0,0.3,0,200
1233,12,156.77,156.8,21,1,66,0,0,0,0,0,0,0,1,0,0.0333,0,1801.8,0,0,0,0,0,0,0,0,0,0,0,1,0,0.0333,0,1801.8
1233,12,156.93,156.97,21,1,67,0,0,0,0,0,0,0,1,0,0.0333,0,1801.8,0.10338,0.051742,0.10338,0.051742,0,0,0,0,0,0,0,1,0,0.0333,0,1801.8
1233,12,157.5,157.6,21,1,68,0,1,0,0.1,0,600,0,1,0,0.1,0,600,0.07554,0.026614,0.071615,0.026521,0,0,0,0,0,0,0,1,0,0.1,0,600
1233,12,158.2,158.47,21,1,69,1,0,0.2666,0,225.06,0,0.24981,0.62516,0.0666,0.16667,225.06,225.06,0.087909,0.027498,0.075557,0.027792,0,2,0,0.2666,0,450.11,0,1,0,0.2666,0,225.06
1233,12,161.87,162.53,23,1,70,0,1,0,0.6666,0,90.009,0,0.45005,0,0.3,0,90.009,0.093498,0.019406,0.099375,0.01989,0,1,0,0.6666,0,90.009,0,1,0,0.6666,0,90.009
1233,12,167.63,167.7,21,1,71,1,0,0.0667,0,899.55,0,0,0,0,0,0,0,0.13058,0.023878,0.13058,0.023878,1,0,0.0667,0,899.55,0,0,1,0,0.0667,0,899.55
1233,12,168.57,168.83,23,1,72,0,0.74994,0,0.099967,0,450.11,0,1,0,0.2666,0,225.06,0.07758,0.020153,0.07916,0.01995,0,1,0,0.2666,0,225.06,0,1,0,0.2666,0,225.06
1233,12,168.87,169.17,23,1,73,0,1,0,0.2999,0,200.07,0,1,0,0.2999,0,200.07,0.080863,0.021198,0.081592,0.021087,0,1,0,0.2999,0,200.07,0,1,0,0.2999,0,200.07
1233,12,169.93,170.23,21,1,74,0.22211,0.11122,0.066633,0.033367,200,200,0.99989,0,0.29997,0,200,0,0.13309,0.029588,0.13403,0.029599,1,0,0.3,0,200,0,0,1,0,0.3,0,200
1233,12,170.5,171.03,21,1,75,0.56254,0.24995,0.3,0.1333,112.51,112.51,0,1,0,0.5333,0,112.51,0.1895,0.027695,0.20337,0.027161,1,0,0.5333,0,112.51,0,0,1,0,0.5333,0,112.51
1233,12,176.93,177.4,11,1,76,0.35719,0.42854,0.1667,0.2,128.56,128.56,0.50004,0,0.23337,0,128.56,0,0.099825,0.022607,0.090011,0.022647,0.57146,0,0.2667,0,128.56,0,0,1,0,0.4667,0,128.56
1233,12,177.57,177.83,23,1,77,0,1,0,0.2666,0,225.06,0,0.5,0,0.1333,0,225.06,0.097945,0.026826,0.098857,0.026486,0,0,0,0,0,0,0,1,0,0.2666,0,225.06
1233,12,178.7,178.73,23,1,78,0,1,0,0.0333,0,1801.8,0,1,0,0.0333,0,1801.8,0.093483,0.021197,0.093483,0.021197,0,0,0,0,0,0,0,1,0,0.0333,0,1801.8
1233,12,179.13,179.3,23,1,79,0,1,0,0.1667,0,359.93,0,1,0,0.1667,0,359.93,0.12031,0.025346,0.1212,0.025102,0,0,0,0,0,0,0,1,0,0.1667,0,359.93
1233,12,179.8,179.9,23,1,80,0,1,0,0.1,0,600,0,1,0,0.1,0,600,0.073285,0.025039,0.073438,0.02475,0,0,0,0,0,0,0,1,0,0.1,0,600
1233,12,181.17,181.3,23,1,81,0,0.25006,0,0.033333,0,450.11,0,1,0,0.1333,0,450.11,0.074488,0.023018,0.074674,0.02316,0,1,0,0.1333,0,450.11,0,1,0,0.1333,0,450.11
1233,12,186.07,186.13,2,1,82,0,1,0,0.0666,0,900.9,0,1,0,0.0666,0,900.9,0.05679,0.019825,0.05679,0.019825,0,2,0,0.0666,0,1801.8,0,1,0,0.0666,0,900.9
1233,12,191.03,191.07,5,1,83,0,1,0,0.0333,0,1801.8,0,1,0,0.0333,0,1801.8,0.19889,0.034933,0.19889,0.034933,0,1,0,0.0333,0,1801.8,0,1,0,0.0333,0,1801.8
1233,12,192.13,192.4,23,1,84,0,1,0,0.2667,0,224.97,0,0,0,0,0,0,0.066477,0.020786,0.066265,0.020991,0,0.37495,0,0.1,0,224.97,0,1,0,0.2667,0,224.97
1233,12,195.2,196.03,21,1,85,0.72003,0.079963,0.6,0.066633,72.003,72.003,0,1,0,0.8333,0,72.003,0.17453,0.025155,0.18077,0.025273,1,0,0.8333,0,72.003,0,0,1,0,0.8333,0,72.003
1233,12,196.07,196.1,2,1,86,0,1,0,0.0333,0,1801.8,0,1,0,0.0333,0,1801.8,0,0,0,0,0,1,0,0.0333,0,1801.8,0,1,0,0.0333,0,1801.8
1233,12,196.3,196.53,23,1,87,0,1,0,0.2333,0,257.18,0,1,0,0.2333,0,257.18,0.068976,0.020324,0.070391,0.020148,0,1.1427,0,0.1333,0,514.36,0,1,0,0.2333,0,257.18
1233,12,201.83,201.9,2,1,88,0,1,0,0.0667,0,899.55,0,1,0,0.0667,0,899.55,0.052708,0.024159,0.052708,0.024159,0,2,0,0.0667,0,1799.1,0,1,0,0.0667,0,899.55
1233,12,203.7,203.73,23,1,89,0,1,0,0.0333,0,1801.8,0,1,0,0.0333,0,1801.8,0.071302,0.023514,0.071302,0.023514,0,2,0,0.0333,0,3603.6,0,1,0,0.0333,0,1801.8
1233,12,216.5,216.57,7,1,90,0,1,0,0.0666,0,900.9,0,1,0,0.0666,0,900.9,0.091914,0.033293,0.091914,0.033293,0,1,0,0.0666,0,900.9,0,1,0,0.0666,0,900.9
1233,12,217.13,217.2,7,1,91,0,1,0,0.0667,0,899.55,0,1,0,0.0667,0,899.55,0.062537,0.02664,0.062537,0.02664,0,1,0,0.0667,0,899.55,0,1,0,0.0667,0,899.55
1233,12,221,221.4,17,1,92,0.91667,0,0.36667,0,150,0,0,1,0,0.4,0,150,0.076564,0.024693,0.07814,0.024514,0,1,0,0.4,0,150,0,1,0,0.4,0,150
1233,12,221.73,221.77,2,1,93,1,0,0.0333,0,1801.8,0,1,0,0.0333,0,1801.8,0,0.089349,0.02848,0.089349,0.02848,0,1,0,0.0333,0,1801.8,0,0.999,0,0.033267,0,1801.8
1233,12,221.93,222.1,2,1,94,0,0.9998,0,0.16667,0,359.93,1,0,0.1667,0,359.93,0,0.1018,0.033155,0.10208,0.033353,0,1,0,0.1667,0,359.93,0,1,0,0.1667,0,359.93
1233,12,222.9,223.03,17,1,95,0.50013,0,0.066667,0,450.11,0,1,0,0.1333,0,450.11,0,0.093075,0.024814,0.094134,0.024781,0,1,0,0.1333,0,450.11,0,1,0,0.1333,0,450.11
1233,12,223.27,223.4,17,1,96,0,1,0,0.1333,0,450.11,1,0,0.1333,0,450.11,0,0.074065,0.030764,0.073496,0.030732,0,0.74994,0,0.099967,0,450.11,0,1,0,0.1333,0,450.11
1233,12,226,226.03,24,1,97,1,0,0.0333,0,1801.8,0,0,1,0,0.0333,0,1801.8,0.057949,0.017274,0.057949,0.017274,0,1,0,0.0333,0,1801.8,0,1,0,0.0333,0,1801.8
1233,12,227,227.07,2,1,98,0,1,0,0.0666,0,900.9,1,0,0.0666,0,900.9,0,0.082119,0.029716,0.082119,0.029716,0,1,0,0.0666,0,900.9,1,1,0.0666,0.0666,900.9,900.9
1233,12,229.23,229.5,2,1,99,0,1,0,0.2667,0,224.97,0,0.75003,0,0.10002,0,449.94,0.082315,0.023442,0.082327,0.023829,0,0.37495,0,0.1,0,224.97,0,0.99988,0,0.26667,0,224.97
1233,12,230.23,230.27,7,1,100,0,1,0,0.0333,0,1801.8,1,0,0.0333,0,1801.8,0,0.063939,0.024826,0.063939,0.024826,0,1,0,0.0333,0,1801.8,0,1,0,0.0333,0,1801.8
1233,12,234.47,234.87,22,1,101,1,0,0.3999,0,150.04,0,0,0.49987,0,0.09995,0,300.08,0.10653,0.023588,0.11245,0.022424,1,0,0.3999,0,150.04,0,0,1,0,0.3999,0,150.04
1233,12,236.17,236.37,23,1,102,0,1,0,0.1999,0,300.15,0,1,0,0.1999,0,300.15,0.084208,0.035961,0.08374,0.035688,0,1,0,0.1999,0,300.15,0,1,0,0.1999,0,300.15
1233,12,236.6,236.7,23,1,103,0,1,0,0.1,0,600,0,1,0,0.1,0,600,0.080007,0.037918,0.080208,0.037826,0,1,0,0.1,0,600,0,1,0,0.1,0,600
1233,12,237.63,237.67,4,1,104,0,1,0,0.0333,0,1801.8,0,0,0,0,0,0,0.082005,0.038398,0.082005,0.038398,0,1,0,0.0333,0,1801.8,0,1,0,0.0333,0,1801.8
1233,12,237.93,238.13,4,1,105,0,1,0,0.2,0,300,0,0,0,0,0,0,0.07999,0.038841,0.079827,0.038783,0,1,0,0.2,0,300,0,1,0,0.2,0,300
1233,12,240.77,241.13,23,1,106,0,1,0,0.3666,0,163.67,0,0.90917,0,0.3333,0,163.67,0.1028,0.030191,0.10324,0.030641,0,0,0,0,0,0,0,1,0,0.3666,0,163.67
1233,12,241.2,241.6,23,1,107,0,1,0,0.4,0,150,0,0,0,0,0,0,0.11189,0.034576,0.11275,0.034948,0,0,0,0,0,150,0,1,0,0.4,0,150
1233,12,242.17,242.37,4,1,108,1,0,0.1999,0,300.15,0,0,0.33317,0,0.0666,0,300.15,0.10464,0.037217,0.10492,0.036818,0,0,0,0,0,0,0,1,0,0.1999,0,300.15
1233,12,242.57,242.67,4,1,109,1,0,0.0999,0,600.6,0,0,1,0,0.0999,0,600.6,0.10638,0.050769,0.10638,0.050769,0,0,0,0,0,0,0,1,0,0.0999,0,600.6
1233,12,242.8,243.03,4,1,110,1,0,0.2333,0,257.18,0,0,1,0,0.2333,0,257.18,0.10327,0.044629,0.10375,0.044281,0,0,0,0,0,0,0,1,0,0.2333,0,257.18
1233,12,243.47,243.63,23,1,111,0,1,0,0.1666,0,360.14,0,1,0,0.1666,0,360.14,0.072965,0.022296,0.073172,0.022291,0,0,0,0,0,0,0,1,0,0.1666,0,360.14
1233,12,243.8,243.93,23,1,112,0,1,0,0.1333,0,450.11,0,1,0,0.1333,0,450.11,0.088297,0.030955,0.089342,0.032665,0,0,0,0,0,0,0,1,0,0.1333,0,450.11
1233,12,244.1,244.13,23,1,113,0,1,0,0.0333,0,1801.8,0,0,0,0,0,0,0.076331,0.029514,0.076331,0.029514,0,0,0,0,0,0,0,1,0,0.0333,0,1801.8
1233,12,247.47,247.6,17,1,114,0,1,0,0.1333,0,450.11,0,1,0,0.1333,0,450.11,0.073959,0.034843,0.074616,0.034571,0,2,0,0.1333,0,900.23,0,1,0,0.1333,0,450.11
1233,12,248.67,249.53,16,1,115,0,0,0,0,0,0,0,0.80768,0,0.34997,0,138.47,0.055568,0.032943,0.055046,0.032943,0,2,0,0.8666,0,138.47,0,1,0,0.8666,0,69.236
1233,12,249.57,249.83,15,1,116,0,0,0,0,0,0,0,1,0,0.2666,0,225.06,0.10243,0.041638,0.10403,0.043781,0,1.625,0,0.21662,0,450.11,0,1,0,0.2666,0,225.06
1233,12,250.73,250.8,15,1,117,0,1,0,0.0667,0,899.55,0,0,0,0,0,0,0.090405,0.04571,0.090405,0.04571,0,0,0,0,0,0,0,1,0,0.0667,0,899.55
1233,12,250.87,251.1,15,1,118,0.28576,0.42849,0.066667,0.099967,257.18,257.18,0,0,0,0,0,257.18,0.097532,0.049387,0.098179,0.04886,0,0.14288,0,0.033333,0,257.18,0,1,0,0.2333,0,257.18
1233,12,251.4,251.53,15,1,119,1,0,0.1333,0,450.11,0,0,1,0,0.1333,0,450.11,0.12029,0.058837,0.12077,0.058979,0,1,0,0.1333,0,450.11,0,1,0,0.1333,0,450.11
1233,12,252.73,253,2,1,120,0,0.12498,0,0.033333,0,224.97,0,1,0,0.2667,0,224.97,0.090173,0.038393,0.090771,0.038069,0,0.37508,0,0.10003,0,224.97,0,1.0001,0,0.13337,0,449.94
1233,12,253.8,254.3,15,1,121,1,0,0.5,0,120,0,0.13333,0,0.066667,0,120,0,0.088131,0.035269,0.088359,0.036222,0.2,0.2,0.1,0.1,120,120,0,1,0,0.5,0,120
1233,12,254.43,254.77,15,1,122,1,0,0.3333,0,180.02,0,1,0,0.3333,0,180.02,0,0.090729,0.039325,0.092586,0.038773,1,0,0.3333,0,180.02,0,0,1,0,0.3333,0,180.02
1233,12,254.9,254.93,2,1,123,0,1,0,0.0333,0,1801.8,0,1,0,0.0333,0,1801.8,0.078125,0.037858,0.078125,0.037858,0,1,0,0.0333,0,1801.8,0,1,0,0.0333,0,1801.8
1233,12,255.67,255.93,15,1,124,1,0,0.2666,0,225.06,0,1,0,0.2666,0,225.06,0,0.11279,0.035075,0.11331,0.03387,1,0,0.2666,0,225.06,0,1,1,0.2666,0.2666,225.06,225.06
1233,12,256.57,257.07,15,1,125,1,0,0.4999,0,120.02,0,1,0,0.4999,0,120.02,0,0.15568,0.043841,0.16168,0.045322,0.13329,0,0.066633,0,120.02,0,1,1,0.4999,0.4999,120.02,120.02
1233,12,258.7,258.73,2,1,126,0,1,0,0.0333,0,1801.8,0,1,0,0.0333,0,1801.8,0.086488,0.035564,0.086488,0.035564,0,0,0,0,0,0,0,1,0,0.0333,0,1801.8
1233,12,259.23,259.4,2,1,127,0,1,0,0.1667,0,359.93,0,1,0,0.1667,0,359.93,0.093973,0.042346,0.093522,0.04227,0,0,0,0,0,0,0,1,0,0.1667,0,359.93
1233,12,264.77,264.93,17,1,128,0,1,0,0.1666,0,360.14,0,1,0,0.1666,0,360.14,0.075466,0.03168,0.075947,0.032892,0,2,0,0.1666,0,720.29,0,1,0,0.1666,0,360.14
1233,12,268.7,268.73,24,1,129,0,0,0,0,0,0,0,0,0,0,0,0,0.087201,0,0.087201,0,0,1,0,0.0333,0,1801.8,0,1,0,0.0333,0,1801.8
1233,12,269.3,269.57,17,1,130,0,0,0,0,0,0,0,0,0,0,0,0,0.066001,0,0.067467,0,0,1.3751,0,0.1833,0,450.11,0,1,0,0.2666,0,225.06
1233,12,270.53,270.6,14,1,131,0,0,0,0,0,0,0,0,0,0,0,0,0.069175,0.017641,0.069175,0.017641,0,0,0,0,0,0,0,1,0,0.0667,0,899.55
1233,12,271.43,271.53,23,1,132,0,0,0,0,0,0,0,0,0,0,0,0,0.054535,0.017057,0.05319,0.017059,0,0,0,0,0,0,0,1,0,0.1,0,600
1233,12,271.8,272.1,3,1,133,0,0,0,0,0,0,0,0,0,0,0,0,0.08327,0.0076628,0.083229,0.0076628,0,0,0,0,0,0,0,1,0,0.3,0,200
1233,12,272.63,272.93,3,1,134,0,0,0,0,0,0,0,0,0,0,0,0,0.11315,0.048984,0.11172,0.03903,0,0,0,0,0,0,0,1,0,0.3,0,200
1233,12,273.13,273.43,3,1,135,0,0,0,0,0,0,0,0,0,0,0,0,0.09881,0,0.09738,0,0,0,0,0,0,0,0,1,0,0.3,0,200
1233,12,273.43,273.5,22,1,136,0,0,0,0,0,0,0,0,0,0,0,0,0.13156,0.096768,0.13156,0.096768,0,0,0,0,0,0,0,1,0,0.0667,0,899.55
1233,12,273.5,273.53,3,1,137,0,0,0,0,0,0,0,0,0,0,0,0,0.084668,0,0.084668,0,0,0,0,0,0,0,0,1,0,0.0333,0,1801.8
1233,12,273.53,273.57,17,1,138,0,0,0,0,0,0,0,0,0,0,0,0,0.12435,0.074105,0.12435,0.074105,0,0,0,0,0,0,0,1,0,0.0333,0,1801.8
1233,12,273.57,273.7,3,1,139,0,0,0,0,0,0,0,0,0,0,0,0,0.070661,0.017911,0.074105,0.017911,0,0,0,0,0,0,0,1,0,0.1333,0,450.11
1233,12,273.8,273.9,23,1,140,0,0,0,0,0,0,0,1,0,0.1,0,600,0.068083,0.019905,0.068281,0.021209,0,1,0,0.1,0,600,0,1.3333,0,0.066667,0,1200
1233,12,274.97,275.5,17,1,141,0,0.74998,0,0.19998,0,225.01,0,0.50003,0,0.26667,0,112.51,0.089178,0.0291,0.090299,0.029653,0,0.18745,0,0.099967,0,112.51,0,1,0,0.5333,0,112.51
1233,12,277.73,277.77,14,1,142,0,0,0,0,0,0,0,1,0,0.0333,0,1801.8,0.17238,0.05871,0.17238,0.05871,0,1,0,0.0333,0,1801.8,0,1,0,0.0333,0,1801.8
1233,12,278.73,278.83,17,1,143,0,1,0,0.1,0,600,0,1,0,0.1,0,600,0.079221,0.034749,0.078704,0.03483,0,1,0,0.1,0,600,0,1,0,0.1,0,600
1233,12,279.3,279.73,17,1,144,0,0,0,0,0,0,0,1,0,0.4333,0,138.47,0.081043,0.03385,0.082031,0.033544,0,0.92315,0,0.4,0,138.47,0,1,0,0.4333,0,138.47
1233,12,282.87,282.9,16,1,145,0,1,0,0.0333,0,1801.8,0,1,0,0.0333,0,1801.8,0,0,0,0,0,0,0,0,0,0,0,1,0,0.0333,0,1801.8
1233,12,296,296.43,23,1,146,0,0,0,0,0,0,0,1,0,0.4333,0,138.47,0.07714,0.026567,0.081045,0.02801,0,0,0,0,0,0,0,2,0,0.4333,0,276.94
1233,12,296.83,298.73,3,1,147,0,0,0,0,0,0,0,0.36844,0,0.70003,0,31.579,0.093583,0.012171,0.089779,0.011842,0,0,0,0,0,0,0,2,0,1.9,0,63.158
1233,12,299.23,299.6,20,1,148,0,0,0,0,0,0,0,0,0,0,0,0,0.11281,0.074852,0.12089,0.074852,0,0,0,0,0,0,0,1,0,0.3667,0,163.62
1233,12,299.67,299.8,3,1,149,0,0,0,0,0,0,0,0,0,0,0,0,0.067682,0.0066211,0.066973,0.0066211,0,0,0,0,0,0,0,1,0,0.1333,0,450.11
1233,12,301.43,301.9,10,1,150,0,0,0,0,0,0,0,0,0,0,0,0,0.12797,0.047816,0.12914,0.046831,0,0,0,0,0,0,0,2,0,0.4667,0,257.12
1233,12,302.4,302.57,2,1,151,0,0,0,0,0,0,0,0,0,0,0,0,0.080743,0.039368,0.08125,0.039546,0,0.59984,0,0.099933,0,360.14,0,1,0,0.1666,0,360.14
1233,12,302.7,302.87,5,1,152,0,0,0,0,0,0,0,0,0,0,0,0,0.11735,0.050111,0.11648,0.051305,0,1,0,0.0833,0,720.29,1,1,0.1666,0.0833,360.14,720.29
1233,12,303.9,304.03,5,1,153,0.25006,0,0.033333,0,450.11,0,0,1,0,0.1333,0,450.11,0.10973,0.040981,0.10953,0.040654,0,0,0,0,0,0,0.49987,1,0.066633,0.1333,450.11,450.11
1233,12,304.93,305.13,2,1,154,0.99983,0,0.19997,0,300,0,0,1,0,0.2,0,300,0.15966,0.035991,0.16111,0.032655,0,1,0,0.2,0,300,1,0.99983,0.2,0.19997,300,300
1233,12,305.13,305.17,5,1,155,0,1,0,0.0333,0,1801.8,1,0,0.0333,0,1801.8,0,0.10677,0.037285,0.10677,0.037285,0,1,0,0.0333,0,1801.8,1,1,0.0333,0.0333,1801.8,1801.8
1233,12,305.17,306.43,2,1,156,0.26315,0,0.3333,0,47.371,0,0.21054,0.71051,0.26667,0.44997,47.371,94.742,0.097581,0.033542,0.091097,0.034134,0,1,0,0.4222,0,142.11,1,1,1.2666,1.2666,47.371,47.371
1233,12,306.57,306.77,2,1,157,0,0,0,0,0,0,0,1,0,0.1999,0,300.15,0.059283,0.022193,0.06123,0.022308,0,1,0,0.1999,0,300.15,1,1,0.1999,0.1999,300.15,300.15
1233,12,307.07,307.1,5,1,158,0,0,0,0,0,0,1,0,0.0333,0,1801.8,0,0,0,0,0,0,1,0,0.0333,0,1801.8,1,1,0.0333,0.0333,1801.8,1801.8
1233,12,308.1,308.7,3,1,159,0,0,0,0,0,0,0,0.16667,0,0.1,0,100,0.10916,0.011342,0.1148,0.010846,0,1,0,0.6,0,100,0,1,0,0.6,0,100
1233,12,309.07,310,3,1,160,0,0,0,0,0,0,0,1,0,0.9333,0,64.288,0.177,0.01459,0.17219,0.014643,0,0.5357,0,0.49997,0,64.288,0,1,0,0.9333,0,64.288
1233,12,311,311.73,2,1,161,0.95454,0,0.69997,0,81.822,0,0,1,0,0.7333,0,81.822,0.087074,0.0417,0.086252,0.041966,0,1,0,0.7333,0,81.822,0,1,0,0.7333,0,81.822
1233,12,312.1,313.83,10,1,162,0,0.98077,0,0.84998,0,69.232,0,0.71153,0,0.4111,0,103.85,0.10462,0.036571,0.10747,0.036428,0,2,0,1.7333,0,69.232,0,1.4808,0,1.2833,0,69.232
1233,12,318.67,318.83,17,1,163,0,1,0,0.1666,0,360.14,0,0.60004,0,0.099967,0,360.14,0.075806,0.023736,0.076305,0.023649,0,2,0,0.1666,0,720.29,0,1,0,0.1666,0,360.14
1233,12,319,319.03,5,1,164,1,0,0.0333,0,1801.8,0,1,0,0.0333,0,1801.8,0,0.10652,0.026699,0.10652,0.026699,2,0,0.0333,0,3603.6,0,0,1,0,0.0333,0,1801.8
1233,12,319.17,319.2,16,1,165,0,1,0,0.0333,0,1801.8,0,1,0,0.0333,0,1801.8,0,0,0,0,0,2,0,0.0333,0,3603.6,0,1,0,0.0333,0,1801.8
1233,12,319.5,319.57,17,1,166,0,0,0,0,0,0,0,0,0,0,0,0,0.050207,0.020252,0.050207,0.020252,0,1,0,0.0666,0,900.9,0,1,0,0.0666,0,900.9
1233,12,319.97,320.03,5,1,167,0,0,0,0,0,0,0,0,0,0,0,0,0.19014,0.038789,0.19014,0.038789,0,0,0,0,0,0,0,1,0,0.0666,0,900.9
1233,12,320.03,320.7,23,1,168,0.39998,0,0.26667,0,89.996,0,0,0.34998,0,0.23333,0,89.996,0.091498,0.025185,0.093073,0.025281,0,0,0,0,0,0,0,1.55,0,0.51668,0,179.99
1233,12,322.07,322.4,5,1,169,0,0,0,0,0,0,0.50005,0,0.16667,0,180.02,0,0.092259,0.026906,0.095472,0.026972,0,1,0,0.16665,0,360.04,1,1,0.3333,0.3333,180.02,180.02
1233,12,322.93,323.17,10,1,170,0,0,0,0,0,0,0,1,0,0.2333,0,257.18,0.095182,0.043779,0.095977,0.046111,1,0,0.2333,0,257.18,0,0,2,0,0.2333,0,514.36
1233,12,323.53,323.67,17,1,171,0,0,0,0,0,0,0,1,0,0.1333,0,450.11,0.056533,0.018894,0.056445,0.0184,0,1,0,0.1333,0,450.11,0,1.7504,0,0.11667,0,900.23
1233,12,323.8,324,17,1,172,0,0,0,0,0,0,0,0.66667,0,0.066667,0,600,0.062108,0.029737,0.062246,0.030195,0,1,0,0.2,0,300,0,1.6667,0,0.16667,0,600
1233,12,324.07,324.47,17,1,173,0.66667,0,0.2666,0,150.04,0,0,0.83329,0,0.16662,0,300.08,0.076713,0.031215,0.076341,0.030088,0,1.4166,0,0.28325,0,300.08,0,1.7501,0,0.34993,0,300.08
1233,12,324.53,324.63,17,1,174,1,0,0.1,0,600,0,0,1,0,0.1,0,600,0.079181,0.035651,0.079661,0.035737,0,2,0,0.1,0,1200,0,1.6663,0,0.083317,0,1200
1233,12,325.33,325.37,17,1,175,1,0,0.0333,0,1801.8,0,0,1,0,0.0333,0,1801.8,0.07403,0.035482,0.07403,0.035482,0,2,0,0.0333,0,3603.6,0,2,0,0.0333,0,3603.6
1233,12,325.53,325.57,17,1,176,1,0,0.0333,0,1801.8,0,0,1,0,0.0333,0,1801.8,0.072188,0.038141,0.072188,0.038141,0,2,0,0.0333,0,3603.6,0,2,0,0.0333,0,3603.6
1233,12,325.8,325.83,17,1,177,1,0,0.0333,0,1801.8,0,0,1,0,0.0333,0,1801.8,0.069385,0.0313,0.069385,0.0313,0,2,0,0.0333,0,3603.6,0,1,0,0.0333,0,1801.8
1233,12,329,329.17,2,1,178,1,0,0.1666,0,360.14,0,1,0,0.1666,0,360.14,0,0.094353,0.02566,0.096621,0.025569,1,0,0.1666,0,360.14,0,0,1,0,0.1666,0,360.14
1233,12,329.27,330.27,2,1,179,1,0,0.9999,0,60.006,0,0.26659,0.60006,0.13328,0.6,120.01,60.006,0.08171,0.026462,0.082031,0.02714,0.29996,0.63336,0.14997,0.31665,120.01,120.01,0.43338,1,0.43333,0.9999,60.006,60.006
1233,12,330.63,330.67,4,1,180,1,0,0.0333,0,1801.8,0,0,1,0,0.0333,0,1801.8,0.072474,0.026153,0.072474,0.026153,0,1,0,0.0333,0,1801.8,0,1,0,0.0333,0,1801.8
1233,12,330.77,330.8,4,1,181,1,0,0.0333,0,1801.8,0,0,1,0,0.0333,0,1801.8,0,0,0,0,0,1,0,0.0333,0,1801.8,0,1,0,0.0333,0,1801.8
1233,12,330.97,331.13,2,1,182,0,0,0,0,0,0,1,0,0.1666,0,360.14,0,0.11202,0.038531,0.11359,0.035818,1,0,0.1666,0,360.14,0,0,1,0,0.0833,0,720.29
1233,12,331.23,331.27,5,1,183,0,0,0,0,0,0,0,1,0,0.0333,0,1801.8,0.13119,0.072106,0.13119,0.072106,0,1,0,0.0333,0,1801.8,0,1,0,0.0333,0,1801.8
1233,12,331.33,331.67,2,1,184,0,0,0,0,0,0,0.20012,0.59986,0.0667,0.19993,180.02,180.02,0.15374,0.045975,0.15448,0.044821,1,0,0.3333,0,180.02,0,0,2,0,0.3333,0,360.04
1233,12,332.17,332.5,10,1,185,0,0,0,0,0,0,0,1,0,0.3333,0,180.02,0.10877,0.047399,0.11158,0.047842,0,1,0,0.3333,0,180.02,0,1.6,0,0.17776,0,540.05
1233,12,334,334.23,17,1,186,0.85727,0,0.2,0,257.18,0,1,0,0.2333,0,257.18,0,0.077184,0.024431,0.076025,0.02501,0,1.8571,0,0.21663,0,514.36,1,1,0.2333,0.2333,257.18,257.18
1233,12,334.33,334.5,5,1,187,0,1,0,0.1667,0,359.93,0,1,0,0.1667,0,359.93,0.069228,0.021077,0.068815,0.020931,0,2,0,0.1667,0,719.86,0,1.2002,0,0.10003,0,719.86
1233,12,334.77,335.3,5,1,188,0.24995,0.56254,0.1333,0.3,112.51,112.51,0,1,0,0.5333,0,112.51,0.082924,0.029473,0.084395,0.029554,0,1.8125,0,0.4833,0,225.01,0,1.1875,0,0.31665,0,225.01
1233,12,335.7,335.73,5,1,189,0,0,0,0,0,0,0,1,0,0.0333,0,1801.8,0.073691,0.024599,0.073691,0.024599,0,1,0,0.0333,0,1801.8,0,2,0,0.0333,0,3603.6
1234,12,30.533,30.567,23,1,1,0,1,0,0.0333,0,1801.8,0,1,0,0.0333,0,1801.8,0.10915,0.035571,0.10915,0.035571,0,0,0,0,0,0,0,1,0,0.0333,0,1801.8
1234,12,30.633,31.033,23,1,2,0,1,0,0.4,0,150,0,0.83342,0,0.33337,0,150,0.079262,0.025154,0.075013,0.024258,0,0,0,0,0,0,0,1,0,0.4,0,150
1234,12,32.867,33.033,21,1,3,0,1,0,0.1666,0,360.14,0,0,0,0,0,0,0.31639,0.077695,0.31814,0.075114,0,0,0,0,0,0,0,1,0,0.1666,0,360.14
1234,12,36.6,36.9,3,1,4,0,1,0,0.3,0,200,0,1,0,0.3,0,200,0.10571,0.024237,0.1057,0.02334,0,2,0,0.3,0,400,0,1,0,0.3,0,200
1234,12,37.4,37.633,3,1,5,0,1,0,0.2333,0,257.18,0,1,0,0.2333,0,257.18,0.089213,0.036479,0.089844,0.036113,0,1.7144,0,0.19998,0,514.36,0,1,0,0.2333,0,257.18
1234,12,40.4,40.633,3,1,6,0,1,0,0.2333,0,257.18,0,1,0,0.2333,0,257.18,0.090229,0.018063,0.09082,0.018681,0,1,0,0.2333,0,257.18,0,1,0,0.2333,0,257.18
1234,12,40.633,40.7,20,1,7,0,1,0,0.0667,0,899.55,0,1,0,0.0667,0,899.55,0.14371,0.035501,0.14371,0.035501,0,1,0,0.0667,0,899.55,0,1,0,0.0667,0,899.55
1234,12,40.7,40.767,3,1,8,0,1,0,0.0666,0,900.9,0,1,0,0.0666,0,900.9,0.077266,0.022987,0.077266,0.022987,0,1,0,0.0666,0,900.9,0,1,0,0.0666,0,900.9
1234,12,41.333,41.367,7,1,9,0,1,0,0.0333,0,1801.8,0,1,0,0.0333,0,1801.8,0.15339,0.036888,0.15339,0.036888,0,0,0,0,0,0,0,2,0,0.0333,0,3603.6
1234,12,42.3,42.4,21,1,10,0,0,0,0,0,0,0,1,0,0.1,0,600,0.17143,0.049544,0.16839,0.051406,0,0,0,0,0,0,0,1,0,0.1,0,600
1234,12,42.533,42.633,21,1,11,0,0,0,0,0,0,0,1,0,0.1,0,600,0.2101,0.038396,0.20344,0.03833,0,0,0,0,0,0,0,1.6663,0,0.083317,0,1200
1234,12,42.7,42.733,15,1,12,0,0,0,0,0,0,0,1,0,0.0333,0,1801.8,0.40536,0.038851,0.40536,0.038851,0,0,0,0,0,0,0,2,0,0.0333,0,3603.6
1234,12,43.2,43.233,7,1,13,0,0,0,0,0,0,0,1,0,0.0333,0,1801.8,0.2002,0.032513,0.2002,0.032513,0,0,0,0,0,0,0,2,0,0.0333,0,3603.6
1234,12,43.767,43.8,24,1,14,0,0,0,0,0,0,0,1,0,0.0333,0,1801.8,0,0,0,0,0,0,0,0,0,0,0,2,0,0.0333,0,3603.6
1234,12,47.167,47.233,10,1,15,0,0,0,0,0,0,0,1,0,0.0666,0,900.9,0.068333,0.023482,0.068333,0.023482,0,2,0,0.0666,0,1801.8,0,1,0,0.0666,0,900.9
1234,12,47.3,48.233,23,1,16,0,0.32144,0,0.3,0,64.288,0,0.71428,0,0.33332,0,128.58,0.095907,0.028006,0.10034,0.028046,0,1.3572,0,0.63333,0,128.58,0,1,0,0.9333,0,64.288
1234,12,49.9,50.167,3,1,17,0,1,0,0.2666,0,225.06,0,1,0,0.2666,0,225.06,0.13276,0.034789,0.13473,0.034046,0,0,0,0,0,0,0,1,0,0.2666,0,225.06
1234,12,50.567,52.033,23,1,18,0,1,0,1.4666,0,40.911,0,0.95457,0,0.69998,0,81.822,0.077528,0.023505,0.080078,0.023799,0,0,0,0,0,0,0,1,0,1.4666,0,40.911
1234,12,54.2,54.3,3,1,19,0,1,0,0.1,0,600,0,1,0,0.1,0,600,0.099423,0.040719,0.098919,0.040692,0,0,0,0,0,0,0,1,0,0.1,0,600
1234,12,54.767,54.967,6,1,20,0,1,0,0.1999,0,300.15,0,1,0,0.1999,0,300.15,0.1003,0.066172,0.10104,0.065625,0,0,0,0,0,0,0,1,0,0.1999,0,300.15
1234,12,55.033,55.067,6,1,21,0,1,0,0.0333,0,1801.8,0,1,0,0.0333,0,1801.8,0.055,0.019583,0.055,0.019583,0,0,0,0,0,0,0,1,0,0.0333,0,1801.8
1234,12,55.733,55.767,10,1,22,0,1,0,0.0333,0,1801.8,0,1,0,0.0333,0,1801.8,0.28289,0.056914,0.28289,0.056914,0,0,0,0,0,0,0,1,0,0.0333,0,1801.8
1234,12,56.467,57.067,20,1,23,0,1,0,0.5999,0,100.02,0,0.44441,0,0.2666,0,100.02,0.1048,0,0.095977,0,0,0,0,0,0,0,0,1,0,0.5999,0,100.02
1234,12,57.567,57.833,20,1,24,0,1,0,0.2666,0,225.06,0,1,0,0.2666,0,225.06,0.08955,0,0.094062,0,0,0,0,0,0,0,0,1,0,0.2666,0,225.06
1234,12,57.9,58.167,6,1,25,0,1,0,0.2666,0,225.06,0,1,0,0.2666,0,225.06,0.094668,0.038206,0.099277,0.039167,0,0,0,0,0,0,0,1,0,0.2666,0,225.06
1234,12,58.167,58.2,3,1,26,0,1,0,0.0333,0,1801.8,0,1,0,0.0333,0,1801.8,0,0,0,0,0,0,0,0,0,0,0,1,0,0.0333,0,1801.8
1234,12,58.267,58.367,6,1,27,0,1,0,0.0999,0,600.6,0,1,0,0.0999,0,600.6,0.10706,0.079844,0.10706,0.079844,0,0,0,0,0,0,0,1,0,0.0999,0,600.6
1234,12,58.467,58.533,2,1,28,0,1,0,0.0666,0,900.9,0,1,0,0.0666,0,900.9,0.67391,0.085885,0.67391,0.085885,0,0,0,0,0,0,0,1,0,0.0666,0,900.9
1234,12,59.9,59.967,21,1,29,0,1,0,0.0666,0,900.9,0,1,0,0.0666,0,900.9,0.19911,0.073055,0.19911,0.073055,0,1,0,0.0666,0,900.9,0,1,0,0.0666,0,900.9
1234,12,77,77.033,3,1,30,0,1,0,0.0333,0,1801.8,0,1,0,0.0333,0,1801.8,0.10828,0.049548,0.10828,0.049548,0,0,0,0,0,0,0,1,0,0.0333,0,1801.8
1234,12,78.267,78.3,23,1,31,0,1,0,0.0333,0,1801.8,0,1,0,0.0333,0,1801.8,0,0,0,0,0,1,0,0.0333,0,1801.8,0,1,0,0.0333,0,1801.8
1234,12,79.067,79.433,23,1,32,0,1,0,0.3666,0,163.67,0,1,0,0.3666,0,163.67,0.12394,0.039709,0.12339,0.038814,0,1,0,0.3666,0,163.67,0,1,0,0.3666,0,163.67
1234,12,86.433,86.567,6,1,33,0,1,0,0.1333,0,450.11,0,1,0,0.1333,0,450.11,0.109,0.058745,0.10925,0.0587,0,2,0,0.1333,0,900.23,0,0.99975,0,0.13327,0,450.11
1234,12,86.633,86.7,6,1,34,0,1,0,0.0667,0,899.55,0,1,0,0.0667,0,899.55,0.11067,0.057248,0.11067,0.057248,0,2,0,0.0667,0,1799.1,0,0.9995,0,0.066667,0,899.55
1234,12,86.833,86.9,3,1,35,0,1,0,0.0667,0,899.55,0,1,0,0.0667,0,899.55,0.087435,0.044014,0.087435,0.044014,0,2,0,0.0667,0,1799.1,0,0.9995,0,0.066667,0,899.55
1234,12,87.133,87.167,6,1,36,0,1,0,0.0333,0,1801.8,0,1,0,0.0333,0,1801.8,0.089648,0.040247,0.089648,0.040247,0,2,0,0.0333,0,3603.6,0,1,0,0.0333,0,1801.8
1234,12,87.233,87.367,6,1,37,0,1,0,0.1333,0,450.11,0,1,0,0.1333,0,450.11,0.090192,0.040837,0.089648,0.040879,0,2,0,0.1333,0,900.23,0,0.99975,0,0.13327,0,450.11
1234,12,87.433,87.533,6,1,38,0,1,0,0.1,0,600,0,1,0,0.1,0,600,0.093312,0.040176,0.092969,0.040176,0,2,0,0.1,0,1200,0,0.99967,0,0.099967,0,600
1234,12,89.9,90.433,24,1,39,0,1,0,0.5333,0,112.51,0,1,0,0.5333,0,112.51,0.13704,0.034628,0.1243,0.033278,0,0.75005,0,0.4,0,112.51,0,1.9375,0,0.51663,0,225.01
1234,12,93.367,93.467,6,1,40,1,0,0.0999,0,600.6,0,0,0.333,0,0.033267,0,600.6,0.20021,0.04793,0.20021,0.04793,1,0,0.0999,0,600.6,0,0,2,0,0.0999,0,1201.2
1234,12,93.767,94.233,3,1,41,0,0.92863,0,0.4333,0,128.59,0,1,0,0.4666,0,128.59,0.1176,0.04322,0.11849,0.044277,0,1,0,0.4666,0,128.59,0,1,0,0.4666,0,128.59
1234,12,95.267,95.7,3,1,42,0,1,0,0.4333,0,138.47,0,1,0,0.21665,0,276.94,0.10481,0.03398,0.10472,0.033377,0,1,0,0.4333,0,138.47,0,1.8462,0,0.39998,0,276.94
1234,12,95.733,96.6,3,1,43,0,0.92308,0,0.40002,0,138.46,0,1,0,0.8667,0,69.228,0.099944,0.033961,0.10077,0.033654,0,0.2308,0,0.20003,0,69.228,0,1.077,0,0.4667,0,138.46
1234,12,96.933,97.133,3,1,44,0,1,0,0.2,0,300,0,1,0,0.2,0,300,0.092335,0.028749,0.092871,0.028843,0,0,0,0,0,0,0,0.99983,0,0.19997,0,300
1234,12,98.467,98.533,23,1,45,0,1,0,0.0666,0,900.9,0,1,0,0.0666,0,900.9,0.13809,0.053736,0.13809,0.053736,0,1,0,0.0666,0,900.9,0,1,0,0.0666,0,900.9
1234,12,98.633,100.33,23,1,46,0,1,0,1.7,0,35.294,0,1,0,1.7,0,35.294,0.14714,0.045331,0.14861,0.044296,0,0.78431,0,0.66667,0,70.588,0,1,0,1.7,0,35.294
1234,12,109.6,109.73,3,1,47,0,1,0,0.1333,0,450.11,0,1,0,0.1333,0,450.11,0.11653,0.040715,0.11682,0.040725,0,2,0,0.1333,0,900.23,0,1,0,0.1333,0,450.11
1234,12,109.77,109.83,3,1,48,0,1,0,0.0666,0,900.9,0,1,0,0.0666,0,900.9,0.10893,0.056328,0.10893,0.056328,0,2,0,0.0666,0,1801.8,0,1,0,0.0666,0,900.9
1234,12,109.87,109.9,3,1,49,0,1,0,0.0333,0,1801.8,0,1,0,0.0333,0,1801.8,0,0,0,0,0,2,0,0.0333,0,3603.6,0,1,0,0.0333,0,1801.8
1234,12,109.93,110.23,3,1,50,0,1,0,0.3,0,200,0,1,0,0.3,0,200,0.088035,0.050024,0.086484,0.050951,0,2,0,0.3,0,400,0,1,0,0.3,0,200
1234,12,119.1,119.23,23,1,51,0,1,0,0.1333,0,450.11,0,0.50013,0,0.066667,0,450.11,0.12542,0.045674,0.12589,0.045572,0,1,0,0.1333,0,450.11,0,1,0,0.1333,0,450.11
1234,12,119.4,119.57,3,1,52,1,0,0.1666,0,360.14,0,0,0,0,0,0,0,0.12637,0.043252,0.12617,0.042999,0,0.60024,0,0.1,0,360.14,0,1,0,0.1666,0,360.14
1234,12,119.97,120.03,3,1,53,1,0,0.0666,0,900.9,0,0,0,0,0,0,0,0.10677,0.038063,0.10677,0.038063,0,0,0,0,0,0,0,1,0,0.0666,0,900.9
1234,12,120.2,120.57,3,1,54,1,0,0.3666,0,163.67,0,0,0,0,0,0,0,0.11585,0.040148,0.11781,0.040443,0,0,0,0,0,0,0,1,0,0.3666,0,163.67
1234,12,120.77,121.1,3,1,55,1,0,0.3333,0,180.02,0,0,0,0,0,180.02,0,0.1473,0.054857,0.14887,0.053685,0.80008,0,0.26667,0,180.02,0,0,1,0,0.3333,0,180.02
1234,12,130.23,130.57,10,1,56,0,0,0,0,0,0,0,1,0,0.3333,0,180.02,0.10826,0.030145,0.11281,0.031182,0,0,0,0,0,0,0,1,0,0.3333,0,180.02
1234,12,167.1,167.9,3,2,57,1,0,0.8,0,75,0,0,1,0,0.8,0,75,0.13107,0.059411,0.13549,0.060645,0,0.5,0,0.2,0,150,0,1.7917,0,0.71667,0,150
1234,12,168.13,168.23,13,2,58,0,1,0,0.1,0,600,0,1,0,0.1,0,600,0.053867,0,0.055,0,1,0,0.1,0,600,0,0,2,0,0.1,0,1200
1234,12,175.87,176,3,2,59,0,1,0,0.1333,0,450.11,0,0,0,0,0,0,0.075938,0.013776,0.078125,0.0125,0,1,0,0.1333,0,450.11,0,1,0,0.1333,0,450.11
1234,12,176.33,179.17,3,2,60,0.45881,0.2353,1.2999,0.66667,21.177,21.177,0,0.78822,0,1.1166,0,42.353,0.16215,0.039025,0.1601,0.03359,0,0.85885,0,1.2167,0,42.353,0,1.1059,0,1.5666,0,42.353
1234,12,183.23,183.27,6,2,61,0,1,0,0.0333,0,1801.8,0,0,0,0,0,0,0.22655,0.050143,0.22655,0.050143,0,1,0,0.0333,0,1801.8,0,1.999,0,0.033283,0,3603.6
1234,12,184.93,185.13,13,2,62,0,0,0,0,0,0,0,0,0,0,0,0,0.068244,0.02146,0.06918,0.022257,1,0,0.2,0,300,0,0,1,0,0.2,0,300
1234,12,185.77,185.8,13,2,63,0,0,0,0,0,0,1,0,0.0333,0,1801.8,0,0,0,0,0,1,0,0.0333,0,1801.8,0,1,1,0.0333,0.0333,1801.8,1801.8
1234,12,194.4,194.47,23,2,64,0,0,0,0,0,0,0,1,0,0.0666,0,900.9,0.43086,0.079073,0.43086,0.079073,0,0,0,0,0,0,0,2,0,0.0666,0,1801.8
1234,12,195.9,195.93,23,2,65,0,1,0,0.0333,0,1801.8,0,1,0,0.0333,0,1801.8,0.56063,0.10563,0.56063,0.10563,0,0,0,0,0,0,0,2,0,0.0333,0,3603.6
1234,12,198.93,198.97,21,2,66,0,0,0,0,0,0,0,1,0,0.0333,0,1801.8,0.6188,0.11094,0.6188,0.11094,0,0,0,0,0,0,0,2,0,0.0333,0,3603.6
1234,12,206.1,206.63,3,2,67,0,0.68754,0,0.36667,0,112.51,0,0.9375,0,0.24998,0,225.01,0.14858,0.027614,0.15003,0.026823,0,1.25,0,0.3333,0,225.01,0,1,0,0.5333,0,112.51
1234,12,213.2,214.2,23,2,68,0.6,0.33333,0.6,0.33333,60,60,0.7,0,0.7,0,60,0,0.23588,0.038158,0.227,0.037103,0,1.7,0,0.56667,0,180,0,1,0,1,0,60
1234,12,215.2,215.53,23,2,69,0,1,0,0.3333,0,180.02,0,1,0,0.3333,0,180.02,0.15887,0.036321,0.15992,0.037121,0,1,0,0.3333,0,180.02,0,1,0,0.3333,0,180.02
1234,12,224.7,224.97,21,2,70,0,1,0,0.2666,0,225.06,0,0,0,0,0,0,0.44715,0.069249,0.4432,0.069177,0,0,0,0,0,0,0,1,0,0.2666,0,225.06
1234,12,226.63,226.8,23,2,71,0,0.60008,0,0.050017,0,719.86,0,1,0,0.1667,0,359.93,0.12268,0.032092,0.12206,0.031866,0,0,0,0,0,0,0,1.3999,0,0.11668,0,719.86
1234,12,227.2,227.67,15,2,72,0.64281,0.21432,0.29993,0.1,128.59,128.59,0.85712,0,0.39993,0,128.59,0,0.16748,0.03228,0.17045,0.032464,0,0,0,0,0,0,1,1,0.4666,0.4666,128.59,128.59
1234,12,227.77,228.63,15,2,73,1,0,0.8666,0,69.236,0,0.53846,0,0.46663,0,69.236,0,0.26658,0.036319,0.2681,0.037497,0,0,0,0,0,0,1,1,0.8666,0.8666,69.236,69.236
1234,12,228.63,229.5,16,2,74,0,1,0,0.8667,0,69.228,0,0,0,0,0,0,0.16695,0.015952,0.17453,0.01541,0,0,0,0,0,0,1,1,0.8667,0.8667,69.228,69.228
1234,12,229.53,229.73,15,2,75,1,0,0.2,0,300,0,0,0.83317,0,0.16663,0,300,0.24674,0.065237,0.24316,0.064499,0,0,0,0,0,0,1,1,0.2,0.2,300,300
1234,12,229.9,229.97,15,2,76,1,0,0.0666,0,900.9,0,0,1,0,0.0666,0,900.9,0.2134,0.050134,0.2134,0.050134,0,0,0,0,0,0,1,1,0.0666,0.0666,900.9,900.9
1234,12,229.97,230.5,16,2,77,0,1,0,0.5333,0,112.51,1,0,0.5333,0,112.51,0,0.18448,0.029106,0.17565,0.028724,0,0,0,0,0,0,1,1,0.5333,0.5333,112.51,112.51
1234,12,230.6,230.73,15,2,78,1,0,0.1333,0,450.11,0,0,1,0,0.1333,0,450.11,0.20831,0.06362,0.2078,0.063459,0,0,0,0,0,0,1,1,0.1333,0.1333,450.11,450.11
1234,12,230.8,234.33,15,2,79,1,0,3.5333,0,16.981,0,0.17925,0.30188,0.63333,0.53332,16.981,33.963,0.25388,0.047991,0.24977,0.047775,0,0,0,0,0,0,1,1,3.5333,3.5333,16.981,16.981
1234,12,234.5,234.57,15,2,80,1,0,0.0666,0,900.9,0,0,1,0,0.0666,0,900.9,0.20391,0.049665,0.20391,0.049665,0,0,0,0,0,0,1,1,0.0666,0.0666,900.9,900.9
1234,12,235.03,235.2,23,2,81,0,0.80004,0,0.066683,0,719.86,0,1,0,0.1667,0,359.93,0.19456,0.044966,0.19687,0.045387,0,0,0,0,0,0,0,1,0,0.1667,0,359.93
1234,12,235.83,235.93,23,2,82,0,1,0,0.1,0,600,0,1,0,0.1,0,600,0.20238,0.051162,0.20391,0.050868,0,1,0,0.1,0,600,0,1,0,0.1,0,600
1234,12,236,236.9,23,2,83,0,1,0,0.9,0,66.667,0,1,0,0.9,0,66.667,0.1975,0.05385,0.19974,0.054028,0,1.2222,0,0.55,0,133.33,0,1,0,0.9,0,66.667
1234,12,236.97,237.1,23,2,84,0,0.74994,0,0.049983,0,900.23,0,1,0,0.1333,0,450.11,0.22196,0.059575,0.22333,0.061758,0,2,0,0.1333,0,900.23,0,1,0,0.1333,0,450.11
1234,12,255.2,255.77,15,2,85,0,0.94129,0,0.53333,0,105.89,0,1,0,0.2833,0,211.79,0.12638,0.036297,0.12536,0.035814,0,1,0,0.5666,0,105.89,0,1,0,0.5666,0,105.89
1234,12,257.73,257.77,22,2,86,0,1,0,0.0333,0,1801.8,0,1,0,0.0333,0,1801.8,0.49915,0.082215,0.49915,0.082215,1,0,0.0333,0,1801.8,0,0,1,0,0.0333,0,1801.8
1234,12,257.77,257.8,21,2,87,0,1,0,0.0333,0,1801.8,0,1,0,0.0333,0,1801.8,0,0,0,0,0,1,0,0.0333,0,1801.8,0,1,0,0.0333,0,1801.8
1234,12,259,259.07,21,2,88,0,1,0,0.0666,0,900.9,0,1,0,0.0666,0,900.9,0.081634,0.029043,0.081634,0.029043,0,1,0,0.0666,0,900.9,0,1,0,0.0666,0,900.9
1234,12,308.4,308.47,15,3,89,0,1,0,0.0666,0,900.9,0,1,0,0.0666,0,900.9,0.17986,0.062233,0.17986,0.062233,0,1,0,0.0666,0,900.9,0,1,0,0.0666,0,900.9
1234,12,308.7,308.73,4,3,90,0,1,0,0.0333,0,1801.8,0,1,0,0.0333,0,1801.8,0.15458,0.03908,0.15458,0.03908,0,2,0,0.0333,0,3603.6,0,1,0,0.0333,0,1801.8
1234,12,308.73,308.77,23,3,91,0,1,0,0.0333,0,1801.8,0,1,0,0.0333,0,1801.8,0.20964,0.050995,0.20964,0.050995,0,2,0,0.0333,0,3603.6,0,1,0,0.0333,0,1801.8
1234,12,309.9,309.97,23,3,92,0,1,0,0.0666,0,900.9,0,1,0,0.0666,0,900.9,0.14439,0.038247,0.14439,0.038247,0,1,0,0.0666,0,900.9,0,1,0,0.0666,0,900.9
1234,12,310.87,311.87,23,3,93,0,1,0,0.9999,0,60.006,0,0,0,0,0,0,0.31245,0.06064,0.31875,0.061077,0,1.8334,0,0.9166,0,120.01,0,1,0,0.9999,0,60.006
1234,12,312.27,312.63,23,3,94,0,1,0,0.3666,0,163.67,0,0,0,0,0,0,0.32243,0.083995,0.31682,0.082744,0,1.6363,0,0.19996,0,491,0,1,0,0.3666,0,163.67
1234,12,312.7,312.9,18,3,95,0,0.66667,0,0.13333,0,300,0,0.83333,0,0.16667,0,300,0.29548,0.066422,0.28941,0.065839,2,0,0.2,0,600,0,0,1,0,0.2,0,300
1234,12,312.93,313.07,18,3,96,0,0,0,0,0,0,0,1,0,0.1333,0,450.11,0.39419,0.064241,0.39757,0.061657,1.9997,0,0.13328,0,900.23,0,0,1,0,0.1333,0,450.11
1234,12,313.1,314.03,23,3,97,0,0,0,0,0,0,0,1,0,0.9333,0,64.288,0.26591,0.049341,0.28132,0.055833,0,1.75,0,0.54442,0,192.86,0,1,0,0.9333,0,64.288
1234,12,314.13,314.17,18,3,98,0,0,0,0,0,0,0,1,0,0.0333,0,1801.8,0.29214,0.075072,0.29214,0.075072,2,0,0.0333,0,3603.6,0,0,1,0,0.0333,0,1801.8
1234,12,314.2,314.23,23,3,99,0,0,0,0,0,0,0,1,0,0.0333,0,1801.8,0.27344,0.081462,0.27344,0.081462,0,2,0,0.0333,0,3603.6,0,1,0,0.0333,0,1801.8
1234,12,316.27,316.33,3,3,100,0,1,0,0.0666,0,900.9,0,1,0,0.0666,0,900.9,0.10891,0.047744,0.10891,0.047744,0,1,0,0.0666,0,900.9,0,1,0,0.0666,0,900.9
1234,12,317,317.03,15,3,101,0,1,0,0.0333,0,1801.8,0,1,0,0.0333,0,1801.8,0.071458,0.033983,0.071458,0.033983,0,0,0,0,0,0,0,1,0,0.0333,0,1801.8
1234,12,317.07,317.2,10,3,102,0,1,0,0.1333,0,450.11,0,1,0,0.1333,0,450.11,0.071532,0.027963,0.07125,0.027405,0,0,0,0,0,0,0,1.5001,0,0.099983,0,900.23
1234,12,317.63,317.9,2,3,103,0,0,0,0,0,0,0,0.87502,0,0.11668,0,449.94,0.063605,0.026313,0.062422,0.026429,0,1,0,0.2667,0,224.97,0,2,0,0.2667,0,449.94
1234,12,317.97,318.13,2,3,104,0,0,0,0,0,0,0,1,0,0.1666,0,360.14,0.061296,0.018866,0.062747,0.018607,0,1,0,0.1666,0,360.14,0,1.1999,0,0.09995,0,720.29
1234,12,318.97,319.13,2,3,105,0,0,0,0,0,0,0,0,0,0,0,0,0.050247,0.014541,0.050046,0.014518,0,1,0,0.1666,0,360.14,0,1,0,0.1666,0,360.14
1234,12,321.27,321.43,15,3,106,0,0,0,0,0,0,0,0,0,0,0,0,0.072891,0.025793,0.07265,0.025821,0,0,0,0,0,0,0,1,0,0.1666,0,360.14
1234,12,321.53,322,15,3,107,0,0,0,0,0,0,0,0,0,0,0,0,0.072269,0.02545,0.072363,0.025439,0,0,0,0,0,0,0,1,0,0.4667,0,128.56
1234,12,322.23,322.33,15,3,108,0,0,0,0,0,0,0,0,0,0,0,0,0.074041,0.025679,0.074049,0.025603,0,0,0,0,0,0,0,1,0,0.1,0,600
1234,12,322.43,322.73,15,3,109,0,0,0,0,0,0,0,0,0,0,0,0,0.07694,0.02366,0.076497,0.023368,0,0,0,0,0,0,0,1,0,0.3,0,200
1234,12,323,325.53,15,3,110,0,0,0,0,0,0,0,0,0,0,0,0,0.090177,0.026113,0.092383,0.026329,0,0,0,0,0,0,0,1,0,2.5333,0,23.685
1234,12,327.47,327.73,15,3,111,0,1,0,0.2666,0,225.06,0,0,0,0,0,0,0.13677,0.037863,0.13812,0.037489,0,0,0,0,0,0,0,1,0,0.2666,0,225.06
1234,12,328.23,330.37,23,3,112,0,0.98437,0,1.05,0,56.251,0,0,0,0,0,0,0.21467,0.050346,0.21824,0.049084,0,0,0,0,0,0,0,1,0,2.1333,0,28.125
1234,12,331.4,331.73,4,3,113,0,0,0,0,0,0,0,1,0,0.3333,0,180.02,0.088348,0.024777,0.092344,0.024092,0,0,0,0,0,0,0,1,0,0.3333,0,180.02
1234,12,333.03,333.2,4,3,114,0,0.59988,0,0.1,0,359.93,0,1,0,0.1667,0,359.93,0.13399,0.03998,0.13664,0.035675,0,0.59988,0,0.1,0,359.93,0,2,0,0.1667,0,719.86
1234,12,333.57,333.7,23,3,115,0,1,0,0.1333,0,450.11,0,1,0,0.1333,0,450.11,0.18001,0.040174,0.18112,0.039827,0,1,0,0.1333,0,450.11,0,2,0,0.1333,0,900.23
1234,12,334.5,334.83,23,3,116,0,1,0,0.3333,0,180.02,0,1,0,0.3333,0,180.02,0.19056,0.052783,0.20083,0.052463,0,1,0,0.3333,0,180.02,0,2,0,0.3333,0,360.04
1234,12,334.93,335.23,20,3,117,1,0,0.3,0,200,0,1,0,0.3,0,200,0,0.17538,0.032391,0.17669,0.032138,0,0.77789,0,0.23337,0,200,1,1,0.3,0.3,200,200
1234,12,350.23,350.33,10,3,118,0,1,0,0.1,0,600,0,0,0,0,0,0,0.18236,0.054059,0.18129,0.054385,0,0,0,0,0,0,0,1,0,0.1,0,600
1234,12,364.73,365.4,23,3,119,0,0.85001,0,0.28335,0,179.99,0,0.20004,0,0.13337,0,89.996,0.25241,0.057177,0.25474,0.051883,0,1,0,0.6667,0,89.996,0,0.99995,0,0.66667,0,89.996
1234,12,368.2,368.37,3,3,120,0,1,0,0.1666,0,360.14,0,1,0,0.1666,0,360.14,0.14035,0.068598,0.13906,0.068544,0,0,0,0,0,0,0,1,0,0.1666,0,360.14
1234,12,368.6,369.13,3,3,121,0,1,0,0.5333,0,112.51,0,0,0,0,0,0,0.1029,0.049814,0.10436,0.049599,0,0,0,0,0,0,0,1,0,0.5333,0,112.51
1234,12,369.2,369.3,10,3,122,0,1,0,0.1,0,600,0,0,0,0,0,0,0.17819,0.04949,0.17664,0.049431,0,0,0,0,0,0,0,1,0,0.1,0,600
1234,12,371.1,371.27,23,3,123,0,1,0,0.1666,0,360.14,0,0,0,0,0,0,0.14317,0.060779,0.1437,0.061073,0,0,0,0,0,0,0,1,0,0.1666,0,360.14
1234,12,395.4,395.43,18,3,124,0,1,0,0.0333,0,1801.8,0,1,0,0.0333,0,1801.8,0.055417,0,0.055417,0,0,2,0,0.0333,0,3603.6,0,1,0,0.0333,0,1801.8
1234,12,395.77,395.8,18,3,125,0,1,0,0.0333,0,1801.8,0,1,0,0.0333,0,1801.8,0,0,0,0,0,1,0,0.0333,0,1801.8,0,2,0,0.0333,0,3603.6
1234,12,395.83,395.9,18,3,126,0,1,0,0.0667,0,899.55,0,1,0,0.0667,0,899.55,0.067513,0.020993,0.067513,0.020993,0,1,0,0.0667,0,899.55,0,2,0,0.0667,0,1799.1
1234,12,396,396.03,18,3,127,0,1,0,0.0333,0,1801.8,0,1,0,0.0333,0,1801.8,0.06875,0.025977,0.06875,0.025977,0,0,0,0,0,0,0,2,0,0.0333,0,3603.6
1234,12,400.37,400.43,23,3,128,0,1,0,0.0666,0,900.9,0,1,0,0.0666,0,900.9,0.097904,0.035565,0.097904,0.035565,0,0,0,0,0,0,0,1,0,0.0666,0,900.9
1234,12,400.47,400.5,23,3,129,0,1,0,0.0333,0,1801.8,0,1,0,0.0333,0,1801.8,0,0,0,0,0,0,0,0,0,0,0,1,0,0.0333,0,1801.8
1234,12,400.9,400.97,23,3,130,0,1,0,0.0666,0,900.9,0,1,0,0.0666,0,900.9,0.083203,0.029036,0.083203,0.029036,0,0,0,0,0,0,0,1,0,0.0666,0,900.9
1234,12,401.1,401.13,23,3,131,0,1,0,0.0333,0,1801.8,0,1,0,0.0333,0,1801.8,0.09,0.026222,0.09,0.026222,0,0,0,0,0,0,0,1,0,0.0333,0,1801.8
1234,12,401.17,401.2,23,3,132,0,1,0,0.0333,0,1801.8,0,1,0,0.0333,0,1801.8,0,0,0,0,0,0,0,0,0,0,0,1,0,0.0333,0,1801.8
1234,12,401.3,401.37,3,3,133,0,1,0,0.0666,0,900.9,0,1,0,0.0666,0,900.9,0.13849,0.043697,0.13849,0.043697,0,0,0,0,0,0,0,1,0,0.0666,0,900.9
1234,12,401.47,401.5,23,3,134,0,1,0,0.0333,0,1801.8,0,1,0,0.0333,0,1801.8,0,0,0,0,0,0,0,0,0,0,0,1,0,0.0333,0,1801.8
1234,12,401.87,402,3,3,135,0,1,0,0.1333,0,450.11,0,1,0,0.1333,0,450.11,0.12319,0.046987,0.12348,0.047253,0,0,0,0,0,0,0,1,0,0.1333,0,450.11
1234,12,402.07,402.13,23,3,136,0,1,0,0.0666,0,900.9,0,1,0,0.0666,0,900.9,0.096953,0.026753,0.096953,0.026753,0,0,0,0,0,0,0,1,0,0.0666,0,900.9
1234,12,402.2,402.23,23,3,137,0,1,0,0.0333,0,1801.8,0,1,0,0.0333,0,1801.8,0.0975,0.028205,0.0975,0.028205,0,0,0,0,0,0,0,1,0,0.0333,0,1801.8
1234,12,402.3,402.37,23,3,138,0,1,0,0.0666,0,900.9,0,1,0,0.0666,0,900.9,0.090091,0.023551,0.090091,0.023551,0,0,0,0,0,0,0,2,0,0.0666,0,1801.8
1234,12,402.4,402.7,23,3,139,0,1,0,0.3,0,200,0,1,0,0.3,0,200,0.085854,0.026572,0.085938,0.026159,0,0,0,0,0,0,0,1.8889,0,0.28333,0,400
1234,12,402.9,402.93,23,3,140,0,1,0,0.0333,0,1801.8,0,1,0,0.0333,0,1801.8,0.095091,0.039443,0.095091,0.039443,0,0,0,0,0,0,0,2,0,0.0333,0,3603.6
1234,12,402.97,403,23,3,141,0,1,0,0.0333,0,1801.8,0,1,0,0.0333,0,1801.8,0,0,0,0,0,0,0,0,0,0,0,2,0,0.0333,0,3603.6
1234,12,403.03,403.07,3,3,142,0,1,0,0.0333,0,1801.8,0,1,0,0.0333,0,1801.8,0.12396,0.04804,0.12396,0.04804,0,0,0,0,0,0,0,2,0,0.0333,0,3603.6
1234,12,403.13,403.2,3,3,143,0,1,0,0.0667,0,899.55,0,1,0,0.0667,0,899.55,0.12238,0.035825,0.12238,0.035825,0,0,0,0,0,0,0,2,0,0.0667,0,1799.1
1234,12,403.37,403.63,3,3,144,0,1,0,0.2666,0,225.06,0,1,0,0.2666,0,225.06,0.12328,0.041544,0.12232,0.042889,0,0,0,0,0,0,0,1,0,0.2666,0,225.06
1234,12,403.83,403.9,23,3,145,0,1,0,0.0667,0,899.55,0,1,0,0.0667,0,899.55,0.097298,0.035508,0.097298,0.035508,0,0,0,0,0,0,0,1,0,0.0667,0,899.55
1234,12,403.97,404,23,3,146,0,1,0,0.0333,0,1801.8,0,1,0,0.0333,0,1801.8,0,0,0,0,0,0,0,0,0,0,0,1,0,0.0333,0,1801.8
1234,12,404,404.03,4,3,147,0,1,0,0.0333,0,1801.8,0,1,0,0.0333,0,1801.8,0.15996,0.041492,0.15996,0.041492,0,0,0,0,0,0,0,1,0,0.0333,0,1801.8
1234,12,404.03,404.13,23,3,148,0,1,0,0.1,0,600,0,1,0,0.1,0,600,0.09921,0.036742,0.099375,0.036359,0,0,0,0,0,0,0,1,0,0.1,0,600
1234,12,404.37,404.53,23,3,149,0,1,0,0.1666,0,360.14,0,1,0,0.1666,0,360.14,0.090944,0.031217,0.091191,0.031567,0,0,0,0,0,0,0,1,0,0.1666,0,360.14
1234,12,404.53,404.77,3,3,150,0,1,0,0.2333,0,257.18,0,1,0,0.2333,0,257.18,0.15864,0.040271,0.15812,0.040005,0,0,0,0,0,0,0,1,0,0.2333,0,257.18
1234,12,404.8,404.97,3,3,151,0,1,0,0.1666,0,360.14,0,1,0,0.1666,0,360.14,0.15812,0.037331,0.15583,0.036732,0,0,0,0,0,0,0,1.5998,0,0.13327,0,720.29
1234,12,405,405.07,23,3,152,0,1,0,0.0666,0,900.9,0,1,0,0.0666,0,900.9,0.13835,0.037511,0.13835,0.037511,0,0,0,0,0,0,0,2,0,0.0666,0,1801.8
1234,12,405.1,405.17,23,3,153,0,1,0,0.0666,0,900.9,0,1,0,0.0666,0,900.9,0.1484,0.040635,0.1484,0.040635,0,0,0,0,0,0,0,2,0,0.0666,0,1801.8
1234,12,405.37,405.97,23,3,154,0,1,0,0.5999,0,100.02,0,1,0,0.5999,0,100.02,0.1469,0.039948,0.14602,0.039259,0,0,0,0,0,0,0,2,0,0.5999,0,200.03
1234,12,406,406.03,23,3,155,0,1,0,0.0333,0,1801.8,0,1,0,0.0333,0,1801.8,0.14109,0.038102,0.14109,0.038102,0,0,0,0,0,0,0,1,0,0.0333,0,1801.8
1234,12,406.1,406.13,23,3,156,0,1,0,0.0333,0,1801.8,0,1,0,0.0333,0,1801.8,0.13997,0.029787,0.13997,0.029787,0,0,0,0,0,0,0,1,0,0.0333,0,1801.8
1234,12,406.37,406.43,23,3,157,0,1,0,0.0666,0,900.9,0,1,0,0.0666,0,900.9,0.15812,0.047975,0.15812,0.047975,0,0,0,0,0,0,0,2,0,0.0666,0,1801.8
1234,12,406.57,406.6,23,3,158,0,1,0,0.0333,0,1801.8,0,1,0,0.0333,0,1801.8,0,0,0,0,0,0,0,0,0,0,0,2,0,0.0333,0,3603.6
1234,12,406.63,407.53,23,3,159,0,1,0,0.9,0,66.667,0,1,0,0.9,0,66.667,0.14712,0.040695,0.14615,0.041878,0,0,0,0,0,0,0,1.6297,0,0.73335,0,133.33
1234,12,407.87,407.9,23,3,160,0,1,0,0.0333,0,1801.8,0,1,0,0.0333,0,1801.8,0,0,0,0,0,0,0,0,0,0,0,2,0,0.0333,0,3603.6
1234,12,408.17,408.23,23,3,161,0,1,0,0.0666,0,900.9,0,1,0,0.0666,0,900.9,0.13773,0.043019,0.13773,0.043019,0,0,0,0,0,0,0,1.5,0,0.04995,0,1801.8
1234,12,408.33,408.37,23,3,162,0,1,0,0.0333,0,1801.8,0,1,0,0.0333,0,1801.8,0.1418,0.04784,0.1418,0.04784,0,0,0,0,0,0,0,1,0,0.0333,0,1801.8
1234,12,408.47,408.53,23,3,163,0,1,0,0.0666,0,900.9,0,1,0,0.0666,0,900.9,0.1375,0.039083,0.1375,0.039083,0,0,0,0,0,0,0,2,0,0.0666,0,1801.8
1234,12,408.57,409.1,23,3,164,0,1,0,0.5333,0,112.51,0,1,0,0.5333,0,112.51,0.13582,0.040981,0.13453,0.040843,0,0,0,0,0,0,0,1.1249,0,0.29997,0,225.01
1234,12,409.13,409.17,23,3,165,0,1,0,0.0333,0,1801.8,0,1,0,0.0333,0,1801.8,0.14056,0.048427,0.14056,0.048427,0,0,0,0,0,0,0,1,0,0.0333,0,1801.8
1234,12,409.27,409.3,23,3,166,0,1,0,0.0333,0,1801.8,0,1,0,0.0333,0,1801.8,0,0,0,0,0,0,0,0,0,0,0,1,0,0.0333,0,1801.8
1234,12,409.6,409.67,23,3,167,0,1,0,0.0666,0,900.9,0,1,0,0.0666,0,900.9,0.11583,0.044119,0.11583,0.044119,0,0,0,0,0,0,0,2,0,0.0666,0,1801.8
1234,12,409.73,409.77,23,3,168,0,1,0,0.0333,0,1801.8,0,1,0,0.0333,0,1801.8,0.10742,0.043824,0.10742,0.043824,0,0,0,0,0,0,0,2,0,0.0333,0,3603.6
1234,12,410.67,410.7,3,3,169,0,1,0,0.0333,0,1801.8,0,0,0,0,0,0,0,0,0,0,0,0,0,0,0,0,0,1,0,0.0333,0,1801.8
1234,12,410.73,410.93,23,3,170,0,1,0,0.2,0,300,0,0,0,0,0,0,0.097255,0.0401,0.09668,0.040766,0,0,0,0,0,0,0,1,0,0.2,0,300
1234,12,410.93,410.97,3,3,171,0,1,0,0.0333,0,1801.8,0,0,0,0,0,0,0.13635,0.045718,0.13635,0.045718,0,0,0,0,0,0,0,1,0,0.0333,0,1801.8
1234,12,412.27,412.3,3,3,172,0,0,0,0,0,0,0,1,0,0.0333,0,1801.8,0,0,0,0,0,0,0,0,0,0,0,2,0,0.0333,0,3603.6
1234,12,412.3,412.37,23,3,173,0,0,0,0,0,0,0,1,0,0.0666,0,900.9,0.093991,0.030995,0.093991,0.030995,0,0,0,0,0,0,0,2,0,0.0666,0,1801.8
1234,12,412.6,412.63,23,3,174,0,0,0,0,0,0,0,1,0,0.0333,0,1801.8,0.10482,0.035742,0.10482,0.035742,0,0,0,0,0,0,0,2,0,0.0333,0,3603.6
1234,12,412.67,412.77,23,3,175,0,0.66667,0,0.0666,0,600.6,0,1,0,0.0999,0,600.6,0.18713,0.039431,0.18713,0.039431,0,0,0,0,0,0,0,1.667,0,0.083267,0,1201.2
1234,12,413.47,413.5,23,3,176,0,1,0,0.0333,0,1801.8,0,1,0,0.0333,0,1801.8,0,0,0,0,0,0,0,0,0,0,0,1,0,0.0333,0,1801.8
1234,12,413.83,414.13,23,3,177,0,1,0,0.3,0,200,0,1,0,0.3,0,200,0.12553,0.038684,0.12332,0.035124,0,0,0,0,0,0,0,1.5554,0,0.23332,0,400
1234,12,414.33,414.37,23,3,178,0,0,0,0,0,0,0,1,0,0.0333,0,1801.8,0.10195,0.035885,0.10195,0.035885,0,0,0,0,0,0,0,2,0,0.0333,0,3603.6
1234,12,423.23,424.23,23,3,179,0,0.63333,0,0.21111,0,180,0,1,0,1,0,60,0.24793,0.066362,0.25103,0.072696,0,1,0,1,0,60,0,1.2333,0,0.61665,0,120
1234,12,424.27,424.3,8,3,180,0,1,0,0.0333,0,1801.8,0,1,0,0.0333,0,1801.8,0,0,0,0,0,1,0,0.0333,0,1801.8,0,2,0,0.0333,0,3603.6
1234,12,424.33,424.37,23,3,181,0,1,0,0.0333,0,1801.8,0,1,0,0.0333,0,1801.8,0.16103,0.044533,0.16103,0.044533,0,1,0,0.0333,0,1801.8,0,2,0,0.0333,0,3603.6
1234,12,424.4,424.5,3,3,182,0,1,0,0.1,0,600,0,1,0,0.1,0,600,0.10567,0.037477,0.10599,0.037581,0,1,0,0.1,0,600,0,2,0,0.1,0,1200
1234,12,424.57,424.83,23,3,183,0,1,0,0.2666,0,225.06,0,1,0,0.2666,0,225.06,0.11517,0.038407,0.11479,0.039672,0,1,0,0.2666,0,225.06,0,2,0,0.2666,0,450.11
1234,12,424.9,424.93,23,3,184,0,1,0,0.0333,0,1801.8,0,1,0,0.0333,0,1801.8,0.097109,0.039859,0.097109,0.039859,0,1,0,0.0333,0,1801.8,0,2,0,0.0333,0,3603.6
1234,12,424.97,425.07,3,3,185,0,1,0,0.0999,0,600.6,0,1,0,0.0999,0,600.6,0.082871,0.02987,0.082871,0.02987,0,1,0,0.0999,0,600.6,0,1,0,0.0999,0,600.6
1235,12,39.3,39.367,4,1,1,0,1,0,0.0666,0,900.9,1,0,0.0666,0,900.9,0,0.054453,0.020444,0.054453,0.020444,0,2,0,0.0666,0,1801.8,0,1,0,0.0666,0,900.9
1235,12,39.4,39.467,4,1,2,0,1,0,0.0666,0,900.9,0,0,0,0,900.9,0,0.055417,0.021698,0.055417,0.021698,0,2,0,0.0666,0,1801.8,0,1,0,0.0666,0,900.9
1235,12,42.167,42.2,4,1,3,0,1,0,0.0333,0,1801.8,0,1,0,0.0333,0,1801.8,0,0,0,0,0,1,0,0.0333,0,1801.8,0,1,0,0.0333,0,1801.8
1235,12,43.3,43.867,20,1,4,0.5883,0,0.33333,0,105.89,0,0,0.76468,0,0.43327,0,105.89,0.19543,0.025994,0.2104,0.025286,1,0,0.5666,0,105.89,0,0,1.1764,0,0.33327,0,211.79
1235,12,43.967,44.067,4,1,5,0,1,0,0.0999,0,600.6,0,1,0,0.0999,0,600.6,0.052415,0.02035,0.052415,0.02035,0,1,0,0.0999,0,600.6,0,2,0,0.0999,0,1201.2
1235,12,45.133,45.267,4,1,6,0,1,0,0.1333,0,450.11,0,1,0,0.1333,0,450.11,0.053486,0.018207,0.054154,0.018267,0,1,0,0.1333,0,450.11,0,1,0,0.1333,0,450.11
1235,12,45.533,45.7,4,1,7,0,1,0,0.1667,0,359.93,0,1,0,0.1667,0,359.93,0.061344,0.02376,0.05974,0.02251,0,1,0,0.1667,0,359.93,0,1,0,0.1667,0,359.93
1235,12,47.133,47.5,6,1,8,0.81811,0,0.3,0,163.62,0,0.4545,0,0.16667,0,163.62,0,0.10946,0.032619,0.10938,0.031823,1,1,0.3667,0.3667,163.62,163.62,0,1,0,0.3667,0,163.62
1235,12,47.533,47.633,6,1,9,1,0,0.1,0,600,0,1,0,0.1,0,600,0,0.080139,0.032259,0.080833,0.032218,1,1,0.1,0.1,600,600,0,1,0,0.1,0,600
1235,12,49.7,50.167,4,1,10,0,0,0,0,0,0,0,1,0,0.4666,0,128.59,0.10984,0.048997,0.11008,0.048912,0,2,0,0.4666,0,257.18,0,1,0,0.4666,0,128.59
1235,12,52.4,52.567,23,1,11,0,0,0,0,0,0,0,0,0,0,0,0,0.44808,0,0.45313,0,0,2,0,0.1666,0,720.29,0,1,0,0.1666,0,360.14
1235,12,52.667,54,2,1,12,0,0,0,0,0,0,0,0,0,0,0,0,0.2496,0,0.24969,0,0,2,0,1.3333,0,90.002,0,1,0,1.3333,0,45.001
1235,12,55.333,55.4,17,1,13,0,0,0,0,0,0,0,1,0,0.0667,0,899.55,0.10492,0.012852,0.10492,0.012852,0,2,0,0.0667,0,1799.1,0,1,0,0.0667,0,899.55
1235,12,55.867,55.9,17,1,14,0,0,0,0,0,0,0,1,0,0.0333,0,1801.8,0,0,0,0,0,2,0,0.0333,0,3603.6,0,1,0,0.0333,0,1801.8
1235,12,59.867,60.033,5,1,15,0,0,0,0,0,0,0,1,0,0.1666,0,360.14,0.0586,0.023014,0.058405,0.023464,0,1.8001,0,0.14995,0,720.29,0,1,0,0.1666,0,360.14
1235,12,64.267,64.3,11,1,16,0,1,0,0.0333,0,1801.8,0,0,0,0,0,0,0,0,0,0,0,1,0,0.01665,0,3603.6,0,1,0,0.0333,0,1801.8
1235,12,64.3,64.333,7,1,17,0,1,0,0.0333,0,1801.8,0,0,0,0,0,0,0.055859,0,0.055859,0,0,2,0,0.0333,0,3603.6,0,1,0,0.0333,0,1801.8
1235,12,64.767,65.133,2,1,18,0,1,0,0.3666,0,163.67,0,0,0,0,0,0,0.17792,0.064583,0.17833,0.064583,0,1.6365,0,0.29997,0,327.33,0,1,0,0.3666,0,163.67
1235,12,65.633,65.767,2,1,19,0,1,0,0.1333,0,450.11,0,0.99975,0,0.13327,0,450.11,0.16521,0.036966,0.16488,0.036862,0,0,0,0,0,0,0,1,0,0.1333,0,450.11
1235,12,66.9,66.933,23,1,20,0,1,0,0.0333,0,1801.8,0,1,0,0.0333,0,1801.8,0.47125,0,0.47125,0,0,2,0,0.0333,0,3603.6,0,1,0,0.0333,0,1801.8
1235,12,71.967,74.067,4,1,21,1,0,2.0999,0,28.573,0,0.82542,0.095211,1.7333,0.19993,28.573,28.573,0.13796,0.021192,0.065091,0.020344,1.7302,0,1.8166,0,57.146,0,0,1,0,2.0999,0,28.573
1235,12,74.867,75.233,4,1,22,1,0,0.3666,0,163.67,0,0.81824,0,0.29997,0,163.67,0,0.089684,0.023529,0.090156,0.025215,0.36361,0,0.1333,0,163.67,0,0,1,0,0.3666,0,163.67
1235,12,90.067,90.333,17,1,23,0,0,0,0,0,0,0,0,0,0,0,0,0.097541,0,0.095977,0,0,2,0,0.2666,0,450.11,0,1,0,0.2666,0,225.06
1235,12,90.667,90.8,2,1,24,0,0,0,0,0,0,0,1,0,0.1333,0,450.11,0.14776,0,0.14768,0,0,2,0,0.1333,0,900.23,0,1,0,0.1333,0,450.11
1235,12,93.1,93.133,4,1,25,0,1,0,0.0333,0,1801.8,0,1,0,0.0333,0,1801.8,0.051667,0.023759,0.051667,0.023759,0,2,0,0.0333,0,3603.6,0,1,0,0.0333,0,1801.8
1235,12,93.233,93.267,4,1,26,0,1,0,0.0333,0,1801.8,0,1,0,0.0333,0,1801.8,0.056706,0.023122,0.056706,0.023122,0,2,0,0.0333,0,3603.6,0,1,0,0.0333,0,1801.8
1235,12,93.333,93.367,4,1,27,0,1,0,0.0333,0,1801.8,0,1,0,0.0333,0,1801.8,0.056706,0.026318,0.056706,0.026318,0,2,0,0.0333,0,3603.6,0,1,0,0.0333,0,1801.8
1235,12,93.433,93.633,4,1,28,0,1,0,0.2,0,300,0,0.3335,0,0.0667,0,300,0.053641,0.023819,0.053665,0.023665,0,2,0,0.2,0,600,0,1,0,0.2,0,300
1235,12,93.667,93.767,4,1,29,0,1,0,0.0999,0,600.6,0,0,0,0,0,0,0.059727,0.029481,0.059727,0.029481,0,2,0,0.0999,0,1201.2,0,1,0,0.0999,0,600.6
1235,12,95.833,96.033,4,1,30,0,1,0,0.2,0,300,0,0,0,0,0,0,0.06755,0.035151,0.066576,0.035662,0,0,0,0,0,0,0,1,0,0.2,0,300
1235,12,96.833,96.867,4,1,31,0,1,0,0.0333,0,1801.8,0,0,0,0,0,0,0.069336,0.030771,0.069336,0.030771,0,0,0,0,0,0,0,1,0,0.0333,0,1801.8
1235,12,96.9,97.267,4,1,32,0,1,0,0.3666,0,163.67,0,0,0,0,0,0,0.064006,0.023819,0.063685,0.022904,0,0.18167,0,0.0666,0,163.67,0,1,0,0.3666,0,163.67
1235,12,99.133,99.2,4,1,33,0,1,0,0.0667,0,899.55,0,0,0,0,0,0,0.058438,0.021373,0.058438,0.021373,0,0,0,0,0,0,0,1,0,0.0667,0,899.55
1235,12,99.233,99.467,4,1,34,0,1,0,0.2333,0,257.18,0,0,0,0,0,0,0.055595,0.018933,0.055781,0.018965,0,0,0,0,0,0,0,1,0,0.2333,0,257.18
1235,12,100.6,100.63,19,1,35,0,1,0,0.0333,0,1801.8,0,0,0,0,0,0,0.069609,0.033465,0.069609,0.033465,0,1,0,0.0333,0,1801.8,0,1,0,0.0333,0,1801.8
1235,12,104.2,104.4,4,1,36,0,1,0,0.2,0,300,0,1,0,0.2,0,300,0.071319,0.025736,0.072148,0.025902,0,2,0,0.2,0,600,0,1,0,0.2,0,300
1235,12,115.13,117,4,1,37,0,1,0,1.8667,0,32.142,0,1,0,1.8667,0,32.142,0.070354,0.021247,0.070658,0.021439,0,1.7857,0,1.6667,0,64.285,0,1,0,1.8667,0,32.142
1235,12,117.43,117.87,4,1,38,0,1,0,0.4333,0,138.47,0,1,0,0.4333,0,138.47,0.069511,0.022045,0.070313,0.018984,0,2,0,0.4333,0,276.94,0,1,0,0.4333,0,138.47
1235,12,117.93,118.1,4,1,39,0,1,0,0.1667,0,359.93,0,0,0,0,0,0,0.078706,0.028259,0.079974,0.027285,0,2,0,0.1667,0,719.86,0,1,0,0.1667,0,359.93
1235,12,119.57,119.67,4,1,40,0,1,0,0.0999,0,600.6,0,0,0,0,0,0,0.064505,0.025114,0.064505,0.025114,0,2,0,0.0999,0,1201.2,0,1,0,0.0999,0,600.6
1235,12,119.73,119.8,4,1,41,0,1,0,0.0667,0,899.55,0,0,0,0,0,0,0.063639,0.024952,0.063639,0.024952,0,2,0,0.0667,0,1799.1,0,0.9995,0,0.066667,0,899.55
1235,12,123.5,123.57,20,1,42,0,1,0,0.0666,0,900.9,0,0,0,0,0,0,0.10889,0.034531,0.10889,0.034531,0,1,0,0.0666,0,900.9,0,1,0,0.0666,0,900.9
1235,12,123.6,123.73,20,1,43,0,1,0,0.1333,0,450.11,0,0,0,0,0,0,0.10706,0.033278,0.10676,0.033246,0,1,0,0.1333,0,450.11,0,1.2501,0,0.083317,0,900.23
1235,12,199.57,199.7,23,2,44,0,1,0,0.1333,0,450.11,0,0,0,0,0,0,0.15564,0.048112,0.15598,0.049014,0,2,0,0.1333,0,900.23,0,1,0,0.1333,0,450.11
1235,12,200.9,201.07,23,2,45,0,1,0,0.1666,0,360.14,0,1,0,0.1666,0,360.14,0.16461,0.04106,0.16572,0.043241,0,2,0,0.1666,0,720.29,0,1,0,0.1666,0,360.14
1235,12,201.17,201.4,23,2,46,0,1,0,0.2333,0,257.18,0,1,0,0.2333,0,257.18,0.148,0.039149,0.15301,0.037429,0,2,0,0.2333,0,514.36,0,1,0,0.2333,0,257.18
1235,12,201.47,209.93,23,2,47,0,0.94094,0,1.1381,0,49.607,0,0.13779,0,0.58332,0,14.173,0.22851,0.04142,0.24408,0.040547,0,2,0,8.4666,0,14.173,0,1,0,8.4666,0,7.0867
1235,12,211.43,211.8,10,2,48,0,0.2727,0,0.1,0,163.62,0,0,0,0,0,0,0.093778,0.032328,0.094453,0.032001,0,2,0,0.3667,0,327.24,0,1,0,0.3667,0,163.62
1235,12,212.03,212.17,10,2,49,0,0.50038,0,0.0667,0,450.11,0,0,0,0,0,0,0.085332,0.030132,0.086406,0.030731,0,2,0,0.1333,0,900.23,0,1,0,0.1333,0,450.11
1235,12,212.2,212.4,15,2,50,0,0,0,0,0,0,0,0,0,0,0,0,0.28589,0.029929,0.24383,0.029453,0,2,0,0.2,0,600,0,1.3333,0,0.13333,0,600
1235,12,212.43,212.57,16,2,51,0,0,0,0,0,0,0,0,0,0,0,0,0.25426,0.038925,0.22589,0.038904,0,2,0,0.1333,0,900.23,0,1.5004,0,0.1,0,900.23
1235,12,212.83,213.03,3,2,52,0,0,0,0,0,0,0,0,0,0,0,0,0.15343,0.033863,0.15692,0.033765,0,2,0,0.2,0,600,1,0.99983,0.2,0.19997,300,300
1235,12,213.17,214.4,23,2,53,0,1,0,1.2333,0,48.65,0,0,0,0,0,0,0.21487,0.042689,0.21646,0.043406,0,2,0,1.2333,0,97.3,0,1.5135,0,0.9333,0,97.3
1235,12,214.43,214.57,3,2,54,0.00025006,0,3.3333e-05,0,450.11,0,0,0,0,0,0,0,0.14564,0.044518,0.15036,0.044665,0,2,0,0.1333,0,900.23,0,1,0,0.1333,0,450.11
1235,12,214.7,214.77,4,2,55,0,0,0,0,0,0,0,1,0,0.0666,0,900.9,0.065365,0.022949,0.065365,0.022949,0,2,0,0.0666,0,1801.8,0,2,0,0.0666,0,1801.8
1235,12,215.73,215.83,3,2,56,0,1,0,0.1,0,600,0,0,0,0,0,0,0.095807,0.035844,0.096146,0.036164,0,1,0,0.1,0,600,0,1,0,0.1,0,600
1235,12,215.9,216.27,23,2,57,0,1,0,0.3666,0,163.67,0,0.36352,0,0.13327,0,163.67,0.20983,0.045815,0.2212,0.046538,0,1,0,0.3666,0,163.67,0,1,0,0.3666,0,163.67
1235,12,216.9,217.07,3,2,58,0,1,0,0.1666,0,360.14,0,1,0,0.1666,0,360.14,0.17096,0.049666,0.17777,0.05053,0,1,0,0.1666,0,360.14,0,1,0,0.1666,0,360.14
1235,12,217.07,217.1,23,2,59,0,1,0,0.0333,0,1801.8,0,1,0,0.0333,0,1801.8,0,0,0,0,0,1,0,0.0333,0,1801.8,0,1,0,0.0333,0,1801.8
1235,12,217.1,217.13,3,2,60,0,1,0,0.0333,0,1801.8,0,1,0,0.0333,0,1801.8,0.10182,0.043537,0.10182,0.043537,0,1,0,0.0333,0,1801.8,0,1,0,0.0333,0,1801.8
1235,12,218.83,219.13,3,2,61,0,1,0,0.3,0,200,0,0.33344,0,0.10003,0,200,0.13533,0.039032,0.13809,0.038561,0,1,0,0.3,0,200,0,0.99989,0,0.29997,0,200
1235,12,219.17,220.03,3,2,62,0,1,0,0.8666,0,69.236,0,0.80772,0,0.69997,0,69.236,0.1388,0.044348,0.14125,0.045568,0,1,0,0.8666,0,69.236,0,1,0,0.8666,0,69.236
1235,12,220.2,220.23,5,2,63,0,1,0,0.0333,0,1801.8,0,1,0,0.0333,0,1801.8,0.16161,0.032271,0.16161,0.032271,0,1,0,0.0333,0,1801.8,0,1,0,0.0333,0,1801.8
1235,12,230.43,230.63,10,2,64,0,1,0,0.2,0,300,0,0,0,0,0,0,0.18232,0.054812,0.18969,0.052536,0,2,0,0.2,0,600,0,0.99983,0,0.19997,0,300
1235,12,230.63,230.93,12,2,65,0,1,0,0.3,0,200,0,0.44433,0,0.1333,0,200,0.10693,0.046635,0.10698,0.048206,0,2,0,0.3,0,400,0,1,0,0.3,0,200
1235,12,231,231.1,2,2,66,1,0,0.1,0,600,0,0,1,0,0.1,0,600,0.15391,0.060387,0.15469,0.060825,0,2,0,0.1,0,1200,0,1,0,0.1,0,600
1235,12,231.13,231.17,10,2,67,0,1,0,0.0333,0,1801.8,0,1,0,0.0333,0,1801.8,0.17646,0.05528,0.17646,0.05528,0,2,0,0.0333,0,3603.6,0,1,0,0.0333,0,1801.8
1235,12,231.17,231.4,12,2,68,0,1,0,0.2333,0,257.18,0,1,0,0.2333,0,257.18,0.095076,0.043507,0.095573,0.043907,0,2,0,0.2333,0,514.36,0,1,0,0.2333,0,257.18
1235,12,231.4,231.47,22,2,69,0,1,0,0.0666,0,900.9,0,1,0,0.0666,0,900.9,0.13546,0.053693,0.13546,0.053693,1,1,0.0666,0.0666,900.9,900.9,0,1,0,0.0666,0,900.9
1235,12,239.9,241.77,21,2,70,0,1,0,1.8666,0,32.144,0,1,0,1.8666,0,32.144,0.18414,0.037107,0.20923,0.036497,1,0,1.8666,0,32.144,0,0,1,0,1.8666,0,32.144
1235,12,241.97,243.17,21,2,71,0,1,0,0.59995,0,100.01,0,0.027752,0,0.0333,0,50.004,0.21113,0.039566,0.20964,0.0395,1,0,1.1999,0,50.004,0,0,1,0,1.1999,0,50.004
1235,12,243.63,244.6,21,2,72,0,1,0,0.9667,0,62.067,0,0.41378,0,0.4,0,62.067,0.15437,0.043712,0.1524,0.043412,1,0,0.9667,0,62.067,0,0,0.99997,0,0.96667,0,62.067
1235,12,244.8,245.5,14,2,73,0,1,0,0.7,0,85.714,0,1,0,0.7,0,85.714,0.10538,0.038456,0.105,0.037888,0,1,0,0.7,0,85.714,0,1,0,0.7,0,85.714
1235,12,245.63,246.63,18,2,74,0,1,0,1,0,60,0,0,0,0,0,0,0.10881,0.042449,0.11067,0.042204,0,1,0,1,0,60,0,1,0,1,0,60
1235,12,250.13,250.43,22,2,75,1,0,0.3,0,200,0,0,0.77767,0,0.2333,0,200,0.1045,0.04628,0.10414,0.046979,1,1,0.3,0.3,200,200,0,1,0,0.3,0,200
1235,12,250.7,250.8,22,2,76,0.33333,0.66667,0.033333,0.066667,600,600,0,0.33333,0,0.033333,0,600,0.097396,0.044298,0.098503,0.043978,1,1,0.1,0.1,600,600,0,1,0,0.1,0,600
1235,12,250.87,250.9,22,2,77,0,1,0,0.0333,0,1801.8,0,0,0,0,0,0,0,0,0,0,1,1,0.0333,0.0333,1801.8,1801.8,0,1,0,0.0333,0,1801.8
1235,12,256.53,256.97,21,2,78,0,0.46142,0,0.19993,0,138.47,0,0,0,0,0,0,0.11691,0.025559,0.11646,0.025382,1,0,0.4333,0,138.47,0,0,1,0,0.4333,0,138.47
1235,12,263.53,264.07,19,2,79,0,1,0,0.5333,0,112.51,0,1,0,0.5333,0,112.51,0.088249,0.027729,0.088398,0.028195,0,1,0,0.5333,0,112.51,0,1,0,0.5333,0,112.51
1235,12,264.17,264.27,19,2,80,0,1,0,0.0999,0,600.6,0,1,0,0.0999,0,600.6,0.10195,0.03526,0.10195,0.03526,0,1,0,0.0999,0,600.6,0,1,0,0.0999,0,600.6
1235,12,264.3,264.47,19,2,81,0,1,0,0.1666,0,360.14,0,1,0,0.1666,0,360.14,0.10317,0.034208,0.10512,0.034144,0,1,0,0.1666,0,360.14,0,1,0,0.0833,0,720.29
1235,12,265.6,265.7,19,2,82,0,1,0,0.1,0,600,0,1,0,0.1,0,600,0.098155,0.038993,0.09987,0.038319,0,1,0,0.1,0,600,0,1,0,0.1,0,600
1235,12,266.3,266.4,19,2,83,0,1,0,0.1,0,600,0,1,0,0.1,0,600,0.081168,0.035788,0.082096,0.035619,0,1,0,0.1,0,600,0,1,0,0.1,0,600
1235,12,268.2,268.33,19,2,84,0,0.74994,0,0.049983,0,900.23,0,0.49987,0,0.066633,0,450.11,0.073848,0.031686,0.073848,0.031655,0,1,0,0.1333,0,450.11,0,1,0,0.1333,0,450.11
1235,12,268.5,269.27,19,2,85,0,1,0,0.7666,0,78.268,0,1,0,0.7666,0,78.268,0.073586,0.031099,0.074219,0.03068,0,1,0,0.7666,0,78.268,0,1,0,0.7666,0,78.268
1235,12,270.53,270.63,17,2,86,1,0,0.1,0,600,0,0,1,0,0.1,0,600,0.066237,0.027795,0.066016,0.02822,0,1,0,0.1,0,600,0.667,1.333,0.0667,0.06665,600,1200
1235,12,274.3,274.33,10,2,87,0,1,0,0.0333,0,1801.8,0,1,0,0.0333,0,1801.8,0.099779,0.035168,0.099779,0.035168,0,1,0,0.0333,0,1801.8,0,1,0,0.0333,0,1801.8
1235,12,274.37,274.4,10,2,88,0,1,0,0.0333,0,1801.8,0,1,0,0.0333,0,1801.8,0,0,0,0,0,1,0,0.0333,0,1801.8,0,1,0,0.0333,0,1801.8
1235,12,274.43,274.47,10,2,89,0,1,0,0.0333,0,1801.8,0,1,0,0.0333,0,1801.8,0.099531,0.035067,0.099531,0.035067,0,1,0,0.0333,0,1801.8,0,1,0,0.0333,0,1801.8
1235,12,274.5,274.57,10,2,90,0,1,0,0.0666,0,900.9,0,1,0,0.0666,0,900.9,0.1131,0.035701,0.1131,0.035701,0,1,0,0.0666,0,900.9,0,1,0,0.0666,0,900.9
1235,12,280.83,281.1,21,2,91,1,0,0.2667,0,224.97,0,0,0.62492,0,0.16667,0,224.97,0.25057,0.063876,0.254,0.062684,1,1,0.2667,0.2667,224.97,224.97,0,0.99988,0,0.26667,0,224.97
1235,12,281.13,281.2,22,2,92,0,1,0,0.0667,0,899.55,0,1,0,0.0667,0,899.55,0.27984,0.092611,0.27984,0.092611,1,1,0.0667,0.0667,899.55,899.55,0,1,0,0.0667,0,899.55
1235,12,281.4,281.57,21,2,93,1,0,0.1666,0,360.14,0,0,0.60024,0,0.1,0,360.14,0.18788,0.047404,0.19513,0.032122,1,1,0.1666,0.1666,360.14,360.14,0,1,0,0.1666,0,360.14
1235,12,281.6,281.67,21,2,94,1,0,0.0666,0,900.9,0,0,0,0,0,0,0,0.12245,0.030381,0.12245,0.030381,1,1,0.0666,0.0666,900.9,900.9,0,1,0,0.0666,0,900.9
1235,12,281.9,282.33,21,2,95,1,0,0.4333,0,138.47,0,0,0.76921,0,0.16665,0,276.94,0.24603,0.048451,0.24641,0.046786,1,1,0.4333,0.4333,138.47,138.47,0,1,0,0.4333,0,138.47
1235,12,282.37,282.67,21,2,96,1,0,0.2999,0,200.07,0,0,1,0,0.2999,0,200.07,0.2328,0.060922,0.23516,0.060232,1,1,0.2999,0.2999,200.07,200.07,0,1,0,0.2999,0,200.07
1235,12,282.8,283.03,21,2,97,1,0,0.2333,0,257.18,0,0,1,0,0.2333,0,257.18,0.30712,0.10171,0.29203,0.094609,1,1,0.2333,0.2333,257.18,257.18,0,1,0,0.2333,0,257.18
1235,12,283.07,283.13,22,2,98,0,1,0,0.0666,0,900.9,1,0,0.0666,0,900.9,0,0.24883,0.22148,0.24883,0.22148,1,1,0.0666,0.0666,900.9,900.9,0,1,0,0.0666,0,900.9
1235,12,283.13,283.4,21,2,99,1,0,0.2667,0,224.97,0,0,1,0,0.2667,0,224.97,0.29598,0.14667,0.30574,0.11768,1,1,0.2667,0.2667,224.97,224.97,0,1,0,0.2667,0,224.97
1235,12,283.47,283.5,21,2,100,1,0,0.0333,0,1801.8,0,0,1,0,0.0333,0,1801.8,0,0,0,0,1,1,0.0333,0.0333,1801.8,1801.8,0,1,0,0.0333,0,1801.8
1235,12,286.8,286.83,21,2,101,0,0,0,0,0,0,0,0,0,0,0,0,0.11125,0.035285,0.11125,0.035285,1,1,0.0333,0.0333,1801.8,1801.8,0,1,0,0.0333,0,1801.8
1235,12,286.97,287.03,21,2,102,0,0,0,0,0,0,0,0,0,0,0,0,0.34928,0.035872,0.34928,0.035872,1,1,0.0666,0.0666,900.9,900.9,0,1,0,0.0666,0,900.9
1235,12,287.8,287.87,21,2,103,0,0,0,0,0,0,0,0,0,0,0,0,0.22779,0.03143,0.22779,0.03143,1,1,0.0666,0.0666,900.9,900.9,0,1,0,0.0666,0,900.9
1235,12,287.9,287.93,21,2,104,0,0,0,0,0,0,0,0,0,0,0,0,0.13292,0.035182,0.13292,0.035182,1,1,0.0333,0.0333,1801.8,1801.8,0,1,0,0.0333,0,1801.8
1235,12,288.07,288.1,21,2,105,0,0,0,0,0,0,0,0,0,0,0,0,0,0,0,0,1,1,0.0333,0.0333,1801.8,1801.8,0,1,0,0.0333,0,1801.8
1235,12,288.13,288.23,21,2,106,0,0,0,0,0,0,0,0,0,0,0,0,0.21554,0.024831,0.21005,0.02566,1,1,0.1,0.1,600,600,0,1,0,0.1,0,600
1235,12,288.6,288.63,18,2,107,0,0,0,0,0,0,0,0,0,0,0,0,0.065,0.014453,0.065,0.014453,0,2,0,0.0333,0,3603.6,0,1,0,0.0333,0,1801.8
1235,12,288.63,288.67,21,2,108,0,0,0,0,0,0,0,0,0,0,0,0,0.088073,0.019809,0.088073,0.019809,1,1,0.0333,0.0333,1801.8,1801.8,0,1,0,0.0333,0,1801.8
1235,12,290.87,291.43,3,2,109,1,0,0.5666,0,105.89,0,0,0.64702,0,0.1833,0,211.79,0.11508,0.043213,0.1123,0.043545,0,1,0,0.5666,0,105.89,0,1,0,0.5666,0,105.89
1235,12,291.47,291.7,3,2,110,1,0,0.2333,0,257.18,0,0,1,0,0.2333,0,257.18,0.12969,0.044945,0.1258,0.0454,0,1,0,0.2333,0,257.18,0,1,0,0.2333,0,257.18
1235,12,293,293.03,10,2,111,0,1,0,0.0333,0,1801.8,0,1,0,0.0333,0,1801.8,0.090391,0.04301,0.090391,0.04301,0,1,0,0.0333,0,1801.8,0,1,0,0.0333,0,1801.8
1235,12,294.2,294.23,2,2,112,0,0,0,0,0,0,0,1,0,0.0333,0,1801.8,0.079974,0.039065,0.079974,0.039065,0,2,0,0.0333,0,3603.6,0,1,0,0.0333,0,1801.8
1235,12,295.47,295.5,21,2,113,0,1,0,0.0333,0,1801.8,0,0,0,0,0,0,0,0,0,0,1,0,0.0333,0,1801.8,0,0,1,0,0.0333,0,1801.8
1235,12,295.53,295.57,21,2,114,0,1,0,0.0333,0,1801.8,0,0,0,0,0,0,0.12988,0.035764,0.12988,0.035764,1,0,0.0333,0,1801.8,0,0,1,0,0.0333,0,1801.8
1235,12,295.73,295.8,21,2,115,0,1,0,0.0667,0,899.55,0,0,0,0,0,0,0.11582,0.051498,0.11582,0.051498,1,1,0.0667,0.0667,899.55,899.55,0,1,0,0.0667,0,899.55
1235,12,296,296.13,21,2,116,0,1,0,0.1333,0,450.11,0,0,0,0,0,0,0.21221,0.069794,0.20456,0.069997,1,1,0.1333,0.1333,450.11,450.11,0,1,0,0.1333,0,450.11
1235,12,296.13,296.17,2,2,117,1,0,0.0333,0,1801.8,0,0,0,0,0,0,0,0.15951,0.03072,0.15951,0.03072,1,1,0.0333,0.0333,1801.8,1801.8,0,1,0,0.0333,0,1801.8
1235,12,296.33,296.4,2,2,118,1,0,0.0667,0,899.55,0,0,0,0,0,0,0,0.20982,0.037936,0.20982,0.037936,1,1,0.0667,0.0667,899.55,899.55,0,1,0,0.0667,0,899.55
1235,12,296.53,296.63,2,2,119,1,0,0.1,0,600,0,0,0,0,0,0,0,0.20368,0.028624,0.19979,0.028904,1,1,0.1,0.1,600,600,0,1,0,0.1,0,600
1235,12,296.73,296.8,2,2,120,1,0,0.0667,0,899.55,0,0,0.9995,0,0.066667,0,899.55,0.15715,0.024052,0.15715,0.024052,1,1,0.0667,0.0667,899.55,899.55,0,1,0,0.0667,0,899.55
1235,12,296.8,296.83,17,2,121,0,1,0,0.0333,0,1801.8,0,1,0,0.0333,0,1801.8,0.055078,0.018177,0.055078,0.018177,0,2,0,0.0333,0,3603.6,0,1,0,0.0333,0,1801.8
1235,12,296.83,296.87,21,2,122,0,1,0,0.0333,0,1801.8,0,1,0,0.0333,0,1801.8,0.48238,0.025609,0.48238,0.025609,1,1,0.0333,0.0333,1801.8,1801.8,0,1,0,0.0333,0,1801.8
1235,12,296.87,296.9,17,2,123,0,1,0,0.0333,0,1801.8,0,1,0,0.0333,0,1801.8,0,0,0,0,0,2,0,0.0333,0,3603.6,0,1,0,0.0333,0,1801.8
1235,12,296.9,297,21,2,124,0,1,0,0.1,0,600,0,1,0,0.1,0,600,0.61438,0.04809,0.61151,0.030755,1,1,0.1,0.1,600,600,0,1,0,0.1,0,600
1235,12,297,297.03,2,2,125,1,0,0.0333,0,1801.8,0,0,1,0,0.0333,0,1801.8,0.125,0,0.125,0,1,1,0.0333,0.0333,1801.8,1801.8,0,1,0,0.0333,0,1801.8
1235,12,297.1,297.2,2,2,126,1,0,0.1,0,600,0,0,1,0,0.1,0,600,0.13621,0.040174,0.13398,0.039896,1,1,0.1,0.1,600,600,0,1,0,0.1,0,600
1235,12,297.2,297.3,17,2,127,0,1,0,0.1,0,600,0,1,0,0.1,0,600,0.059449,0.022639,0.059154,0.022839,0,2,0,0.1,0,1200,0,1,0,0.1,0,600
1235,12,297.37,297.4,17,2,128,0,1,0,0.0333,0,1801.8,0,1,0,0.0333,0,1801.8,0,0,0,0,0,2,0,0.0333,0,3603.6,0,1,0,0.0333,0,1801.8
1235,12,297.57,297.67,17,2,129,0,1,0,0.0999,0,600.6,0,1,0,0.0999,0,600.6,0.056589,0.023268,0.056589,0.023268,0,2,0,0.0999,0,1201.2,0,1,0,0.0999,0,600.6
1235,12,297.67,297.7,2,2,130,1,0,0.0333,0,1801.8,0,0,1,0,0.0333,0,1801.8,0,0,0,0,1,1,0.0333,0.0333,1801.8,1801.8,0,1,0,0.0333,0,1801.8
1235,12,297.7,297.97,15,2,131,0,1,0,0.2666,0,225.06,0,0.37509,0,0.1,0,225.06,0.63702,0.028805,0.58278,0.024811,0,2,0,0.2666,0,450.11,0,1,0,0.2666,0,225.06
1235,12,297.97,298,2,2,132,1,0,0.0333,0,1801.8,0,0,1,0,0.0333,0,1801.8,0,0,0,0,1,1,0.0333,0.0333,1801.8,1801.8,0,1,0,0.0333,0,1801.8
1235,12,298,298.03,15,2,133,0,1,0,0.0333,0,1801.8,0,1,0,0.0333,0,1801.8,0.55538,0.018659,0.55538,0.018659,0,2,0,0.0333,0,3603.6,0,1,0,0.0333,0,1801.8
1235,12,298.17,298.2,2,2,134,1,0,0.0333,0,1801.8,0,0,1,0,0.0333,0,1801.8,0,0,0,0,1,1,0.0333,0.0333,1801.8,1801.8,0,1,0,0.0333,0,1801.8
1235,12,298.23,298.37,2,2,135,1,0,0.1333,0,450.11,0,0,0.75044,0,0.10003,0,450.11,0.11539,0.024541,0.11581,0.024694,1,1,0.1333,0.1333,450.11,450.11,0,1,0,0.1333,0,450.11
1235,12,298.37,298.43,21,2,136,0,1,0,0.0666,0,900.9,0,0,0,0,0,0,0.43134,0.049792,0.43134,0.049792,1,1,0.0666,0.0666,900.9,900.9,0,1,0,0.0666,0,900.9
1235,12,298.43,298.47,2,2,137,1,0,0.0333,0,1801.8,0,0,0,0,0,0,0,0.11344,0.02612,0.11344,0.02612,1,1,0.0333,0.0333,1801.8,1801.8,0,1,0,0.0333,0,1801.8
1235,12,298.5,298.53,21,2,138,0,1,0,0.0333,0,1801.8,0,0,0,0,0,0,0.32453,0.086411,0.32453,0.086411,1,1,0.0333,0.0333,1801.8,1801.8,0,1,0,0.0333,0,1801.8
1235,12,298.53,298.6,2,2,139,1,0,0.0667,0,899.55,0,0,0,0,0,0,0,0.1843,0.039428,0.1843,0.039428,1,1,0.0667,0.0667,899.55,899.55,0,1,0,0.0667,0,899.55
1235,12,298.63,298.83,2,2,140,0.16683,0,0.033367,0,300,0,0,0,0,0,0,0,0.14656,0.038826,0.13511,0.03791,1,1,0.2,0.2,300,300,0,1,0,0.2,0,300
1235,12,300.4,300.93,3,2,141,0,1,0,0.5333,0,112.51,0,0,0,0,0,0,0.12774,0.042218,0.127,0.042796,0,2,0,0.5333,0,225.01,0,1,0,0.5333,0,112.51
1235,12,300.97,301,3,2,142,0,1,0,0.0333,0,1801.8,0,0,0,0,0,0,0,0,0,0,0,2,0,0.0333,0,3603.6,0,1,0,0.0333,0,1801.8
1235,12,303.03,303.13,10,2,143,0,1,0,0.1,0,600,0,0,0,0,0,0,0.090503,0.033356,0.090052,0.032394,0,2,0,0.1,0,1200,0,1,0,0.1,0,600
1235,12,305.8,305.93,2,2,144,0,1,0,0.1333,0,450.11,0,0,0,0,0,0,0.12555,0.046978,0.12601,0.046462,0,2,0,0.1333,0,900.23,0,1,0,0.1333,0,450.11
1235,12,305.97,306.07,2,2,145,0,1,0,0.0999,0,600.6,0,0,0,0,0,0,0.12663,0.048311,0.12663,0.048311,0,2,0,0.0999,0,1201.2,0,1,0,0.0999,0,600.6
1235,12,310.67,310.7,3,2,146,0,1,0,0.0333,0,1801.8,0,0,0,0,0,0,0,0,0,0,0,2,0,0.0333,0,3603.6,0,1,0,0.0333,0,1801.8
1235,12,310.7,310.73,16,2,147,0,1,0,0.0333,0,1801.8,0,0,0,0,0,0,0.39932,0.039151,0.39932,0.039151,0,2,0,0.0333,0,3603.6,0,1,0,0.0333,0,1801.8
1235,12,311.23,311.47,21,2,148,0,1,0,0.2333,0,257.18,0,1,0,0.2333,0,257.18,0.20576,0.040487,0.2175,0.041734,1.2858,0,0.14998,0,514.36,0,0,1,0,0.2333,0,257.18
1235,12,311.47,311.53,10,2,149,0,1,0,0.0666,0,900.9,0,1,0,0.0666,0,900.9,0.079102,0.032927,0.079102,0.032927,0,1,0,0.0666,0,900.9,0,1,0,0.0666,0,900.9
1235,12,314.3,314.33,21,2,150,0,0,0,0,0,0,1,0,0.0333,0,1801.8,0,0.10312,0,0.10312,0,1,0,0.0333,0,1801.8,0,0,1,0,0.0333,0,1801.8
1235,12,314.4,314.5,21,2,151,0,0,0,0,0,0,1,0,0.1,0,600,0,0.27815,0,0.31219,0,1,0,0.1,0,600,0,0,1,0,0.1,0,600
1235,12,314.57,314.73,21,2,152,0,0,0,0,0,0,1,0,0.1666,0,360.14,0,0.31551,0.018138,0.31527,0.018138,1,0,0.1666,0,360.14,0,0,1,0,0.1666,0,360.14
1236,12,30.5,30.6,1,1,1,1,0,0.1,0,600,0,0,0,0,0,0,0,0.09625,0.04664,0.09625,0.046553,0,1,0,0.1,0,600,0,1,0,0.1,0,600
1236,12,42.7,43.067,3,1,2,0,0.90926,0,0.33333,0,163.67,0,0,0,0,0,0,0.12257,0.047202,0.12109,0.047817,0,2,0,0.3666,0,327.33,0,1,0,0.3666,0,163.67
1236,12,43.1,43.133,3,1,3,0,1,0,0.0333,0,1801.8,0,0,0,0,0,0,0.11016,0.047137,0.11016,0.047137,0,2,0,0.0333,0,3603.6,0,1,0,0.0333,0,1801.8
1236,12,43.167,43.2,3,1,4,0,1,0,0.0333,0,1801.8,0,0,0,0,0,0,0,0,0,0,0,2,0,0.0333,0,3603.6,0,1,0,0.0333,0,1801.8
1236,12,43.367,43.6,3,1,5,0,1,0,0.2333,0,257.18,0,0,0,0,0,0,0.11031,0.036161,0.11164,0.035448,0,2,0,0.2333,0,514.36,0,1,0,0.2333,0,257.18
1236,12,43.933,44.467,3,1,6,0,0.68748,0,0.18332,0,225.01,0,0,0,0,0,0,0.099138,0.039922,0.099128,0.040274,0,1.4999,0,0.39995,0,225.01,0,1,0,0.5333,0,112.51
1236,12,45.133,45.167,3,1,7,0,1,0,0.0333,0,1801.8,0,0,0,0,0,0,0.086589,0.039633,0.086589,0.039633,0,2,0,0.0333,0,3603.6,0,1,0,0.0333,0,1801.8
1236,12,53.433,53.467,2,1,8,0,1,0,0.0333,0,1801.8,0,0,0,0,0,0,0.080156,0.040919,0.080156,0.040919,0,2,0,0.0333,0,3603.6,0,1,0,0.0333,0,1801.8
1236,12,54.3,54.533,23,1,9,0,0.71439,0,0.16667,0,257.18,0,0,0,0,0,0,0.10586,0.046517,0.10898,0.04661,0,1,0,0.2333,0,257.18,0,1,0,0.2333,0,257.18
1236,12,54.633,55.933,23,1,10,0,0.28203,0,0.36663,0,46.154,0,0,0,0,0,0,0.14582,0.047703,0.14651,0.047381,0,1,0,1.3,0,46.154,0,1,0,1.3,0,46.154
1236,12,58.733,58.8,3,1,11,1,0,0.0667,0,899.55,0,0,0,0,0,0,0,0.082402,0.033427,0.082402,0.033427,0,2,0,0.0667,0,1799.1,0,1,0,0.0667,0,899.55
1236,12,63.4,63.433,14,1,12,0,1,0,0.0333,0,1801.8,0,0,0,0,0,0,0.096094,0.043585,0.096094,0.043585,0,1,0,0.0333,0,1801.8,0,1,0,0.0333,0,1801.8
1236,12,63.967,64.033,14,1,13,0,1,0,0.0666,0,900.9,0,0,0,0,0,0,0.083828,0.041471,0.083828,0.041471,0,2,0,0.0666,0,1801.8,0,1,0,0.0666,0,900.9
1236,12,106.73,106.77,15,1,14,0,0.001001,0,3.3333e-05,0,1801.8,0,0,0,0,0,0,0.071875,0.035326,0.071875,0.035326,0,1,0,0.0333,0,1801.8,0,0.999,0,0.033267,0,1801.8
1236,12,108.6,110.33,23,1,15,0,0.98077,0,0.84998,0,69.232,0,0,0,0,0,0,0.12234,0.038591,0.1204,0.040538,0,0.71153,0,0.30832,0,138.46,0.36539,1.4615,0.63333,1.2666,34.616,69.232
1236,12,110.37,110.53,5,1,16,1,0,0.1666,0,360.14,0,0,0,0,0,0,0,0.11943,0.03248,0.12042,0.032418,0,0,0,0,0,0,1,1,0.1666,0.1666,360.14,360.14
1236,12,110.6,111.1,23,1,17,0,1,0,0.5,0,120,0,0,0,0,0,0,0.16154,0.037953,0.17191,0.035898,0,0,0,0,0,0,0,2,0,0.5,0,240
1236,12,111.5,111.67,10,1,18,0,1,0,0.1666,0,360.14,0,0,0,0,0,0,0.20286,0.050348,0.20163,0.050145,0,0,0,0,0,0,0,2,0,0.1666,0,720.29
1236,12,111.67,112.1,23,1,19,0,1,0,0.4333,0,138.47,0,0,0,0,0,0,0.15255,0.034267,0.15451,0.03338,0,0.46157,0,0.2,0,138.47,0,1.6154,0,0.23331,0,415.42
1236,12,112.53,113.13,23,1,20,0,0.72222,0,0.21667,0,200,0,0,0,0,0,0,0.12797,0.034935,0.12814,0.032978,0,1,0,0.6,0,100,0,1.1667,0,0.35,0,200
1236,12,113.17,113.23,23,1,21,0,1,0,0.0666,0,900.9,0,0,0,0,0,0,0.11967,0.058639,0.11967,0.058639,0,1,0,0.0666,0,900.9,0,1,0,0.0666,0,900.9
1236,12,118.83,118.97,23,1,22,0,1,0,0.1333,0,450.11,0,0,0,0,0,0,0.14424,0.057397,0.14395,0.057575,0,1,0,0.1333,0,450.11,0,0.99975,0,0.13327,0,450.11
1236,12,119.17,119.23,23,1,23,0,0,0,0,0,0,0,0,0,0,0,0,0.11426,0.044357,0.11426,0.044357,0,1,0,0.0666,0,900.9,0,1,0,0.0666,0,900.9
1236,12,119.47,119.5,23,1,24,0,0,0,0,0,0,0,0,0,0,0,0,0,0,0,0,0,1,0,0.0333,0,1801.8,0,1,0,0.0333,0,1801.8
1236,12,249.27,249.3,14,2,25,0,0,0,0,0,0,0,0,0,0,0,0,0,0,0,0,0,2,0,0.0333,0,3603.6,0,1,0,0.0333,0,1801.8
1236,12,249.33,249.73,10,2,26,0.74992,0,0.29997,0,150,0,0,0,0,0,0,0,0.16838,0.035235,0.16764,0.033669,1,1,0.4,0.4,150,150,0,1,0,0.4,0,150
1236,12,253.63,253.67,2,2,27,0,1,0,0.0333,0,1801.8,0,0,0,0,0,0,0.063164,0.020401,0.063164,0.020401,0,2,0,0.0333,0,3603.6,0,1,0,0.0333,0,1801.8
1236,12,253.9,254.07,23,2,28,0,1,0,0.1666,0,360.14,0,0,0,0,0,0,0.082419,0.024155,0.082279,0.024703,0,2,0,0.1666,0,720.29,0,1,0,0.1666,0,360.14
1236,12,257.37,257.43,10,2,29,1,0,0.0666,0,900.9,0,0,0,0,0,0,0,0.13096,0.040763,0.13096,0.040763,1,1,0.0666,0.0666,900.9,900.9,0,1,0,0.0666,0,900.9
1236,12,257.57,257.6,10,2,30,1,0,0.0333,0,1801.8,0,0,0,0,0,0,0,0,0,0,0,1,1,0.0333,0.0333,1801.8,1801.8,0,1,0,0.0333,0,1801.8
1236,12,269.57,269.67,14,2,31,0,0.66633,0,0.033283,0,1201.2,0,0,0,0,0,0,0.095703,0.039421,0.095703,0.039421,0,1,0,0.0999,0,600.6,0,2,0,0.0999,0,1201.2
1236,12,269.7,271.2,10,2,32,0,1,0,1.5,0,40,0,0,0,0,0,0,0.19964,0.03655,0.17656,0.035605,1.4667,0,1.1,0,80,0,0,2,0,1.5,0,80
1236,12,271.4,271.5,10,2,33,0,1,0,0.1,0,600,0,0,0,0,0,0,0.10635,0.040565,0.10784,0.039556,1,0,0.1,0,600,0,0,2,0,0.1,0,1200
1236,12,271.53,271.73,10,2,34,0,0.66667,0,0.066667,0,600,0,0,0,0,0,0,0.13538,0.044317,0.13495,0.044763,1,0,0.2,0,300,0,0,2,0,0.2,0,600
1236,12,271.8,272.17,10,2,35,0,1,0,0.3666,0,163.67,0,0,0,0,0,0,0.19912,0.061937,0.21141,0.06316,1,0,0.3666,0,163.67,0,0,2,0,0.3666,0,327.33
1236,12,272.23,272.3,23,2,36,0,1,0,0.0667,0,899.55,0,0,0,0,0,0,0.13052,0.052781,0.13052,0.052781,0,1,0,0.0667,0,899.55,0,2,0,0.0667,0,1799.1
1236,12,272.37,272.6,10,2,37,0,1,0,0.2333,0,257.18,0,0,0,0,0,0,0.20199,0.046906,0.20097,0.046014,1,0,0.2333,0,257.18,0,0,1,0,0.2333,0,257.18
1236,12,272.77,273.13,23,2,38,0.54546,0.27269,0.19997,0.099967,163.67,163.67,0,0,0,0,0,0,0.11781,0.042328,0.11621,0.042794,0,1,0,0.3666,0,163.67,0,1,0,0.3666,0,163.67
1236,12,273.33,273.67,10,2,39,0,1,0,0.3333,0,180.02,0,0,0,0,0,0,0.20862,0.047342,0.20988,0.048112,1,0,0.3333,0,180.02,0,0,1,0,0.3333,0,180.02
1236,12,273.8,274.1,10,2,40,0,0.88889,0,0.26667,0,200,0,0,0,0,0,0,0.19288,0.044393,0.20109,0.040915,1,0,0.3,0,200,0,0,1,0,0.3,0,200
1236,12,278.9,278.97,19,2,41,0,0.4995,0,0.033267,0,900.9,0,0,0,0,0,0,0.071393,0.022493,0.071393,0.022493,0,2,0,0.0666,0,1801.8,0,2,0,0.0666,0,1801.8
1236,12,279.47,279.53,23,2,42,0,1,0,0.0666,0,900.9,0,0,0,0,0,0,0.10357,0.036116,0.10357,0.036116,0,2,0,0.0666,0,1801.8,0,1,0,0.0666,0,900.9
1236,12,279.57,279.97,23,2,43,0,1,0,0.3999,0,150.04,0,0,0,0,0,0,0.12007,0.03801,0.11988,0.03843,0,1.4167,0,0.28327,0,300.08,0,1,0,0.3999,0,150.04
1236,12,280.67,280.73,10,2,44,0,1,0,0.0666,0,900.9,0,0,0,0,0,0,0.0875,0.03074,0.0875,0.03074,1,0,0.0666,0,900.9,0,0,2,0,0.0666,0,1801.8
1236,12,284.67,284.77,10,2,45,0,0.66667,0,0.0666,0,600.6,0,0,0,0,0,0,0.11075,0.036967,0.11075,0.036967,1,1,0.0999,0.0999,600.6,600.6,0,1,0,0.0999,0,600.6
1236,12,284.8,285.17,23,2,46,0,1,0,0.3666,0,163.67,0,0,0,0,0,0,0.13202,0.03868,0.13219,0.038677,0,2,0,0.3666,0,327.33,0,1,0,0.3666,0,163.67
1236,12,285.33,285.6,23,2,47,0,1,0,0.2667,0,224.97,0,0,0,0,0,0,0.12924,0.039228,0.12913,0.03885,0,2,0,0.2667,0,449.94,0,0.99988,0,0.26667,0,224.97
1236,12,285.73,285.77,23,2,48,0,1,0,0.0333,0,1801.8,0,0,0,0,0,0,0.075898,0.028499,0.075898,0.028499,0,2,0,0.0333,0,3603.6,0,1,0,0.0333,0,1801.8
1236,12,286,286.1,21,2,49,0,1,0,0.1,0,600,0,0,0,0,0,0,0.091432,0.028266,0.090703,0.028417,0,2,0,0.1,0,1200,0,1,0,0.1,0,600
1236,12,286.1,286.13,23,2,50,0,1,0,0.0333,0,1801.8,0,0,0,0,0,0,0.070313,0.023818,0.070313,0.023818,0,2,0,0.0333,0,3603.6,0,1,0,0.0333,0,1801.8
1236,12,286.57,286.6,21,2,51,0,1,0,0.0333,0,1801.8,0,0,0,0,0,0,0,0,0,0,0,2,0,0.0222,0,5405.4,0,2,0,0.0333,0,3603.6
1236,12,286.7,286.73,21,2,52,0,1,0,0.01665,0,3603.6,0,0,0,0,0,0,0.086328,0.028359,0.086328,0.028359,0,2,0,0.0333,0,3603.6,0,2,0,0.0333,0,3603.6
1236,12,288.9,289.27,15,2,53,0.45463,0,0.16667,0,163.67,0,0,0,0,0,0,0,0.25986,0.019506,0.26401,0.021038,0,2,0,0.3666,0,327.33,1,1,0.3666,0.3666,163.67,163.67
1236,12,289.5,289.67,19,2,54,0,0,0,0,0,0,0,0,0,0,0,0,0.11421,0.036052,0.10461,0.035377,1,0,0.1666,0,360.14,0,1,1,0.1666,0.1666,360.14,360.14
1236,12,289.93,289.97,19,2,55,1,0,0.0333,0,1801.8,0,0,0,0,0,0,0,0.092969,0.028565,0.092969,0.028565,0,0,0,0,0,0,1,1,0.0333,0.0333,1801.8,1801.8
1236,12,289.97,290,15,2,56,0,1,0,0.0333,0,1801.8,0,0,0,0,0,0,0,0,0,0,0,0,0,0,0,0,1,1,0.0333,0.0333,1801.8,1801.8
1236,12,290,290.03,19,2,57,1,0,0.0333,0,1801.8,0,0,0,0,0,0,0,0.08737,0.036751,0.08737,0.036751,0,0,0,0,0,0,1,1,0.0333,0.0333,1801.8,1801.8
1236,12,290.07,290.13,19,2,58,1,0,0.0666,0,900.9,0,0,0,0,0,0,0,0.072448,0.024889,0.072448,0.024889,0,0,0,0,0,0,1,1,0.0666,0.0666,900.9,900.9
1236,12,290.17,290.23,15,2,59,0,1,0,0.0666,0,900.9,0,0,0,0,0,0,0.124,0.037005,0.124,0.037005,0,0,0,0,0,0,1,1,0.0666,0.0666,900.9,900.9
1236,12,290.33,290.7,15,2,60,0,1,0,0.3667,0,163.62,0,0,0,0,0,0,0.13498,0.037021,0.14781,0.03701,0,0,0,0,0,0,1,1,0.3667,0.3667,163.62,163.62
1236,12,290.77,290.8,15,2,61,0,1,0,0.0333,0,1801.8,0,0,0,0,0,0,0,0,0,0,0,0,0,0,0,0,1,1,0.0333,0.0333,1801.8,1801.8
1236,12,290.83,290.87,19,2,62,1,0,0.0333,0,1801.8,0,0,0,0,0,0,0,0.086589,0.033773,0.086589,0.033773,0,0,0,0,0,0,1,1,0.0333,0.0333,1801.8,1801.8
1236,12,291.07,291.2,19,2,63,1,0,0.1333,0,450.11,0,0,0,0,0,0,0,0.089583,0.03008,0.08724,0.030755,0,0,0,0,0,0,0,1,0,0.1333,0,450.11
1236,12,291.47,291.57,12,2,64,0,1,0,0.0999,0,600.6,0,0,0,0,0,0,0.059733,0.023607,0.059733,0.023607,0,0,0,0,0,0,0,1,0,0.0999,0,600.6
1236,12,291.57,291.6,19,2,65,1,0,0.0333,0,1801.8,0,0,0,0,0,0,0,0,0,0,0,0,0,0,0,0,0,0,1,0,0.0333,0,1801.8
1236,12,291.6,291.93,12,2,66,0,1,0,0.16665,0,360.04,0,0,0,0,0,0,0.084311,0.02811,0.083691,0.027572,0,0,0,0,0,0,0,1,0,0.3333,0,180.02
1236,12,292,292.23,12,2,67,0,1,0,0.2333,0,257.18,0,0,0,0,0,0,0.10652,0.055517,0.10833,0.05582,0,0,0,0,0,0,0,1,0,0.2333,0,257.18
1236,12,292.27,292.43,12,2,68,0,1,0,0.1666,0,360.14,0,0,0,0,0,0,0.089554,0.048309,0.089264,0.047148,0,0,0,0,0,0,0,1,0,0.1666,0,360.14
1236,12,292.5,292.6,12,2,69,0,1,0,0.1,0,600,0,0,0,0,0,0,0.086372,0.035451,0.086914,0.033521,0,0,0,0,0,0,0,1,0,0.1,0,600
1236,12,292.6,292.63,5,2,70,0,1,0,0.0333,0,1801.8,0,0,0,0,0,0,0.14051,0.040664,0.14051,0.040664,0,0,0,0,0,0,0,1,0,0.0333,0,1801.8
1236,12,292.63,292.87,12,2,71,0,1,0,0.2333,0,257.18,0,0,0,0,0,0,0.080523,0.034565,0.081745,0.03487,0,0,0,0,0,0,0,1,0,0.2333,0,257.18
1236,12,293.9,293.93,21,2,72,0,1,0,0.0333,0,1801.8,0,0,0,0,0,0,0.070182,0.023546,0.070182,0.023546,0,0,0,0,0,0,0,1,0,0.0333,0,1801.8
1236,12,294.13,294.27,21,2,73,0,1,0,0.1333,0,450.11,0,0,0,0,0,0,0.074092,0.029842,0.074577,0.029767,0,0,0,0,0,0,0,1.2496,0,0.083283,0,900.23
1236,12,294.3,294.6,15,2,74,1,0,0.3,0,200,0,0,0,0,0,0,0,0.13125,0.030972,0.13152,0.031302,0,0,0,0,0,0,1,1,0.3,0.3,200,200
1236,12,294.83,294.97,21,2,75,0,1,0,0.1333,0,450.11,0,0,0,0,0,0,0.088688,0.028502,0.087565,0.027956,0,0,0,0,0,0,0,2,0,0.1333,0,900.23
1236,12,295.1,295.13,21,2,76,0,1,0,0.0333,0,1801.8,0,0,0,0,0,0,0.073672,0.026787,0.073672,0.026787,0,0,0,0,0,0,0,2,0,0.0333,0,3603.6
1236,12,295.13,295.17,15,2,77,1,0,0.0333,0,1801.8,0,0,0,0,0,0,0,0.19195,0.032418,0.19195,0.032418,0,0,0,0,0,0,1,1,0.0333,0.0333,1801.8,1801.8
1236,12,295.17,295.27,21,2,78,0,1,0,0.0999,0,600.6,0,0,0,0,0,0,0.074753,0.028855,0.074753,0.028855,0,0,0,0,0,0,0,2,0,0.0999,0,1201.2
1236,12,295.33,295.43,21,2,79,0,1,0,0.1,0,600,0,0,0,0,0,0,0.071523,0.029042,0.072005,0.028276,0,0,0,0,0,0,0,2,0,0.1,0,1200
1236,12,295.7,295.77,15,2,80,1,0,0.0666,0,900.9,0,0,0,0,0,0,0,0.14133,0.025882,0.14133,0.025882,0,0,0,0,0,0,1,1,0.0666,0.0666,900.9,900.9
1236,12,296.13,296.33,19,2,81,0,1,0,0.2,0,300,0,0,0,0,0,0,0.06612,0.018822,0.066517,0.018743,0,0,0,0,0,0,1,1,0.2,0.2,300,300
1236,12,296.33,296.37,4,2,82,0,1,0,0.0333,0,1801.8,0,0,0,0,0,0,0.21621,0.053161,0.21621,0.053161,0,0,0,0,0,0,0,2,0,0.0333,0,3603.6
1236,12,296.43,296.47,15,2,83,1,0,0.0333,0,1801.8,0,0,0,0,0,0,0,0.11852,0.036194,0.11852,0.036194,0,0,0,0,0,0,1,1,0.0333,0.0333,1801.8,1801.8
1236,12,296.47,296.5,19,2,84,0,1,0,0.0333,0,1801.8,0,0,0,0,0,0,0,0,0,0,0,0,0,0,0,0,1,1,0.0333,0.0333,1801.8,1801.8
1236,12,296.57,296.63,19,2,85,0,1,0,0.0666,0,900.9,0,0,0,0,0,0,0.064583,0.03043,0.064583,0.03043,0,0,0,0,0,0,0,1,0,0.0666,0,900.9
1236,12,296.7,297.43,19,2,86,0,1,0,0.7333,0,81.822,0,0,0,0,0,0,0.066073,0.028349,0.064062,0.030573,0,0,0,0,0,0,0.13637,1,0.1,0.7333,81.822,81.822
1236,12,297.9,298.07,23,2,87,0,1,0,0.1666,0,360.14,0,0,0,0,0,0,0.17211,0.048235,0.17362,0.048458,0,0,0,0,0,0,0,1,0,0.1666,0,360.14
1236,12,298.27,298.6,23,2,88,0,0.89999,0,0.14998,0,360.04,0,0,0,0,0,0,0.14968,0.035481,0.1449,0.035409,0,0.90009,0,0.3,0,180.02,0,1,0,0.3333,0,180.02
1236,12,298.83,299.03,23,2,89,0,1,0,0.2,0,300,0,0,0,0,0,0,0.16886,0.041101,0.16966,0.040462,0,1,0,0.2,0,300,0,1,0,0.2,0,300
1236,12,299.17,299.47,23,2,90,0,1,0,0.2999,0,200.07,0,0,0,0,0,0,0.11557,0.037757,0.10188,0.03713,0,0.22219,0,0.066633,0,200.07,0,1,0,0.2999,0,200.07
1236,12,311.77,313.37,23,2,91,0,0.75003,0,1.2,0,37.502,0,0,0,0,0,0,0.14532,0.042156,0.14221,0.040924,0,1,0,1.5999,0,37.502,0,1.8751,0,1.4999,0,75.005
1236,12,313.83,313.9,23,2,92,0,1,0,0.0667,0,899.55,0,0,0,0,0,0,0.1725,0.046796,0.1725,0.046796,0,1,0,0.0667,0,899.55,0,0.9995,0,0.066667,0,899.55
1236,12,313.93,313.97,23,2,93,0,1,0,0.0333,0,1801.8,0,0,0,0,0,0,0.15539,0.044605,0.15539,0.044605,0,1,0,0.0333,0,1801.8,0,1,0,0.0333,0,1801.8
1236,12,314.07,314.13,2,2,94,1,0,0.0666,0,900.9,0,0,0,0,0,0,0,0.14792,0.033267,0.14792,0.033267,1,0,0.0666,0,900.9,0,0,1,0,0.0666,0,900.9
1236,12,315.1,315.17,21,2,95,0,1,0,0.0666,0,900.9,0,0,0,0,0,0,0.18155,0.028066,0.18155,0.028066,0,1.5005,0,0.049967,0,1801.8,0,1,0,0.0666,0,900.9
1236,12,315.27,315.3,12,2,96,0,1,0,0.0333,0,1801.8,0,0,0,0,0,0,0,0,0,0,0,2,0,0.0333,0,3603.6,0,1,0,0.0333,0,1801.8
1236,12,315.33,315.37,21,2,97,0,1,0,0.0333,0,1801.8,0,0,0,0,0,0,0.14443,0.035785,0.14443,0.035785,0,2,0,0.0333,0,3603.6,0,1,0,0.0333,0,1801.8
1236,12,315.37,315.4,2,2,98,1,0,0.0333,0,1801.8,0,0,0,0,0,0,0,0,0,0,0,2,0,0.0333,0,3603.6,0,0,1,0,0.0333,0,1801.8
1236,12,315.47,315.97,2,2,99,1,0,0.4999,0,120.02,0,0,0,0,0,0,0,0.17499,0.038054,0.17902,0.03814,2,0,0.4999,0,240.05,0,0,1,0,0.4999,0,120.02
1236,12,322.9,323.1,15,2,100,0,0,0,0,0,0,0,0,0,0,0,0,0.28339,0,0.28679,0,0,1,0,0.2,0,300,0,1,0,0.2,0,300
1236,12,323.13,323.5,15,2,101,0,0,0,0,0,0,0,0,0,0,0,0,0.34047,0,0.32913,0,0,1,0,0.3667,0,163.62,0,1,0,0.3667,0,163.62
1236,12,323.57,323.63,21,2,102,0,0,0,0,0,0,0,0,0,0,0,0,0.23004,0,0.23004,0,0,1,0,0.0666,0,900.9,0,1,0,0.0666,0,900.9
1236,12,323.63,323.73,15,2,103,0,0,0,0,0,0,0,0,0,0,0,0,0.31464,0.17106,0.29883,0.22969,0,1,0,0.1,0,600,0,1,0,0.1,0,600
1236,12,323.77,323.8,15,2,104,0,0,0,0,0,0,0,0,0,0,0,0,0,0,0,0,0,1,0,0.0333,0,1801.8,0,1,0,0.0333,0,1801.8
1236,12,323.8,323.87,21,2,105,0,0,0,0,0,0,0,0,0,0,0,0,0.21994,0.028659,0.21994,0.028659,0,1,0,0.0666,0,900.9,0,1,0,0.0666,0,900.9
1236,12,323.93,323.97,21,2,106,0,0,0,0,0,0,0,0,0,0,0,0,0.22932,0,0.22932,0,0,1,0,0.0333,0,1801.8,0,1,0,0.0333,0,1801.8
1236,12,323.97,324,15,2,107,0,0,0,0,0,0,0,0,0,0,0,0,0,0,0,0,0,1,0,0.0333,0,1801.8,0,1,0,0.0333,0,1801.8
1236,12,324,324.03,21,2,108,0,0,0,0,0,0,0,0,0,0,0,0,0.26563,0,0.26563,0,0,1,0,0.0333,0,1801.8,0,1,0,0.0333,0,1801.8
1236,12,324.1,324.13,21,2,109,0,0,0,0,0,0,0,0,0,0,0,0,0.21297,0.089714,0.21297,0.089714,0,1,0,0.0333,0,1801.8,0,1,0,0.0333,0,1801.8
1236,12,324.13,324.17,15,2,110,0,0,0,0,0,0,0,0,0,0,0,0,0.28301,0.16641,0.28301,0.16641,0,1,0,0.0333,0,1801.8,0,1,0,0.0333,0,1801.8
1236,12,324.17,324.2,21,2,111,0,0,0,0,0,0,0,0,0,0,0,0,0,0,0,0,0,1,0,0.0333,0,1801.8,0,1,0,0.0333,0,1801.8
1236,12,324.2,324.23,15,2,112,0,0,0,0,0,0,0,0,0,0,0,0,0.28706,0.19974,0.28706,0.19974,0,1,0,0.0333,0,1801.8,0,1,0,0.0333,0,1801.8
1236,12,324.5,324.53,14,2,113,0,1,0,0.0333,0,1801.8,0,0,0,0,0,0,0.67031,0.014453,0.67031,0.014453,0,0,0,0,0,0,0,1,0,0.0333,0,1801.8
1236,12,326.1,326.13,22,2,114,0,1,0,0.0333,0,1801.8,0,0,0,0,0,0,0.16156,0.02813,0.16156,0.02813,0,0,0,0,0,0,0,2,0,0.0333,0,3603.6
1236,12,330.67,330.87,21,2,115,0,1,0,0.1999,0,300.15,0,0,0,0,0,0,0.27938,0.032322,0.27492,0.032331,1,0,0.1999,0,300.15,0,0,2,0,0.1999,0,600.3
1236,12,332.9,332.93,20,2,116,0,1,0,0.0333,0,1801.8,0,0,0,0,0,0,0.10414,0.023349,0.10414,0.023349,0,1,0,0.0333,0,1801.8,0,2,0,0.0333,0,3603.6
1236,12,333.2,333.23,20,2,117,0,1,0,0.0333,0,1801.8,0,0,0,0,0,0,0.11953,0.021378,0.11953,0.021378,0,1,0,0.0333,0,1801.8,0,2,0,0.0333,0,3603.6
1236,12,334.87,334.9,20,2,118,0,1,0,0.0333,0,1801.8,0,0,0,0,0,0,0,0,0,0,0,1,0,0.0333,0,1801.8,0,1,0,0.0333,0,1801.8
1236,12,335.07,335.1,20,2,119,0,1,0,0.0333,0,1801.8,0,0,0,0,0,0,0,0,0,0,0,1,0,0.0333,0,1801.8,0,1,0,0.0333,0,1801.8
1236,12,347.7,347.77,20,2,120,0,1,0,0.0666,0,900.9,0,0,0,0,0,0,0.064186,0.026083,0.064186,0.026083,0,2,0,0.0666,0,1801.8,0,1,0,0.0666,0,900.9
1236,12,348.8,348.87,20,2,121,0,1,0,0.0666,0,900.9,0,0,0,0,0,0,0.057129,0.021592,0.057129,0.021592,0,2,0,0.0666,0,1801.8,0,1,0,0.0666,0,900.9
1236,12,354.23,354.27,20,2,122,0,1,0,0.0333,0,1801.8,0,0,0,0,0,0,0.056602,0.022396,0.056602,0.022396,0,2,0,0.0333,0,3603.6,0,1,0,0.0333,0,1801.8
1236,12,354.67,354.7,12,2,123,0,1,0,0.0333,0,1801.8,0,0,0,0,0,0,0,0,0,0,0,2,0,0.0333,0,3603.6,0,1,0,0.0333,0,1801.8
1236,12,354.73,354.77,13,2,124,0,1,0,0.0333,0,1801.8,0,0,0,0,0,0,0.069727,0.032033,0.069727,0.032033,2,0,0.0333,0,3603.6,0,0,1,0,0.0333,0,1801.8
1236,12,355.03,355.1,20,2,125,0,1,0,0.0667,0,899.55,0,0,0,0,0,0,0.063952,0.026343,0.063952,0.026343,0,1,0,0.0667,0,899.55,0,1,0,0.0667,0,899.55
1236,12,355.8,355.87,3,2,126,0,1,0,0.0666,0,900.9,0,0,0,0,0,0,0.085586,0.03877,0.085586,0.03877,0,1,0,0.0666,0,900.9,0,1,0,0.0666,0,900.9
1236,12,355.9,355.97,3,2,127,0,1,0,0.0666,0,900.9,0,0,0,0,0,0,0.097754,0.047334,0.097754,0.047334,0,1,0,0.0666,0,900.9,0,1,0,0.0666,0,900.9
1236,12,356.07,356.5,3,2,128,0,1,0,0.4333,0,138.47,0,0,0,0,0,0,0.11338,0.048411,0.11509,0.047651,0,1.5385,0,0.33332,0,276.94,0,1.6924,0,0.36665,0,276.94
1236,12,356.57,356.8,6,2,129,0,1,0,0.2333,0,257.18,0,0,0,0,0,0,0.13792,0.060802,0.13615,0.060718,0,2,0,0.2333,0,514.36,0,1,0,0.2333,0,257.18
1236,12,356.83,356.97,6,2,130,0,1,0,0.1333,0,450.11,0,0,0,0,0,0,0.13007,0.056121,0.13008,0.055771,0,2,0,0.1333,0,900.23,0,1,0,0.1333,0,450.11
1236,12,357.03,357.13,6,2,131,0,1,0,0.1,0,600,0,0,0,0,0,0,0.12304,0.051039,0.12284,0.052979,0,2,0,0.1,0,1200,0,1,0,0.1,0,600
1236,12,357.57,357.6,13,2,132,0,1,0,0.0333,0,1801.8,0,0,0,0,0,0,0,0,0,0,1,1,0.0333,0.0333,1801.8,1801.8,0,1,0,0.0333,0,1801.8
1236,12,358.27,358.37,23,2,133,0,1,0,0.0999,0,600.6,0,0,0,0,0,0,0.11918,0.04268,0.11918,0.04268,0,2,0,0.0999,0,1201.2,0,1,0,0.0999,0,600.6
1236,12,376.73,376.87,13,2,134,0,0,0,0,0,0,0,0,0,0,0,0,0.08097,0.034046,0.081133,0.03451,0.25031,0,0.033367,0,450.11,0,1,1,0.1333,0.1333,450.11,450.11
1236,12,377.07,377.1,13,2,135,0,0,0,0,0,0,0,0,0,0,0,0,0,0,0,0,0,0,0,0,0,0,0,1,0,0.0333,0,1801.8
1236,12,377.7,377.73,2,2,136,0,0,0,0,0,0,0,0,0,0,0,0,0.13526,0.037237,0.13526,0.037237,0,0,0,0,0,0,1,1,0.0333,0.0333,1801.8,1801.8
1236,12,377.73,377.8,13,2,137,0,0,0,0,0,0,0,0,0,0,0,0,0.12376,0.036443,0.12376,0.036443,0,0,0,0,0,0,1,1,0.0667,0.0667,899.55,899.55
1236,12,377.8,377.87,2,2,138,0,0,0,0,0,0,0,0,0,0,0,0,0.15742,0.041978,0.15742,0.041978,0,0,0,0,0,0,1,1,0.0666,0.0666,900.9,900.9
1236,12,377.87,377.9,13,2,139,0,0,0,0,0,0,0,0,0,0,0,0,0,0,0,0,0,0,0,0,0,0,1,1,0.0333,0.0333,1801.8,1801.8
1236,12,377.93,378,13,2,140,0,0,0,0,0,0,0,0,0,0,0,0,0.11504,0.038248,0.11504,0.038248,0,0,0,0,0,0,1,1,0.0667,0.0667,899.55,899.55
1236,12,378.37,378.47,20,2,141,0,0,0,0,0,0,0,0,0,0,0,0,0.088763,0.035582,0.088763,0.035582,0,0,0,0,0,0,0,2,0,0.0999,0,1201.2
1236,12,378.53,378.57,20,2,142,0,0,0,0,0,0,0,0,0,0,0,0,0.078802,0.03275,0.078802,0.03275,0,0,0,0,0,0,0,2,0,0.0333,0,3603.6
1236,12,379.4,379.43,2,2,143,0,0,0,0,0,0,0,0,0,0,0,0,0.075156,0.028368,0.075156,0.028368,0,0,0,0,0,0,1,1,0.0333,0.0333,1801.8,1801.8
1236,12,379.67,379.9,21,2,144,0,0,0,0,0,0,0,0,0,0,0,0,0.061671,0,0.062266,0,0,0,0,0,0,0,0,1,0,0.2333,0,257.18
1236,12,381.2,381.23,19,2,145,0,0,0,0,0,0,0,0,0,0,0,0,0.062227,0.031966,0.062227,0.031966,0,0,0,0,0,0,0,2,0,0.0333,0,3603.6
1236,12,381.53,381.57,19,2,146,0,0,0,0,0,0,0,0,0,0,0,0,0.09401,0.027064,0.09401,0.027064,0,0,0,0,0,0,0,2,0,0.0333,0,3603.6
1236,12,381.57,381.97,15,2,147,0,0,0,0,0,0,0,0,0,0,0,0,0.13466,0.063111,0.13503,0.06681,0,0,0,0,0,0,0,2,0,0.3999,0,300.08
1236,12,382.1,382.17,19,2,148,0,0,0,0,0,0,0,0,0,0,0,0,0.1071,0.04957,0.1071,0.04957,0,0,0,0,0,0,0,2,0,0.0666,0,1801.8
1236,12,382.17,382.2,15,2,149,0,0,0,0,0,0,0,0,0,0,0,0,0,0,0,0,0,0,0,0,0,0,0,2,0,0.0333,0,3603.6
1236,12,382.23,382.27,19,2,150,0,0,0,0,0,0,0,0,0,0,0,0,0.10871,0.036719,0.10871,0.036719,0,0,0,0,0,0,0,2,0,0.0333,0,3603.6
1236,12,382.4,382.43,17,2,151,0,0,0,0,0,0,0,0,0,0,0,0,0.098112,0.04704,0.098112,0.04704,0,0,0,0,0,0,0,2,0,0.0333,0,3603.6
1236,12,382.57,382.63,19,2,152,0,0,0,0,0,0,0,0,0,0,0,0,0.074518,0.027194,0.074518,0.027194,0,0,0,0,0,0,0,2,0,0.0666,0,1801.8
1236,12,382.8,382.83,19,2,153,0,0,0,0,0,0,0,0,0,0,0,0,0.059922,0.026289,0.059922,0.026289,0,0,0,0,0,0,0,2,0,0.0333,0,3603.6
1236,12,382.93,382.97,19,2,154,0,0,0,0,0,0,0,0,0,0,0,0,0.053125,0.022305,0.053125,0.022305,0,0,0,0,0,0,0,2,0,0.0333,0,3603.6
1236,12,383.83,383.87,2,2,155,0,0,0,0,0,0,0,0,0,0,0,0,0.062865,0.028649,0.062865,0.028649,0,0,0,0,0,0,0,1,0,0.0333,0,1801.8
1236,12,384.6,384.67,19,2,156,0,0,0,0,0,0,0,0,0,0,0,0,0.051829,0,0.051829,0,0,0,0,0,0,0,0,2,0,0.0666,0,1801.8
1236,12,384.97,385.27,21,2,157,0,0,0,0,0,0,0,0,0,0,0,0,0.0648,0.016583,0.065104,0.01793,0,0,0,0,0,0,0,1.2222,0,0.18327,0,400.13
1236,12,387.5,387.53,19,2,158,0,0,0,0,0,0,0,0,0,0,0,0,0.057396,0.0092839,0.057396,0.0092839,0,0,0,0,0,0,1,1,0.0333,0.0333,1801.8,1801.8
1236,12,387.57,387.6,19,2,159,0,0,0,0,0,0,0,0,0,0,0,0,0,0,0,0,0,0,0,0,0,0,1,1,0.0333,0.0333,1801.8,1801.8
1236,12,387.97,388.1,21,2,160,1,0,0.1333,0,450.11,0,0,0,0,0,0,0,0.19162,0,0.20573,0,0,0,0,0,0,0,1,1,0.1333,0.1333,450.11,450.11
1236,12,388.17,388.2,19,2,161,0,1,0,0.0333,0,1801.8,0,0,0,0,0,0,0,0,0,0,0,0,0,0,0,0,1,1,0.0333,0.0333,1801.8,1801.8
1236,12,388.2,388.3,21,2,162,1,0,0.1,0,600,0,0,0,0,0,0,0,0.43167,0.047457,0.42027,0.052422,0,0,0,0,0,0,1,1,0.1,0.1,600,600
1236,12,388.5,388.63,21,2,163,1,0,0.1333,0,450.11,0,0,0,0,0,0,0,0.30713,0.053207,0.30383,0.053125,0,0,0,0,0,0,1,1,0.1333,0.1333,450.11,450.11
1236,12,388.7,388.73,19,2,164,0,1,0,0.0333,0,1801.8,0,0,0,0,0,0,0.051667,0.0095964,0.051667,0.0095964,0,0,0,0,0,0,1,1,0.0333,0.0333,1801.8,1801.8
1236,12,388.73,388.93,21,2,165,1,0,0.2,0,300,0,0,0,0,0,0,0,0.37445,0.034629,0.36958,0.035967,0,0,0,0,0,0,1,1,0.2,0.2,300,300
1236,12,389,389.03,21,2,166,1,0,0.0333,0,1801.8,0,0,0,0,0,0,0,0.30879,0.043633,0.30879,0.043633,0,0,0,0,0,0,1,1,0.0333,0.0333,1801.8,1801.8
1236,12,389.1,389.2,21,2,167,1,0,0.1,0,600,0,0,0,0,0,0,0,0.28145,0.03895,0.27271,0.040408,0,0,0,0,0,0,1,1,0.1,0.1,600,600
1236,12,389.27,389.33,2,2,168,0,1,0,0.0666,0,900.9,0,0,0,0,0,0,0.067891,0.033138,0.067891,0.033138,0,0,0,0,0,0,0,2,0,0.0666,0,1801.8
1236,12,389.37,389.4,2,2,169,0,1,0,0.0333,0,1801.8,0,0,0,0,0,0,0,0,0,0,0,0,0,0,0,0,0,1,0,0.0333,0,1801.8
1237,12,31.5,31.533,2,1,1,0,1,0,0.0333,0,1801.8,0,1,0,0.0333,0,1801.8,0.10391,0.043776,0.10391,0.043776,0,2,0,0.0333,0,3603.6,0,1,0,0.0333,0,1801.8
1237,12,31.7,32.033,2,1,2,0,1,0,0.3333,0,180.02,0,0.89999,0,0.14998,0,360.04,0.13811,0.052662,0.14152,0.051702,0,2,0,0.3333,0,360.04,0,1,0,0.3333,0,180.02
1237,12,32.1,32.3,2,1,3,0,1,0,0.2,0,300,0,1,0,0.2,0,300,0.13792,0.062267,0.13937,0.062198,0,2,0,0.2,0,600,0,1,0,0.1,0,600
1237,12,32.633,33,2,1,4,0,1,0,0.3667,0,163.62,0,1,0,0.3667,0,163.62,0.12142,0.058468,0.12129,0.056027,0,2,0,0.3667,0,327.24,0,1,0,0.3667,0,163.62
1237,12,33.133,33.233,2,1,5,0,1,0,0.1,0,600,0,1,0,0.1,0,600,0.13826,0.058094,0.13776,0.058806,0,2,0,0.1,0,1200,0,1.333,0,0.06665,0,1200
1237,12,33.467,33.667,10,1,6,0,1,0,0.1999,0,300.15,0,1,0,0.1999,0,300.15,0.1197,0.047909,0.12362,0.04782,0,2,0,0.1999,0,600.3,0,2,0,0.1999,0,600.3
1237,12,37.3,37.333,2,1,7,0,1,0,0.0333,0,1801.8,0,0,0,0,0,0,0.11138,0.05352,0.11138,0.05352,0,2,0,0.0333,0,3603.6,0,1,0,0.0333,0,1801.8
1237,12,38.367,38.5,2,1,8,0,0.24981,0,0.0333,0,450.11,0,0,0,0,0,0,0.12182,0.050845,0.12109,0.049981,0,2,0,0.1333,0,900.23,0,1,0,0.1333,0,450.11
1237,12,39.433,39.467,2,1,9,0,0.999,0,0.033267,0,1801.8,0,0,0,0,0,0,0.11573,0.054878,0.11573,0.054878,0,2,0,0.0333,0,3603.6,0,1,0,0.0333,0,1801.8
1237,12,39.567,39.867,10,1,10,0,1,0,0.2999,0,200.07,0,0.77781,0,0.23327,0,200.07,0.15063,0.051634,0.14901,0.050195,0,2,0,0.2999,0,400.13,0,1,0,0.2999,0,200.07
1237,12,39.933,40.033,10,1,11,0,0.00033333,0,3.3333e-05,0,600,0,1,0,0.1,0,600,0.14605,0.053781,0.1472,0.053941,0,2,0,0.1,0,1200,0,1,0,0.1,0,600
1237,12,40.367,40.567,7,1,12,0,1,0,0.1999,0,300.15,0,1,0,0.1999,0,300.15,0.078961,0.030184,0.078164,0.030316,0,2,0,0.1999,0,600.3,0,2,0,0.1999,0,600.3
1237,12,41.2,41.267,21,1,13,0,1,0,0.0666,0,900.9,0,0.4995,0,0.033267,0,900.9,0.11275,0.056095,0.11275,0.056095,0,1,0,0.0666,0,900.9,0,1,0,0.0666,0,900.9
1237,12,41.467,41.633,13,1,14,0,1,0,0.1666,0,360.14,1,0,0.1666,0,360.14,0,0.14059,0.053643,0.1407,0.053578,1,0,0.1666,0,360.14,0,0,1.1999,0,0.09995,0,720.29
1237,12,43.3,43.533,21,1,15,0,0.85712,0,0.19997,0,257.18,0,0.42863,0,0.1,0,257.18,0.13122,0.059011,0.13375,0.059574,0,1,0,0.2333,0,257.18,0,1,0,0.2333,0,257.18
1237,12,44.2,44.467,20,1,16,0,0.74994,0,0.19993,0,225.06,0,1,0,0.2666,0,225.06,0.19878,0.061452,0.20326,0.061767,0,1,0,0.2666,0,225.06,0,1,0,0.2666,0,225.06
1237,12,57.167,59.2,21,1,17,0.96721,0,1.9666,0,29.509,0,0.32786,0,0.33332,0,59.017,0,0.254,0.037128,0.25247,0.038498,1.7213,0,1.75,0,59.017,0,0,1,0,2.0333,0,29.509
1237,12,65.633,66.7,21,1,18,0,0.71873,0,0.76667,0,56.248,0,0.78123,0,0.41667,0,112.5,0.29448,0.034659,0.26875,0.034929,1,0,1.0667,0,56.248,0,0,1.2812,0,0.68335,0,112.5
1237,12,67.6,67.667,21,1,19,0,1,0,0.0666,0,900.9,0,1,0,0.0666,0,900.9,0.12574,0.03004,0.12574,0.03004,1,0,0.0666,0,900.9,0,0,1,0,0.0666,0,900.9
1237,12,69.933,69.967,2,1,20,0,0,0,0,0,0,0,1,0,0.0333,0,1801.8,0.076992,0.033967,0.076992,0.033967,0,1,0,0.0333,0,1801.8,0,1,0,0.0333,0,1801.8
1237,12,71.3,71.333,2,1,21,0,1,0,0.0333,0,1801.8,0,1,0,0.0333,0,1801.8,0.11198,0.052818,0.11198,0.052818,0,1,0,0.0333,0,1801.8,0,1,0,0.0333,0,1801.8
1237,12,73.067,73.367,2,1,22,0,1,0,0.2999,0,200.07,0,1,0,0.2999,0,200.07,0.12498,0.052711,0.12441,0.052475,0,1,0,0.2999,0,200.07,0,1,0,0.2999,0,200.07
1237,12,73.8,73.833,2,1,23,0,1,0,0.0333,0,1801.8,0,1,0,0.0333,0,1801.8,0.12656,0.069664,0.12656,0.069664,0,1,0,0.0333,0,1801.8,0,1,0,0.0333,0,1801.8
1237,12,77.167,77.567,12,1,24,0,1,0,0.3999,0,150.04,0,1,0,0.3999,0,150.04,0.19376,0.10325,0.19422,0.10154,0,1,0,0.3999,0,150.04,0,1,0,0.3999,0,150.04
1237,12,78,79.033,12,1,25,0.83874,0,0.86667,0,58.066,0,0,0.96774,0,0.49998,0,116.13,0.20713,0.075787,0.20089,0.077407,0,1,0,1.0333,0,58.066,0,1.742,0,0.89998,0,116.13
1237,12,79.5,79.633,20,1,26,0,1,0,0.1333,0,450.11,0,1,0,0.1333,0,450.11,0.11853,0.050337,0.11947,0.050198,0,1,0,0.1333,0,450.11,0,1,0,0.1333,0,450.11
1237,12,79.7,79.767,20,1,27,0,1,0,0.0666,0,900.9,0,1,0,0.0666,0,900.9,0.11984,0.059145,0.11984,0.059145,0,1,0,0.0666,0,900.9,0,1,0,0.0666,0,900.9
1237,12,80.6,81.3,9,1,28,1,0,0.7,0,85.714,0,1,0,0.7,0,85.714,0,0.13785,0.038839,0.13414,0.039091,0,1,0,0.7,0,85.714,1,1,0.7,0.7,85.714,85.714
1237,12,88.533,88.567,20,1,29,0,1,0,0.0333,0,1801.8,0,1,0,0.0333,0,1801.8,0.14238,0.065548,0.14238,0.065548,0,2,0,0.0333,0,3603.6,0,0.999,0,0.033267,0,1801.8
1237,12,88.667,88.967,20,1,30,0,1,0,0.2999,0,200.07,0,1,0,0.2999,0,200.07,0.13631,0.064286,0.13667,0.064855,0,1,0,0.2999,0,200.07,0,1,0,0.2999,0,200.07
1237,12,89.8,90.067,23,1,31,0,1,0,0.2666,0,225.06,0,1,0,0.2666,0,225.06,0.14434,0.053668,0.14274,0.053375,0,1,0,0.2666,0,225.06,0,1,0,0.2666,0,225.06
1237,12,90.267,90.567,23,1,32,0,1,0,0.2999,0,200.07,0,0,0,0,0,0,0.13523,0.048547,0.13716,0.048181,0,1,0,0.2999,0,200.07,0,1,0,0.2999,0,200.07
1237,12,91.733,91.833,23,1,33,0,0,0,0,0,0,0,0,0,0,0,0,0.093177,0.033232,0.091237,0.033396,0,1,0,0.1,0,600,0,1,0,0.1,0,600
1237,12,91.967,94.1,21,1,34,0.37501,0,0.8,0,28.125,0,0,0,0,0,0,0,0.17243,0.031098,0.10786,0.02992,1,0,2.1333,0,28.125,0,0,1,0,2.1333,0,28.125
1237,12,94.133,94.267,20,1,35,0,0.74969,0,0.099933,0,450.11,0,0,0,0,0,0,0.12532,0.051008,0.12604,0.050094,0,1,0,0.1333,0,450.11,0,1,0,0.1333,0,450.11
1237,12,94.7,94.867,2,1,36,0,1,0,0.1666,0,360.14,0,1,0,0.1666,0,360.14,0.091003,0.040736,0.091862,0.040873,0,1,0,0.1666,0,360.14,0,1,0,0.1666,0,360.14
1237,12,96.733,97.4,21,1,37,0,0.84996,0,0.28333,0,179.99,0.79996,0,0.53333,0,89.996,0,0.24456,0.047577,0.24617,0.046842,1,0,0.6667,0,89.996,0,0,1,0,0.6667,0,89.996
1237,12,103.47,103.5,23,1,38,0,0,0,0,0,0,0,0,0,0,0,0,0,0,0,0,0,1,0,0.0333,0,1801.8,0,1,0,0.0333,0,1801.8
1237,12,106.93,106.97,21,1,39,0,0,0,0,0,0,0,0,0,0,0,0,0.25882,0.08363,0.25882,0.08363,1,0,0.0333,0,1801.8,0,0,1,0,0.0333,0,1801.8
1237,12,112.5,112.73,6,1,40,0,1,0,0.2333,0,257.18,0,0,0,0,0,0,0.07662,0.035965,0.076992,0.037509,0,1,0,0.2333,0,257.18,0,1,0,0.2333,0,257.18
1237,12,114.07,114.13,8,1,41,0,1,0,0.0666,0,900.9,0,1,0,0.0666,0,900.9,0.089232,0.039264,0.089232,0.039264,0,1,0,0.0666,0,900.9,0,1,0,0.0666,0,900.9
1237,12,114.63,114.87,12,1,42,0,1,0,0.2333,0,257.18,0,1,0,0.2333,0,257.18,0.11201,0.055738,0.11638,0.060703,0,1,0,0.2333,0,257.18,0,1,0,0.2333,0,257.18
1237,12,115.27,115.4,20,1,43,0,0,0,0,0,0,0,1,0,0.1333,0,450.11,0.14878,0.058972,0.14781,0.059216,0,1,0,0.1333,0,450.11,0,1,0,0.1333,0,450.11
1237,12,115.47,115.67,12,1,44,0,0,0,0,0,0,0,1,0,0.1999,0,300.15,0.14338,0.059764,0.14443,0.059987,0,1,0,0.1999,0,300.15,0,1,0,0.1999,0,300.15
1237,12,116.1,116.33,20,1,45,0,0,0,0,0,0,0,1,0,0.2333,0,257.18,0.14927,0.066404,0.15055,0.065731,0,1,0,0.2333,0,257.18,0,1,0,0.11665,0,514.36
1237,12,116.43,117.27,20,1,46,0,0,0,0,0,0,0,1,0,0.8333,0,72.003,0.15776,0.053315,0.15913,0.050864,0,1,0,0.8333,0,72.003,0,0.99996,0,0.83327,0,72.003
1237,12,117.37,117.47,2,1,47,0,1,0,0.0999,0,600.6,0,1,0,0.0999,0,600.6,0.088275,0.045954,0.088275,0.045954,0,1,0,0.0999,0,600.6,0,2,0,0.0999,0,1201.2
1237,12,119.9,119.93,24,1,48,0,1,0,0.0333,0,1801.8,0,1,0,0.0333,0,1801.8,0.1368,0.035587,0.1368,0.035587,0,1,0,0.0333,0,1801.8,0,1,0,0.0333,0,1801.8
1237,12,120.9,122.07,20,1,49,0.28573,0.45717,0.33333,0.53333,51.432,51.432,0.22853,0.48574,0.1333,0.56667,102.86,51.432,0.14618,0.049895,0.14693,0.050467,0,1,0,1.1666,0,51.432,0,1,0,1.1666,0,51.432
1237,12,124.37,124.47,20,1,50,0,0,0,0,0,0,0,0,0,0,0,0,0.1388,0.052615,0.1388,0.052615,0,1,0,0.0999,0,600.6,0,1,0,0.0999,0,600.6
1237,12,124.57,124.73,23,1,51,0,0,0,0,0,0,0,1,0,0.1666,0,360.14,0.1292,0.054339,0.13039,0.054392,0,1,0,0.1666,0,360.14,0,1,0,0.1666,0,360.14
1237,12,125,125.07,23,1,52,0,0,0,0,0,0,0,1,0,0.0666,0,900.9,0.14964,0.048327,0.14964,0.048327,0,1,0,0.0666,0,900.9,0,1,0,0.0666,0,900.9
1237,12,125.5,125.7,2,1,53,0,0,0,0,0,0,0,1,0,0.2,0,300,0.10444,0.04301,0.10555,0.043342,0,1,0,0.2,0,300,0,1.3333,0,0.13333,0,600
1237,12,131.3,131.43,20,1,54,0,0,0,0,0,0,0,0,0,0,0,0,0.12946,0.055677,0.1292,0.055711,0,1,0,0.1333,0,450.11,0,1,0,0.1333,0,450.11
1237,12,131.97,132,20,1,55,0,0,0,0,0,0,0,1,0,0.0333,0,1801.8,0,0,0,0,0,1,0,0.0333,0,1801.8,0,1,0,0.0333,0,1801.8
1237,12,132.1,132.43,20,1,56,0,0.39994,0,0.1333,0,180.02,0,0.70007,0,0.23333,0,180.02,0.14247,0.056137,0.14426,0.055925,0,1,0,0.3333,0,180.02,0,1,0,0.3333,0,180.02
1237,12,133.53,134.03,12,1,57,0,0.73333,0,0.18333,0,240,0,0,0,0,0,0,0.15292,0.044214,0.15326,0.042484,0,1,0,0.5,0,120,0,1,0,0.5,0,120
1237,12,136.37,136.4,20,1,58,0,0,0,0,0,0,0,0,0,0,0,0,0,0,0,0,0,2,0,0.0333,0,3603.6,0,1,0,0.0333,0,1801.8
1237,12,136.67,136.83,23,1,59,0,0,0,0,0,0,0,0,0,0,0,0,0.13849,0.043513,0.13885,0.043155,0,1,0,0.1666,0,360.14,0,1,0,0.1666,0,360.14
1237,12,136.97,137.1,10,1,60,0,1,0,0.1333,0,450.11,0,0,0,0,0,0,0.14303,0.050863,0.14211,0.05074,0,1,0,0.1333,0,450.11,0,1,0,0.1333,0,450.11
1237,12,139.37,139.43,2,1,61,0,1,0,0.0666,0,900.9,0,0,0,0,0,0,0.087539,0.041633,0.087539,0.041633,0,1,0,0.0666,0,900.9,0,1,0,0.0666,0,900.9
1237,12,141.83,141.9,2,1,62,0,1,0,0.0667,0,899.55,0,1,0,0.0667,0,899.55,0.099023,0.043352,0.099023,0.043352,0,1,0,0.0667,0,899.55,0,1,0,0.0667,0,899.55
1237,12,142.4,142.53,2,1,63,0,1,0,0.1333,0,450.11,0,1,0,0.1333,0,450.11,0.10482,0.042749,0.10542,0.042574,0,1,0,0.1333,0,450.11,0,1,0,0.1333,0,450.11
1237,12,142.87,142.9,20,1,64,0,1,0,0.0333,0,1801.8,0,1,0,0.0333,0,1801.8,0,0,0,0,0,1,0,0.0333,0,1801.8,0,1,0,0.0333,0,1801.8
1237,12,143.27,143.47,2,1,65,0,1,0,0.1999,0,300.15,0,1,0,0.1999,0,300.15,0.12817,0.047012,0.12757,0.047001,0,1,0,0.1999,0,300.15,0,1,0,0.1999,0,300.15
1237,12,143.97,144.37,20,1,66,0,0.91673,0,0.3666,0,150.04,0,1,0,0.3999,0,150.04,0.12549,0.044209,0.12271,0.043155,0,1,0,0.3999,0,150.04,0,1,0,0.3999,0,150.04
1237,12,144.5,144.63,20,1,67,0,1,0,0.1333,0,450.11,0,1,0,0.1333,0,450.11,0.11727,0.040925,0.11691,0.04091,0,1,0,0.1333,0,450.11,0,1,0,0.1333,0,450.11
1237,12,144.8,144.97,20,1,68,0,1,0,0.1666,0,360.14,0,0.79992,0,0.066633,0,720.29,0.11214,0.044531,0.1118,0.044582,0,1,0,0.1666,0,360.14,0,1,0,0.1666,0,360.14
1237,12,145.73,146.53,20,1,69,0,0.95833,0,0.38333,0,150,0,0.95833,0,0.38333,0,150,0.12264,0.044313,0.12342,0.044062,0,1,0,0.8,0,75,0,0.99996,0,0.79997,0,75
1237,12,146.67,146.9,2,1,70,0,1,0,0.2333,0,257.18,0,1,0,0.2333,0,257.18,0.10521,0.047135,0.10885,0.047433,0,1,0,0.2333,0,257.18,0,1.4286,0,0.16665,0,514.36
1237,12,147.9,147.93,24,1,71,0,1,0,0.0333,0,1801.8,0,1,0,0.0333,0,1801.8,0.10286,0.056838,0.10286,0.056838,0,1,0,0.0333,0,1801.8,0,1,0,0.0333,0,1801.8
1237,12,164.13,165.53,17,1,72,0.85717,0,1.2,0,42.857,0,0.4524,0,0.31668,0,85.714,0,0.17062,0.032142,0.1804,0.032341,2,0,1.4,0,85.714,0,0,0.99998,0,1.4,0,42.857
1237,12,166.83,166.9,17,1,73,1,0,0.0667,0,899.55,0,1,0,0.0667,0,899.55,0,0.094316,0,0.094316,0,2,0,0.0667,0,1799.1,0,0,1,0,0.0667,0,899.55
1237,12,166.93,167.03,17,1,74,1,0,0.1,0,600,0,1,0,0.1,0,600,0,0.256,0.015911,0.26044,0.015911,2,0,0.1,0,1200,0,0,1,0,0.1,0,600
1237,12,167.07,167.53,17,1,75,1,0,0.4666,0,128.59,0,1,0,0.4666,0,128.59,0,0.22488,0.024371,0.22958,0.023828,2,0,0.4666,0,257.18,0,0,1,0,0.4666,0,128.59
1237,12,168.1,168.13,14,1,76,0,0,0,0,0,0,0,0,0,0,0,0,0.069062,0.026367,0.069062,0.026367,0,2,0,0.0333,0,3603.6,0,1,0,0.0333,0,1801.8
1237,12,169.6,169.7,17,1,77,0,0,0,0,0,0,0,0,0,0,0,0,0.091788,0.038659,0.088229,0.038975,2,0,0.1,0,1200,0,0,1,0,0.1,0,600
1237,12,173.83,174.13,24,1,78,0,1,0,0.3,0,200,0,1,0,0.3,0,200,0.082914,0.029054,0.085938,0.028939,0,2,0,0.3,0,400,0,1,0,0.3,0,200
1237,12,174.2,174.7,17,1,79,1,0,0.5,0,120,0,1,0,0.5,0,120,0,0.17555,0.036179,0.17974,0.036271,2,0,0.5,0,240,0,0,1,0,0.5,0,120
1237,12,174.7,175.27,24,1,80,0,1,0,0.5666,0,105.89,0,1,0,0.5666,0,105.89,0.17899,0.025256,0.17805,0.025417,0,2,0,0.5666,0,211.79,0,1,0,0.5666,0,105.89
1237,12,176.17,176.2,24,1,81,0,1,0,0.0333,0,1801.8,0,0,0,0,0,0,0,0,0,0,0,2,0,0.0333,0,3603.6,0,1,0,0.0333,0,1801.8
1237,12,176.47,176.6,17,1,82,1,0,0.1333,0,450.11,0,0,0,0,0,0,0,0.34295,0.036252,0.34922,0.036099,2,0,0.1333,0,900.23,0,0,1,0,0.1333,0,450.11
1237,12,177.07,177.17,4,1,83,0,1,0,0.0999,0,600.6,0,0.333,0,0.033267,0,600.6,0.12191,0.030339,0.12191,0.030339,0,2,0,0.0999,0,1201.2,0,1,0,0.0999,0,600.6
1237,12,177.17,177.9,17,1,84,1,0,0.7333,0,81.822,0,1,0,0.7333,0,81.822,0,0.14618,0.034326,0.15091,0.036084,2,0,0.7333,0,163.64,0,0,1,0,0.7333,0,81.822
1237,12,178.3,180.07,17,1,85,1,0,1.7666,0,33.964,0,0.94339,0,1.6666,0,33.964,0,0.23929,0.038737,0.24036,0.03862,1.6226,0,0.95551,0,101.89,0,0,1,0,1.7666,0,33.964
1237,12,185.07,185.33,20,1,86,0.62503,0.24994,0.16663,0.066633,225.06,225.06,0,1,0,0.2666,0,225.06,0.17959,0.066098,0.1793,0.066663,0,2,0,0.2666,0,450.11,0,1,0,0.2666,0,225.06
1237,12,185.63,186.13,20,1,87,0,0.39993,0,0.19997,0,120,0,1,0,0.25,0,240,0.15139,0.060224,0.16629,0.061322,0,2,0,0.5,0,240,0,1,0,0.5,0,120
1237,12,186.47,186.5,11,1,88,1,0,0.0333,0,1801.8,0,0,1,0,0.0333,0,1801.8,0,0,0,0,0,2,0,0.0333,0,3603.6,0,2,0,0.0333,0,3603.6
1237,12,187.4,187.43,2,1,89,0,1,0,0.0333,0,1801.8,0,1,0,0.0333,0,1801.8,0.10036,0.046231,0.10036,0.046231,0,2,0,0.0333,0,3603.6,0,1,0,0.0333,0,1801.8
1237,12,187.47,187.53,2,1,90,0,1,0,0.0666,0,900.9,0,1,0,0.0666,0,900.9,0.10893,0.047188,0.10893,0.047188,0,2,0,0.0666,0,1801.8,0,1,0,0.0666,0,900.9
1237,12,188.37,188.4,2,1,91,0,1,0,0.0333,0,1801.8,0,1,0,0.0333,0,1801.8,0,0,0,0,0,2,0,0.0333,0,3603.6,0,1,0,0.0333,0,1801.8
1237,12,189.37,190.4,20,1,92,0,0.96774,0,0.49998,0,116.13,0,1,0,1.0333,0,58.066,0.10317,0.03706,0.10176,0.036449,0,2,0,1.0333,0,116.13,0,1,0,1.0333,0,58.066
1237,12,190.97,191.13,20,1,93,0,1,0,0.1666,0,360.14,0,1,0,0.1666,0,360.14,0.10699,0.052202,0.107,0.052395,0,2,0,0.1666,0,720.29,0,1,0,0.1666,0,360.14
1237,12,193.53,193.77,20,1,94,0,0.99986,0,0.23327,0,257.18,0,1,0,0.2333,0,257.18,0.13298,0.052325,0.13559,0.053122,0,2,0,0.2333,0,514.36,0,2,0,0.2333,0,514.36
1237,12,193.9,194.3,21,1,95,0,1,0,0.4,0,150,0,1,0,0.4,0,150,0.16,0.043259,0.16292,0.041843,0,2,0,0.4,0,300,0,1.9167,0,0.38333,0,300
1237,12,194.33,194.4,20,1,96,0,0.00049975,0,3.3333e-05,0,899.55,0,1,0,0.0667,0,899.55,0.11364,0.046461,0.11364,0.046461,0,2,0,0.0667,0,1799.1,0,1,0,0.0667,0,899.55
1237,12,195.47,195.57,17,1,97,0,1,0,0.0999,0,600.6,0,0,0,0,0,0,0.11266,0.042263,0.11266,0.042263,2,0,0.0999,0,1201.2,0,0,1,0,0.0999,0,600.6
1237,12,215.93,216.43,2,1,98,0,1,0,0.5,0,120,0,0.60007,0,0.30003,0,120,0.13005,0.055589,0.12852,0.055431,0,1,0,0.5,0,120,0,0.99993,0,0.49997,0,120
1237,12,216.5,216.63,2,1,99,0,0.74994,0,0.049983,0,900.23,0,0,0,0,0,0,0.10633,0.041823,0.10612,0.041804,0,1,0,0.1333,0,450.11,0,1,0,0.1333,0,450.11
1237,12,216.67,216.7,2,1,100,0,1,0,0.0333,0,1801.8,0,0,0,0,0,0,0,0,0,0,0,1,0,0.0333,0,1801.8,0,1,0,0.0333,0,1801.8
1237,12,217.77,217.9,21,1,101,0,1,0,0.1333,0,450.11,0,0,0,0,0,0,0.22837,0.060394,0.22833,0.059755,0,1,0,0.1333,0,450.11,0,1,0,0.1333,0,450.11
1237,12,218.17,218.2,5,1,102,0,0,0,0,0,0,0,0,0,0,0,0,0,0,0,0,0,1,0,0.0333,0,1801.8,0,1,0,0.0333,0,1801.8
1237,12,218.33,218.57,13,1,103,0,1,0,0.2333,0,257.18,0,0,0,0,0,0,0.095685,0.043342,0.095391,0.043331,0,1,0,0.2333,0,257.18,0,1,0,0.2333,0,257.18
1237,12,218.97,219.17,13,1,104,0,1,0,0.1999,0,300.15,0,1,0,0.1999,0,300.15,0.092359,0.044407,0.092969,0.044431,0,1,0,0.1999,0,300.15,0,1,0,0.1999,0,300.15
1237,12,219.3,219.83,2,1,105,0,1,0,0.5333,0,112.51,0,1,0,0.5333,0,112.51,0.10133,0.044073,0.10194,0.043932,0,1,0,0.5333,0,112.51,0,1,0,0.5333,0,112.51
1237,12,234.2,234.23,24,1,106,0,1,0,0.0333,0,1801.8,0,1,0,0.0333,0,1801.8,0.13096,0.044466,0.13096,0.044466,0,1,0,0.0333,0,1801.8,0,1,0,0.0333,0,1801.8
1237,12,246.83,246.9,21,1,107,0,1,0,0.0667,0,899.55,0,0,0,0,0,0,0.21558,0.028905,0.21558,0.028905,0,1,0,0.0667,0,899.55,0,1,0,0.0667,0,899.55
1237,12,274.57,275.57,13,1,108,0,1,0,0.9999,0,60.006,1,0,0.9999,0,60.006,0,0.14472,0.048065,0.14547,0.04713,0,1,0,0.9999,0,60.006,0,1,0,0.24997,0,240.02
1237,12,275.77,275.9,17,1,109,0,1,0,0.1333,0,450.11,0,1,0,0.1333,0,450.11,0.10734,0.03996,0.10762,0.039902,0,1,0,0.1333,0,450.11,0,1,0,0.1333,0,450.11
1237,12,276.1,276.53,21,1,110,0,1,0,0.4333,0,138.47,0,1,0,0.4333,0,138.47,0.15321,0.050982,0.1503,0.050149,0,1,0,0.4333,0,138.47,0,1,0,0.4333,0,138.47
1237,12,276.67,276.73,21,1,111,0,1,0,0.0666,0,900.9,0,1,0,0.0666,0,900.9,0.12863,0.048923,0.12863,0.048923,0,1,0,0.0666,0,900.9,0,1,0,0.0666,0,900.9
1237,12,277.33,277.43,21,1,112,0,1,0,0.1,0,600,0,0,0,0,0,0,0.12444,0.049051,0.1243,0.049477,0,1,0,0.1,0,600,0,1,0,0.1,0,600
1237,12,277.97,278.03,21,1,113,0,1,0,0.0666,0,900.9,1,0,0.0666,0,900.9,0,0.095703,0.045322,0.095703,0.045322,0,1,0,0.0666,0,900.9,0,1,0,0.0666,0,900.9
1237,12,278.13,278.2,21,1,114,0,0,0,0,0,0,1,0,0.0667,0,899.55,0,0.097253,0.047539,0.097253,0.047539,0,1,0,0.0667,0,899.55,0,1,0,0.0667,0,899.55
1237,12,278.3,278.4,21,1,115,0,0,0,0,0,0,1,0,0.1,0,600,0,0.094848,0.049491,0.095469,0.048457,0,1,0,0.1,0,600,0,1,0,0.1,0,600
1237,12,309.97,310.13,14,1,116,0,0.19988,0,0.0333,0,360.14,0,1,0,0.0833,0,720.29,0.068411,0.030463,0.070371,0.029611,0,2,0,0.1666,0,720.29,0,1,0,0.1666,0,360.14
1237,12,310.13,310.27,17,1,117,0,1,0,0.1333,0,450.11,0,1,0,0.1333,0,450.11,0.16525,0.050565,0.16605,0.050305,2,0,0.1333,0,900.23,0,0,1,0,0.1333,0,450.11
1237,12,310.4,310.43,20,1,118,0,0,0,0,0,1801.8,0,1,0,0.0333,0,1801.8,0.10083,0.04497,0.10083,0.04497,0,2,0,0.0333,0,3603.6,0,1,0,0.0333,0,1801.8
1237,12,311.23,311.47,17,1,119,0,1,0,0.2333,0,257.18,0,1,0,0.2333,0,257.18,0.1707,0.051103,0.16992,0.051147,2,0,0.2333,0,514.36,0,0,1,0,0.2333,0,257.18
1237,12,311.53,312.1,20,1,120,0.64708,0.23528,0.3667,0.13333,105.88,105.88,0,0.88236,0,0.25002,0,211.75,0.11403,0.046481,0.11672,0.046921,0,2,0,0.5667,0,211.75,0,1.4706,0,0.41668,0,211.75
1237,12,312.3,312.33,20,1,121,0,1,0,0.0333,0,1801.8,0,1,0,0.0333,0,1801.8,0.090781,0.03891,0.090781,0.03891,0,2,0,0.0333,0,3603.6,0,1,0,0.0333,0,1801.8
1237,12,313.17,313.3,8,1,122,1,0,0.1333,0,450.11,0,0,0,0,0,0,0,0.10217,0.048221,0.10336,0.048602,0,2,0,0.1333,0,900.23,1,1,0.1333,0.1333,450.11,450.11
1237,12,313.57,313.63,20,1,123,0,1,0,0.0666,0,900.9,0,1,0,0.0666,0,900.9,0.072917,0.030552,0.072917,0.030552,0,2,0,0.0666,0,1801.8,0,1,0,0.0666,0,900.9
1237,12,313.63,313.67,10,1,124,0,1,0,0.0333,0,1801.8,0,1,0,0.0333,0,1801.8,0.33414,0.035723,0.33414,0.035723,0,2,0,0.0333,0,3603.6,0,1.999,0,0.033283,0,3603.6
1237,12,314.07,314.37,22,1,125,1,0,0.2999,0,200.07,0,1,0,0.2999,0,200.07,0,0.11061,0.042559,0.10943,0.041444,0,2,0,0.2999,0,400.13,1,1,0.2999,0.2999,200.07,200.07
1237,12,314.5,314.6,7,1,126,0,1,0,0.1,0,600,0,1,0,0.1,0,600,0.12168,0.056189,0.12168,0.054382,0,2,0,0.1,0,1200,0,2,0,0.1,0,1200
1237,12,314.73,315.23,22,1,127,1,0,0.5,0,120,0,1,0,0.5,0,120,0,0.11514,0.036244,0.11628,0.03582,0,2,0,0.5,0,240,1,1,0.5,0.5,120,120
1237,12,316.57,317.6,22,1,128,0,0.93548,0,0.96663,0,58.066,0.58066,0.25804,0.6,0.13332,58.066,116.13,0.14688,0.038548,0.14852,0.037711,0,2,0,1.0333,0,116.13,0,1.129,0,0.58332,0,116.13
1237,12,323.3,323.33,20,1,129,0,0,0,0,0,0,0,0,0,0,0,0,0.094219,0.054232,0.094219,0.054232,0,2,0,0.0333,0,3603.6,0,2,0,0.0333,0,3603.6
1237,12,323.47,324.4,17,1,130,0.50002,0.035716,0.46667,0.033333,64.288,64.288,0,0,0,0,0,0,0.18729,0.05134,0.17633,0.050884,2,0,0.9333,0,128.58,0,0,2,0,0.9333,0,128.58
1237,12,324.6,324.67,1,1,131,0,1,0,0.0666,0,900.9,0,0,0,0,0,0,0.066009,0.031471,0.066009,0.031471,0,2,0,0.0666,0,1801.8,0,2,0,0.0666,0,1801.8
1237,12,326.3,326.37,7,1,132,0,1,0,0.0666,0,900.9,0,0,0,0,0,0,0.26896,0.23771,0.26896,0.23771,0,1,0,0.0666,0,900.9,0,2,0,0.0666,0,1801.8
1237,12,326.4,326.67,7,1,133,0,1,0,0.2666,0,225.06,0,0,0,0,0,0,0.2593,0.21776,0.26371,0.21331,0,1,0,0.2666,0,225.06,0,2,0,0.2666,0,450.11
1237,12,335.23,335.43,1,1,134,0,1,0,0.2,0,300,0,1,0,0.2,0,300,0.062274,0.028338,0.062747,0.028089,0,2,0,0.2,0,600,0,2,0,0.2,0,600
1237,12,341.1,341.9,22,1,135,0,1,0,0.8,0,75,0,0,0,0,0,0,0.07476,0.025111,0.072747,0.02486,0,2,0,0.8,0,150,0,1.0417,0,0.41667,0,150
1237,12,348.5,348.53,20,1,136,0,0,0,0,0,0,0,0,0,0,0,0,0.11727,0.044048,0.11727,0.044048,0,1,0,0.0333,0,1801.8,0,1,0,0.0333,0,1801.8
1237,12,348.6,348.7,20,1,137,0,0,0,0,0,0,0.66667,0,0.066667,0,600,0,0.13485,0.04534,0.13674,0.045331,0,1,0,0.1,0,600,0,1,0,0.1,0,600
1237,12,348.73,348.83,20,1,138,0,0,0,0,0,0,1,0,0.1,0,600,0,0.12583,0.045659,0.12833,0.04567,0,1,0,0.1,0,600,0,1,0,0.1,0,600
1238,12,35.2,36.133,20,1,1,0.42859,0,0.4,0,64.288,0,0,1,0,0.9333,0,64.288,0.20536,0.032566,0.2262,0.032191,2,0,0.9333,0,128.58,0,0,1.5,0,0.69997,0,128.58
1238,12,54.733,59.533,20,1,2,0.34722,0.45834,1.6666,1.1,12.5,25,0.22222,0.28472,1.0667,0.68333,12.5,25,0.1754,0.044421,0.15007,0.044167,0.56249,0.12501,1.35,0.60003,25,12.5,0,1.0625,0,2.55,0,25
1238,12,59.6,59.867,8,1,3,0,1,0,0.2666,0,225.06,0,0,0,0,0,0,0.068695,0.026901,0.069155,0.027412,0,2,0,0.2666,0,450.11,0,1.3748,0,0.18327,0,450.11
1238,12,59.9,60.8,20,1,4,1,0,0.9,0,66.667,0,0.48148,0,0.43333,0,66.667,0,0.4824,0.063953,0.4796,0.052995,2,0,0.9,0,133.33,0,0,1.5185,0,0.68333,0,133.33
1238,12,60.833,62.533,20,1,5,1,0,1.7,0,35.294,0,0.37257,0.2549,0.63337,0.43333,35.294,35.294,0.26103,0.034409,0.2422,0.033143,1.8824,0,0.8,0,141.18,0,0,1,0,1.7,0,35.294
1238,12,64.433,64.467,14,1,6,0,0,0,0,0,0,0,0,0,0,0,0,0.069271,0.026055,0.069271,0.026055,0,2,0,0.0333,0,3603.6,0,1,0,0.0333,0,1801.8
1238,12,65.033,65.067,14,1,7,0,0,0,0,0,0,0,0,0,0,0,0,0.062021,0.02583,0.062021,0.02583,0,2,0,0.0333,0,3603.6,0,1,0,0.0333,0,1801.8
1238,12,79.733,79.767,16,1,8,0,0,0,0,0,0,0,0,0,0,0,0,0.30616,0,0.30616,0,0,0,0,0,0,0,0,1,0,0.0333,0,1801.8
1238,12,83.167,83.633,10,1,9,0,1,0,0.4666,0,128.59,0,1,0,0.4666,0,128.59,0.16188,0.064753,0.16254,0.065107,0,1.2142,0,0.28328,0,257.18,0,1,0,0.4666,0,128.59
1238,12,83.9,84.133,20,1,10,0,1,0,0.2333,0,257.18,0,1,0,0.2333,0,257.18,0.19781,0.093956,0.19538,0.092568,1,1,0.2333,0.2333,257.18,257.18,0,1,0,0.2333,0,257.18
1238,12,84.167,84.267,10,1,11,0,0.667,0,0.066633,0,600.6,0,1,0,0.0999,0,600.6,0.16529,0.080675,0.16529,0.080675,0,2,0,0.0999,0,1201.2,0,1,0,0.0999,0,600.6
1238,12,84.3,84.4,10,1,12,0,0,0,0,0,0,0,1,0,0.1,0,600,0.1184,0.059038,0.11851,0.056383,0,2,0,0.1,0,1200,0,1,0,0.1,0,600
1238,12,84.633,84.667,15,1,13,0,0,0,0,0,0,0,0,0,0,0,0,0.087656,0.033844,0.087656,0.033844,0,2,0,0.0333,0,3603.6,0,1,0,0.0333,0,1801.8
1238,12,85.167,87.7,20,1,14,0.78948,0,2,0,23.685,0,0.11842,0,0.3,0,23.685,0,0.26675,0.036099,0.26812,0.036069,1.8553,0,2.35,0,47.369,0,0,1.3947,0,1.7666,0,47.369
1238,12,91.233,91.533,3,1,15,0,0.22233,0,0.0667,0,200,0,0,0,0,0,0,0.12638,0.026284,0.12902,0.026512,0,2,0,0.3,0,400,0,1,0,0.3,0,200
1238,12,92.967,93.4,21,1,16,0,1,0,0.4333,0,138.47,0,1,0,0.4333,0,138.47,0.16072,0.065144,0.16098,0.066963,0,0.38464,0,0.16667,0,138.47,0,1,0,0.4333,0,138.47
1238,12,101.13,101.17,7,1,17,0,1,0,0.0333,0,1801.8,0,0,0,0,0,0,0.081484,0.030776,0.081484,0.030776,0,0,0,0,0,0,0,1,0,0.0333,0,1801.8
1238,12,101.3,101.43,23,1,18,0,0,0,0,0,0,0,1,0,0.1333,0,450.11,0.094722,0.043268,0.096566,0.043829,0,0.49987,0,0.066633,0,450.11,0,1,0,0.1333,0,450.11
1238,12,121.77,121.9,7,1,19,0,1,0,0.1333,0,450.11,0,0,0,0,0,0,0.078391,0.027182,0.078893,0.027241,0,0,0,0,0,0,0,1,0,0.1333,0,450.11
1238,12,122.63,122.7,7,1,20,0,1,0,0.0667,0,899.55,0,0,0,0,0,0,0.10211,0.046538,0.10211,0.046538,0,0,0,0,0,0,0,1,0,0.0667,0,899.55
1238,12,123.1,123.13,21,1,21,1,0,0.0333,0,1801.8,0,0,1,0,0.0333,0,1801.8,0.13053,0.076287,0.13053,0.076287,0,1,0,0.0333,0,1801.8,0,1,0,0.0333,0,1801.8
1238,12,123.17,123.37,21,1,22,1,0,0.1999,0,300.15,0,0,0.83358,0,0.16663,0,300.15,0.12544,0.067746,0.12469,0.067667,0,1,0,0.1999,0,300.15,0,1,0,0.1999,0,300.15
1238,12,123.43,123.53,21,1,23,0,0,0,0,0,0,0,1,0,0.1,0,600,0.11673,0.045299,0.1163,0.044549,0,1,0,0.1,0,600,0,1,0,0.1,0,600
1238,12,124.27,124.57,14,1,24,1,0,0.2999,0,200.07,0,0,0,0,0,0,0,0.21124,0.060947,0.21718,0.060732,1,0,0.2999,0,200.07,0,0,1,0,0.2999,0,200.07
1238,12,124.57,124.87,7,1,25,0,0.7777,0,0.11662,0,400.13,0,0,0,0,0,0,0.091448,0.033366,0.09377,0.033979,0,1,0,0.2999,0,200.07,0,1,0,0.2999,0,200.07
1238,12,124.87,125.03,18,1,26,0,1,0,0.1666,0,360.14,0,0,0,0,0,0,0.27165,0.045607,0.2666,0.045274,0,1,0,0.1666,0,360.14,0,1,0,0.1666,0,360.14
1238,12,125.37,125.43,7,1,27,0,1,0,0.0666,0,900.9,0,1,0,0.0666,0,900.9,0.087493,0.03618,0.087493,0.03618,0,2,0,0.0666,0,1801.8,0,1,0,0.0666,0,900.9
1238,12,125.47,125.67,7,1,28,0,1,0,0.1999,0,300.15,0,0.50008,0,0.099967,0,300.15,0.069423,0.030858,0.068919,0.031198,0,1.4997,0,0.099933,0,900.45,0,1,0,0.1999,0,300.15
1238,12,125.77,125.93,7,1,29,0,1,0,0.1666,0,360.14,0,0,0,0,0,0,0.065194,0.02695,0.065256,0.026995,0,2,0,0.1666,0,720.29,0,1,0,0.1666,0,360.14
1238,12,126.17,126.2,15,1,30,0,1,0,0.0333,0,1801.8,0,1,0,0.0333,0,1801.8,0,0,0,0,0,2,0,0.0333,0,3603.6,0,1,0,0.0333,0,1801.8
1238,12,126.9,127.03,10,1,31,0,1,0,0.1333,0,450.11,0,1,0,0.1333,0,450.11,0.10916,0.051603,0.10768,0.05102,0,1,0,0.1333,0,450.11,0,1,0,0.1333,0,450.11
1238,12,127.07,127.2,10,1,32,0,0.49987,0,0.033317,0,900.23,0,1,0,0.1333,0,450.11,0.08402,0.040161,0.086953,0.035555,0,1,0,0.1333,0,450.11,0,1,0,0.1333,0,450.11
1238,12,132.03,132.1,10,1,33,0,0,0,0,0,0,0,1,0,0.0667,0,899.55,0.093218,0.041543,0.093218,0.041543,0,0,0,0,0,0,0,1,0,0.0667,0,899.55
1238,12,132.43,132.47,23,1,34,0,1,0,0.0333,0,1801.8,0,0.999,0,0.033267,0,1801.8,0.098649,0.069824,0.098649,0.069824,0,0.999,0,0.033267,0,1801.8,0,1,0,0.0333,0,1801.8
1238,12,132.47,132.5,22,1,35,0,1,0,0.0333,0,1801.8,0,1,0,0.0333,0,1801.8,0,0,0,0,0,1,0,0.0333,0,1801.8,0,1,0,0.0333,0,1801.8
1238,12,132.5,132.77,23,1,36,0,1,0,0.2666,0,225.06,0,1,0,0.2666,0,225.06,0.11627,0.059373,0.11644,0.052876,0,1,0,0.2666,0,225.06,0,1,0,0.2666,0,225.06
1238,12,132.77,132.8,22,1,37,0,1,0,0.0333,0,1801.8,0,1,0,0.0333,0,1801.8,0,0,0,0,0,1,0,0.0333,0,1801.8,0,1,0,0.0333,0,1801.8
1238,12,132.8,132.83,23,1,38,0,1,0,0.0333,0,1801.8,0,1,0,0.0333,0,1801.8,0.1164,0.06156,0.1164,0.06156,0,1,0,0.0333,0,1801.8,0,1,0,0.0333,0,1801.8
1238,12,132.87,132.97,23,1,39,0,1,0,0.0999,0,600.6,0,1,0,0.0999,0,600.6,0.10359,0.04771,0.10359,0.04771,0,1,0,0.0999,0,600.6,0,1,0,0.0999,0,600.6
1238,12,133.23,133.33,10,1,40,0,1,0,0.1,0,600,0,1,0,0.1,0,600,0.12869,0.056038,0.13178,0.05698,0,1,0,0.1,0,600,0,1,0,0.1,0,600
1238,12,133.33,133.37,14,1,41,0,1,0,0.0333,0,1801.8,0,1,0,0.0333,0,1801.8,0.14827,0.066867,0.14827,0.066867,0,1,0,0.0333,0,1801.8,0,1,0,0.0333,0,1801.8
1238,12,133.37,133.5,10,1,42,0,0,0,0,0,0,0,1,0,0.1333,0,450.11,0.098572,0.050268,0.10156,0.050595,0,1,0,0.1333,0,450.11,0,1,0,0.1333,0,450.11
1238,12,133.67,133.8,7,1,43,0,0,0,0,0,0,0,1,0,0.1333,0,450.11,0.090774,0.040881,0.092383,0.040015,0,1,0,0.1333,0,450.11,0,1,0,0.1333,0,450.11
1238,12,138.37,138.43,6,1,44,0,0,0,0,0,0,0,1,0,0.0666,0,900.9,0.061016,0.024852,0.061016,0.024852,0,0,0,0,0,0,0,1,0,0.0666,0,900.9
1238,12,138.53,138.67,6,1,45,0,0,0,0,0,0,0,0.25031,0,0.033367,0,450.11,0.081698,0.034755,0.081038,0.034734,0,0,0,0,0,0,0,1,0,0.1333,0,450.11
1238,12,138.97,139.07,6,1,46,0,0,0,0,0,0,0,0,0,0,0,0,0.094466,0.040858,0.094466,0.040858,0,0,0,0,0,0,0,1,0,0.0999,0,600.6
1238,12,139.67,139.77,6,1,47,0,1,0,0.0999,0,600.6,0,1,0,0.0999,0,600.6,0.12833,0.047054,0.12833,0.047054,1,0,0.0999,0,600.6,0,0,1,0,0.0999,0,600.6
1238,12,139.93,140.3,21,1,48,1,0,0.3667,0,163.62,0,1,0,0.3667,0,163.62,0,0.082914,0.025451,0.08362,0.024729,0,1,0,0.3667,0,163.62,0,1,0,0.3667,0,163.62
1238,12,140.6,140.63,21,1,49,1,0,0.0333,0,1801.8,0,1,0,0.0333,0,1801.8,0,0.085104,0.032459,0.085104,0.032459,0,1,0,0.0333,0,1801.8,0,1,0,0.0333,0,1801.8
1238,12,141.17,141.47,7,1,50,0,1,0,0.2999,0,200.07,0,1,0,0.2999,0,200.07,0.051592,0.011977,0.051634,0.011729,0,1,0,0.2999,0,200.07,0,1,0,0.2999,0,200.07
1238,12,141.5,141.53,7,1,51,0,1,0,0.0333,0,1801.8,0,1,0,0.0333,0,1801.8,0.051562,0.013734,0.051562,0.013734,0,1,0,0.0333,0,1801.8,0,1,0,0.0333,0,1801.8
1238,12,146.87,146.9,21,1,52,0,0,0,0,0,0,0,0,0,0,0,0,0,0,0,0,1,0,0.0333,0,1801.8,0,0,1,0,0.0333,0,1801.8
1238,12,147.47,148.67,6,1,53,1,0,1.1999,0,50.004,0,0.22219,0.52779,0.2666,0.31665,50.004,100.01,0.092746,0.013195,0.09556,0.012852,0.13884,1.5278,0.1666,0.9166,50.004,100.01,0,1,0,1.1999,0,50.004
1238,12,151.37,151.8,21,1,54,0.23079,0.30764,0.1,0.1333,138.47,138.47,0,0.76921,0,0.3333,0,138.47,0.20296,0.031552,0.22406,0.032222,1.4615,0,0.31663,0,276.94,0,0,1,0,0.4333,0,138.47
1238,12,161.3,164,21,1,55,0,1,0,2.7,0,22.222,0,0.17284,0,0.23333,0,44.444,0.076028,0.027401,0.074674,0.027204,0,0,0,0,0,0,0,1,0,2.7,0,22.222
1238,12,164.03,164.2,21,1,56,0,1,0,0.1667,0,359.93,0,1,0,0.1667,0,359.93,0.13132,0.065021,0.13469,0.065021,0,0,0,0,0,0,0,1,0,0.1667,0,359.93
1238,12,166.73,167.2,21,1,57,0,1,0,0.4667,0,128.56,0,0,0,0,0,0,0.080219,0.029563,0.078576,0.027131,0,0,0,0,0,0,0,0.99993,0,0.46667,0,128.56
1238,12,167.6,167.63,18,1,58,0,0,0,0,0,0,0,0,0,0,0,0,0.084059,0.035824,0.084059,0.035824,0,0,0,0,0,0,0,1,0,0.0333,0,1801.8
1238,12,176.67,176.8,16,1,59,0,0,0,0,0,0,0,0,0,0,0,0,0.3734,0,0.37617,0,0,0,0,0,0,0,0,1,0,0.1333,0,450.11
1238,12,196.63,197.1,15,1,60,0,0,0,0,0,0,0,0.92858,0,0.21668,0,257.12,0.20279,0.067971,0.20758,0.066727,0,1,0,0.4667,0,128.56,0,0.99993,0,0.46667,0,128.56
1238,12,197.13,197.4,15,1,61,0,0,0,0,0,0,0,1,0,0.2667,0,224.97,0.14558,0.075866,0.14674,0.075981,0,1,0,0.2667,0,224.97,0,1,0,0.2667,0,224.97
1238,12,197.53,198.03,22,1,62,0.3334,0,0.1667,0,120,0,0.6,0,0.3,0,120,0,0.3193,0.06619,0.3278,0.064246,1,0,0.5,0,120,0,0,1,0,0.5,0,120
1238,12,198.1,198.8,15,1,63,0,0.85714,0,0.3,0,171.43,0,0,0,0,0,0,0.11496,0.035229,0.11498,0.031896,0,1.7619,0,0.61667,0,171.43,0,1,0,0.7,0,85.714
1238,12,198.97,199.07,15,1,64,0,1,0,0.0999,0,600.6,0,1,0,0.0999,0,600.6,0.11843,0.041124,0.11843,0.041124,0,2,0,0.0999,0,1201.2,0,1,0,0.0999,0,600.6
1238,12,199.5,199.63,21,1,65,0,0.75019,0,0.1,0,450.11,0,1,0,0.1333,0,450.11,0.11117,0.054011,0.11108,0.055193,0,2,0,0.1333,0,900.23,0,1,0,0.1333,0,450.11
1238,12,200.17,200.2,24,1,66,0,0,0,0,0,0,0,1,0,0.0333,0,1801.8,0,0,0,0,0,1,0,0.0333,0,1801.8,0,1,0,0.0333,0,1801.8
1238,12,200.2,200.33,10,1,67,0,0,0,0,0,0,0,1,0,0.1333,0,450.11,0.19611,0.058142,0.19831,0.055484,0,1,0,0.1333,0,450.11,0,1,0,0.1333,0,450.11
1238,12,201.13,201.2,22,1,68,1,0,0.0667,0,899.55,0,0,0,0,0,0,0,0.24893,0.016476,0.24893,0.016476,1,0,0.0667,0,899.55,0,0,1,0,0.0667,0,899.55
1238,12,201.77,201.8,24,1,69,0,1,0,0.0333,0,1801.8,0,1,0,0.0333,0,1801.8,0,0,0,0,0,1,0,0.0333,0,1801.8,0,1,0,0.0333,0,1801.8
1238,12,201.97,202.23,22,1,70,1,0,0.2666,0,225.06,0,0,0.5,0,0.1333,0,225.06,0.54842,0.040211,0.55098,0.039614,1,0,0.2666,0,225.06,0,0,1,0,0.2666,0,225.06
1238,12,202.3,202.5,15,1,71,0,1,0,0.2,0,300,0,0,0,0,0,0,0.068125,0.030125,0.068197,0.029683,0,2,0,0.2,0,600,0,1,0,0.2,0,300
1238,12,202.57,203.97,24,1,72,0,1,0,1.3999,0,42.86,0,0.19049,0,0.26667,0,42.86,0.20131,0.034657,0.19796,0.034892,0,2,0,1.3999,0,85.72,0,1,0,1.3999,0,42.86
1238,12,204.13,204.4,22,1,73,1,0,0.2667,0,224.97,0,0,0,0,0,0,0,0.23761,0.058845,0.239,0.0577,2,0,0.2667,0,449.94,0,0,1,0,0.2667,0,224.97
1238,12,205.13,205.47,15,1,74,1,0,0.3333,0,180.02,0,0,0.30013,0,0.10003,0,180.02,0.10076,0.035391,0.10252,0.034561,0,2,0,0.3333,0,360.04,0,1,0,0.3333,0,180.02
1238,12,205.47,205.5,21,1,75,0,1,0,0.0333,0,1801.8,0,0,0,0,0,0,0,0,0,0,0,2,0,0.0333,0,3603.6,0,1,0,0.0333,0,1801.8
1238,12,206.1,206.3,15,1,76,0,0,0,0,0,0,0,0,0,0,0,0,0.10668,0.052558,0.10928,0.051965,0,2,0,0.2,0,600,0,1,0,0.2,0,300
1238,12,207.27,207.3,21,1,77,0,0,0,0,0,0,0,1,0,0.0333,0,1801.8,0,0,0,0,0,2,0,0.0333,0,3603.6,0,2,0,0.0333,0,3603.6
1238,12,207.6,207.77,4,1,78,0,0.19968,0,0.033267,0,360.14,0,1,0,0.1666,0,360.14,0.080307,0.027166,0.080937,0.029115,0,2,0,0.1666,0,720.29,0,2,0,0.1666,0,720.29
1238,12,208.1,208.17,23,1,79,0,1,0,0.0666,0,900.9,0,1,0,0.0666,0,900.9,0.22451,0.05301,0.22451,0.05301,0,2,0,0.0666,0,1801.8,0,2,0,0.0666,0,1801.8
1238,12,208.27,209.27,15,1,80,0,0.86665,0,0.28886,0,180.02,0.26663,0.26666,0.2666,0.26663,60.006,60.006,0.22699,0.034089,0.22805,0.03362,0,2,0,0.9999,0,120.01,0,2,0,0.9999,0,120.01
1238,12,209.3,210.77,15,1,81,0,1,0,1.4666,0,40.911,0.50002,0,0.73333,0,40.911,0,0.18633,0.028809,0.19811,0.028655,0,2,0,1.4666,0,81.822,0,1.8864,0,1.3833,0,81.822
1238,12,210.87,210.97,4,1,82,0,1,0,0.0999,0,600.6,0,0,0,0,0,0,0.059334,0.019729,0.059334,0.019729,0,2,0,0.0999,0,1201.2,0,1.6667,0,0.08325,0,1201.2
1238,12,211.23,211.37,5,1,83,0,0,0,0,0,0,0,0,0,0,0,0,0.063573,0.035014,0.064639,0.034728,0,1.2503,0,0.083333,0,900.23,0,2,0,0.1333,0,900.23
1238,12,211.4,211.73,22,1,84,0,0,0,0,0,0,0,0,0,0,0,0,0.26928,0.039535,0.28149,0.033549,1.5001,0,0.24998,0,360.04,0,0,2,0,0.3333,0,360.04
1238,12,211.77,211.83,22,1,85,0,0,0,0,0,0,0,0,0,0,0,0,0.12629,0.061865,0.12629,0.061865,1,0,0.0666,0,900.9,0,0,2,0,0.0666,0,1801.8
1238,12,212.03,212.3,15,1,86,0,0.74991,0,0.2,0,224.97,0,1,0,0.2667,0,224.97,0.099314,0.036743,0.10049,0.034792,0,1.625,0,0.2167,0,449.94,0,2,0,0.2667,0,449.94
1238,12,212.43,215.73,15,1,87,0,0.8788,0,2.9,0,18.182,0,0.56567,0,0.37334,0,90.909,0.10955,0.027531,0.11229,0.027867,0,1.8384,0,1.5167,0,72.727,0,1.7879,0,1.18,0,90.909
1238,12,216.2,216.53,15,1,88,0,1,0,0.3333,0,180.02,0,0,0,0,0,0,0.075841,0.02633,0.076188,0.026627,0,2,0,0.3333,0,360.04,0,2,0,0.3333,0,360.04
1238,12,217.53,218.1,24,1,89,1,0,0.5667,0,105.88,0,0.35298,0,0.20003,0,105.88,0,0.080497,0.025618,0.080993,0.024146,0.76466,1,0.43333,0.5667,105.88,105.88,1,1,0.5667,0.5667,105.88,105.88
1238,12,218.4,218.43,15,1,90,0,1,0,0.0333,0,1801.8,0,0,0,0,0,0,0.080208,0.035627,0.080208,0.035627,0,2,0,0.0333,0,3603.6,0,1,0,0.0333,0,1801.8
1238,12,218.5,218.53,7,1,91,0,1,0,0.0333,0,1801.8,0,0,0,0,0,0,0.08013,0.032262,0.08013,0.032262,0,2,0,0.0333,0,3603.6,0,1,0,0.0333,0,1801.8
1238,12,219.8,219.9,15,1,92,0,0.33333,0,0.033333,0,600,0,0,0,0,0,0,0.059748,0.022097,0.057975,0.02196,0,2,0,0.1,0,1200,0,1,0,0.1,0,600
1238,12,220.17,222.23,22,1,93,0,1,0,1.0333,0,58.066,0.20968,0.1613,0.43333,0.33333,29.033,29.033,0.18572,0.05926,0.18824,0.059932,1.3387,0.51613,1.3833,1.0666,58.066,29.033,0,1.0806,0,1.1166,0,58.066
1238,12,222.23,222.57,21,1,94,0,0.00010001,0,3.3333e-05,0,180.02,0,0.79988,0,0.1333,0,360.04,0.094994,0.037863,0.092422,0.036957,0,2,0,0.3333,0,360.04,0,1.5002,0,0.25,0,360.04
1238,12,225.1,225.67,21,1,95,0,0.52936,0,0.14997,0,211.79,0,0,0,0,0,105.89,0.11115,0.045181,0.10587,0.045398,0,2,0,0.5666,0,211.79,0,1,0,0.5666,0,105.89
1238,12,225.67,225.7,1,1,96,0,1,0,0.0333,0,1801.8,0,0,0,0,0,0,0,0,0,0,0,2,0,0.0333,0,3603.6,0,1,0,0.0333,0,1801.8
1238,12,225.7,225.83,21,1,97,0,1,0,0.1333,0,450.11,0,0,0,0,0,0,0.10308,0.042454,0.10341,0.042426,0,2,0,0.1333,0,900.23,0,1,0,0.1333,0,450.11
1238,12,225.9,226.43,21,1,98,0,0.87499,0,0.46663,0,112.51,0,0.49997,0,0.26663,0,112.51,0.11004,0.052665,0.10741,0.052775,0,2,0,0.5333,0,225.01,0,1,0,0.5333,0,112.51
1238,12,227.13,227.37,21,1,99,0,0.14302,0,0.033367,0,257.18,0,0,0,0,0,0,0.097166,0.033839,0.097969,0.034533,0,2,0,0.2333,0,514.36,0,1,0,0.2333,0,257.18
1238,12,227.47,227.5,21,1,100,0,0,0,0,0,0,0,0,0,0,0,0,0,0,0,0,0,2,0,0.0333,0,3603.6,0,1,0,0.0333,0,1801.8
1238,12,227.6,227.67,5,1,101,0,0,0,0,0,0,0,1,0,0.0666,0,900.9,0.1091,0.05658,0.1091,0.05658,0,2,0,0.0666,0,1801.8,0,1,0,0.0666,0,900.9
1238,12,227.87,229.33,21,1,102,0,0.18183,0,0.26667,0,40.911,0,0.56818,0,0.8333,0,40.911,0.1192,0.040403,0.11719,0.042188,0,2,0,1.4666,0,81.822,0,1,0,1.4666,0,40.911
1238,12,229.77,230.07,21,1,103,0,0,0,0,0,0,0,0,0,0,0,0,0.095628,0.031264,0.095534,0.030875,0,2,0,0.2999,0,400.13,0,1,0,0.2999,0,200.07
1238,12,230.33,230.37,1,1,104,0,1,0,0.0333,0,1801.8,0,1,0,0.0333,0,1801.8,0.52107,0.037504,0.52107,0.037504,0,1,0,0.0333,0,1801.8,0,1,0,0.0333,0,1801.8
1238,12,230.43,230.47,16,1,105,0,1,0,0.0333,0,1801.8,0,1,0,0.0333,0,1801.8,0.050928,0.021836,0.050928,0.021836,0,1.999,0,0.033283,0,3603.6,0,1,0,0.0333,0,1801.8
1238,12,231,231.23,24,1,106,1,0,0.2333,0,257.18,0,0,0,0,0,0,0,0.27274,0.033666,0.26678,0.033509,1.2856,0,0.14997,0,514.36,0,0,1,0,0.2333,0,257.18
1238,12,231.47,231.5,22,1,107,0,1,0,0.0333,0,1801.8,0,1,0,0.0333,0,1801.8,0,0,0,0,0,2,0,0.0333,0,3603.6,0,1,0,0.0333,0,1801.8
1238,12,231.5,232,24,1,108,1,0,0.5,0,120,0,0.66667,0,0.33333,0,120,0,0.25423,0.038958,0.26422,0.040184,2,0,0.5,0,240,0,0,1,0,0.5,0,120
1238,12,232.03,233,24,1,109,0.10348,0,0.10003,0,62.067,0,0,0,0,0,0,0,0.17752,0.035789,0.18507,0.036322,1.8621,0,0.60002,0,186.2,0,0,1,0,0.9667,0,62.067
1238,12,233.1,233.17,5,1,110,0,0,0,0,0,0,0,0,0,0,0,0,0.086045,0.032517,0.086045,0.032517,0,1,0,0.0666,0,900.9,0,1,0,0.0666,0,900.9
1238,12,233.27,233.4,21,1,111,0,0,0,0,0,0,0,0,0,0,0,0,0.10905,0.039428,0.1091,0.039613,0,1,0,0.1333,0,450.11,0,1,0,0.1333,0,450.11
1238,12,234.5,234.53,21,1,112,1,0,0.0333,0,1801.8,0,0,0,0,0,0,0,0.10883,0.043134,0.10883,0.043134,0,1,0,0.0333,0,1801.8,0,1,0,0.0333,0,1801.8
1238,12,234.83,234.9,5,1,113,0,0.00049975,0,3.3333e-05,0,899.55,0,0,0,0,0,0,0.098198,0.044191,0.098198,0.044191,0,1,0,0.0667,0,899.55,0,1,0,0.0667,0,899.55
1238,12,235.07,235.13,5,1,114,0,0,0,0,0,0,0,0,0,0,0,0,0.073584,0.032012,0.073584,0.032012,0,1,0,0.0666,0,900.9,0,1,0,0.0666,0,900.9
1238,12,235.2,235.23,24,1,115,0,0,0,0,0,0,1,0,0.0333,0,1801.8,0,0.082881,0.039284,0.082881,0.039284,1,0,0.0333,0,1801.8,0,0,1,0,0.0333,0,1801.8
1238,12,235.4,235.6,24,1,116,0,0,0,0,0,0,1,0,0.2,0,300,0,0.086828,0.037402,0.087427,0.038389,1,0,0.2,0,300,0,0,1,0,0.2,0,300
1238,12,235.63,235.7,5,1,117,0,0,0,0,0,0,0,1,0,0.0667,0,899.55,0.059053,0.017201,0.059053,0.017201,0,1,0,0.0667,0,899.55,0,1,0,0.0667,0,899.55
1238,12,235.9,236.03,15,1,118,0,0,0,0,0,0,0,1,0,0.1333,0,450.11,0.1325,0.053713,0.13635,0.052939,0,1,0,0.1333,0,450.11,0,1,0,0.1333,0,450.11
1238,12,236.03,236.07,14,1,119,0,0,0,0,0,0,0,1,0,0.0333,0,1801.8,0.12363,0.070342,0.12363,0.070342,0,1,0,0.0333,0,1801.8,0,1,0,0.0333,0,1801.8
1238,12,236.2,236.47,14,1,120,0,0,0,0,0,0,0,0.87522,0,0.23333,0,225.06,0.10761,0.067151,0.10919,0.0675,0,1,0,0.2666,0,225.06,0,1,0,0.2666,0,225.06
1238,12,236.53,236.57,15,1,121,0,0,0,0,0,0,0,0,0,0,0,0,0.11068,0.073203,0.11068,0.073203,0,1.999,0,0.033283,0,3603.6,0,1,0,0.0333,0,1801.8
1238,12,237,238.4,14,1,122,0,0,0,0,0,0,0,0,0,0,0,0,0.12003,0.069038,0.12136,0.069798,0,1.7857,0,0.83333,0,128.57,0,1,0,1.4,0,42.857
1238,12,238.6,238.8,22,1,123,0,0,0,0,0,0,0,0,0,0,0,0,0.12944,0.060987,0.13091,0.061953,1,1,0.2,0.2,300,300,0,1,0,0.2,0,300
1238,12,238.83,239.77,22,1,124,0.8571,0,0.79993,0,64.288,0,0.74996,0,0.69993,0,64.288,0,0.29842,0.047085,0.30228,0.034271,1.6428,0.10718,0.76662,0.10003,128.58,64.288,0,1,0,0.9333,0,64.288
1238,12,240,241.73,22,1,125,0.94233,0,1.6333,0,34.616,0,1,0,1.7333,0,34.616,0,0.23771,0.056876,0.2513,0.057759,2,0,1.7333,0,69.232,0,0,1,0,1.7333,0,34.616
1238,12,241.77,242.13,22,1,126,0,0.81824,0,0.29997,0,163.67,1,0,0.3666,0,163.67,0,0.15428,0.031808,0.16784,0.031266,1.0908,0,0.19995,0,327.33,0,0,1,0,0.3666,0,163.67
1238,12,243.87,244.1,23,1,127,0,1,0,0.2333,0,257.18,0,0,0,0,0,0,0.080683,0.012929,0.08347,0.012797,0,1,0,0.2333,0,257.18,0,1,0,0.2333,0,257.18
1238,12,247.43,247.57,24,1,128,0,1,0,0.1333,0,450.11,0,0,0,0,0,0,0.31204,0.088849,0.31215,0.090309,0,1,0,0.1333,0,450.11,0,1,0,0.1333,0,450.11
1238,12,247.6,247.73,24,1,129,0,0.25006,0,0.033333,0,450.11,0,0,0,0,0,0,0.24544,0.014734,0.24404,0.014958,0,1,0,0.1333,0,450.11,0,1,0,0.1333,0,450.11
1238,12,250,250.77,21,1,130,1,0,0.7666,0,78.268,0,1,0,0.7666,0,78.268,0,0.10763,0.03942,0.10638,0.037803,0,0,0,0,0,0,0,1,0,0.7666,0,78.268
1238,12,251.03,251.07,21,1,131,0,0,0,0,0,0,0,0,0,0,0,0,0.10756,0.060396,0.10756,0.060396,0,0,0,0,0,0,0,1,0,0.0333,0,1801.8
1238,12,251.7,251.8,21,1,132,0,1,0,0.1,0,600,0,0,0,0,0,0,0.10299,0.051645,0.10266,0.049809,1,0,0.1,0,600,0,0,1,0,0.1,0,600
1238,12,251.87,251.97,16,1,133,1,0,0.0999,0,600.6,0,0,0,0,0,0,0,0.093695,0.064207,0.093695,0.064207,0,1,0,0.0999,0,600.6,0,1,0,0.0999,0,600.6
1238,12,252.1,252.13,16,1,134,0,0,0,0,0,0,0,0,0,0,0,0,0.074056,0.036055,0.074056,0.036055,0,1,0,0.0333,0,1801.8,0,1,0,0.0333,0,1801.8
1238,12,252.2,252.57,15,1,135,0,0.6363,0,0.23327,0,163.67,0,0,0,0,0,0,0.10382,0.034497,0.10663,0.029859,0,1,0,0.3666,0,163.67,0,1,0,0.3666,0,163.67
1238,12,252.63,252.67,21,1,136,0,1,0,0.0333,0,1801.8,0,0,0,0,0,0,0.14892,0.038434,0.14892,0.038434,1,0,0.0333,0,1801.8,0,0,1,0,0.0333,0,1801.8
1238,12,252.67,253.17,15,1,137,0,1,0,0.4999,0,120.02,0,0,0,0,0,0,0.093886,0.030441,0.092975,0.028901,0,1,0,0.4999,0,120.02,0,1,0,0.4999,0,120.02
1238,12,253.3,253.37,15,1,138,0,1,0,0.0666,0,900.9,0,0,0,0,0,0,0.089378,0.036531,0.089378,0.036531,0,1,0,0.0666,0,900.9,0,1,0,0.0666,0,900.9
1238,12,255.07,255.13,15,1,139,0,1,0,0.0666,0,900.9,0,0,0,0,0,0,0.08666,0.03387,0.08666,0.03387,0,1,0,0.0666,0,900.9,0,1,0,0.0666,0,900.9
1238,12,255.33,255.37,7,1,140,0,0.001001,0,3.3333e-05,0,1801.8,0,0,0,0,0,0,0.1168,0.036023,0.1168,0.036023,0,1,0,0.0333,0,1801.8,0,1,0,0.0333,0,1801.8
1238,12,255.5,255.73,15,1,141,0,1,0,0.2333,0,257.18,0,1,0,0.2333,0,257.18,0.14453,0.031643,0.14315,0.031689,0,0,0,0,0,257.18,0,1,0,0.2333,0,257.18
1238,12,255.83,256.03,23,1,142,0,1,0,0.2,0,300,0,1,0,0.2,0,300,0.19426,0.068298,0.18994,0.067585,0,0,0,0,0,0,0,1,0,0.2,0,300
1238,12,256.03,256.77,4,1,143,0,0.72735,0,0.53337,0,81.822,0,0.77281,0,0.5667,0,81.822,0.19824,0.055088,0.2075,0.049431,0,0.54539,0,0.39993,0,81.822,0,1,0,0.7333,0,81.822
1238,12,256.77,256.8,21,1,144,0,0,0,0,0,0,0,0,0,0,0,0,0,0,0,0,0,1,0,0.0333,0,1801.8,0,1,0,0.0333,0,1801.8
1238,12,256.8,256.87,4,1,145,0,0,0,0,0,0,0,0,0,0,0,0,0.083288,0.033341,0.083288,0.033341,0,1,0,0.0666,0,900.9,0,1,0,0.0666,0,900.9
1238,12,256.87,256.9,10,1,146,0,0,0,0,0,0,0,0,0,0,0,0,0,0,0,0,0,1,0,0.0333,0,1801.8,0,1,0,0.0333,0,1801.8
1238,12,257.43,257.47,14,1,147,0,0,0,0,0,0,0,0,0,0,0,0,0.38588,0.036366,0.38588,0.036366,0,1,0,0.0333,0,1801.8,0,1,0,0.0333,0,1801.8
1238,12,257.5,258.07,21,1,148,0,0.82351,0,0.4666,0,105.89,0,0,0,0,0,0,0.4223,0.13057,0.44136,0.047367,0,1,0,0.5666,0,105.89,0,1,0,0.5666,0,105.89
1238,12,258.1,258.63,1,1,149,1,0,0.5333,0,112.51,0,0,0,0,0,0,0,0.32017,0.033403,0.31818,0.034044,1.9375,0,0.51663,0,225.01,0,0,1,0,0.5333,0,112.51
1238,12,258.67,259.07,1,1,150,1,0,0.3999,0,150.04,0,1,0,0.3999,0,150.04,0,0.29756,0.037564,0.29936,0.037122,2,0,0.3999,0,300.08,0,0,1,0,0.3999,0,150.04
1238,12,259.07,259.23,21,1,151,0,1,0,0.1666,0,360.14,0,0.39996,0,0.066633,0,360.14,0.40725,0.099794,0.40957,0.098601,0,2,0,0.1666,0,720.29,0,1,0,0.1666,0,360.14
1238,12,259.23,259.33,1,1,152,1,0,0.1,0,600,0,0,0,0,0,0,0,0.36361,0.038192,0.36126,0.037905,2,0,0.1,0,1200,0,0,1,0,0.1,0,600
1238,12,260.13,260.2,1,1,153,0,0,0,0,0,0,0,0,0,0,0,0,0.34146,0.036458,0.34146,0.036458,1,0,0.0667,0,899.55,0,0,1,0,0.0667,0,899.55
1238,12,260.23,260.53,1,1,154,0,0,0,0,0,0,0,0,0,0,0,0,0.43723,0.036454,0.41626,0.036939,1,0,0.3,0,200,0,0,1,0,0.3,0,200
1238,12,260.9,260.93,14,1,155,0,0,0,0,0,0,0,0,0,0,0,0,0.48056,0.028174,0.48056,0.028174,0,1,0,0.0333,0,1801.8,0,1,0,0.0333,0,1801.8
1238,12,260.93,260.97,21,1,156,0,0,0,0,0,0,0,0,0,0,0,0,0.32068,0.030288,0.32068,0.030288,0,1,0,0.0333,0,1801.8,0,1,0,0.0333,0,1801.8
1238,12,264.87,264.97,11,1,157,0,0,0,0,0,0,1,0,0.0999,0,600.6,0,0.085394,0.032322,0.085394,0.032322,1,0,0.0999,0,600.6,0,0,1,0,0.0999,0,600.6
1238,12,264.97,265,6,1,158,0,0,0,0,0,0,0,1,0,0.0333,0,1801.8,0,0,0,0,0,1,0,0.0333,0,1801.8,0,1,0,0.0333,0,1801.8
1238,12,265.03,265.4,6,1,159,0.3636,0,0.13333,0,163.62,0,0,0.4546,0,0.1667,0,163.62,0.10296,0.032207,0.10938,0.031689,0,1,0,0.3667,0,163.62,0,1,0,0.3667,0,163.62
1238,12,265.4,265.43,8,1,160,0,1,0,0.0333,0,1801.8,0,0,0,0,0,0,0.11936,0.046603,0.11936,0.046603,0,1,0,0.0333,0,1801.8,0,1,0,0.0333,0,1801.8
1238,12,265.43,265.9,6,1,161,0.21434,0,0.10003,0,128.56,0,0,0,0,0,0,0,0.093264,0.037173,0.099479,0.034059,0,1,0,0.4667,0,128.56,0,1,0,0.4667,0,128.56
1238,12,265.93,266.6,6,1,162,0,0,0,0,0,0,0,0,0,0,0,0,0.056605,0.018293,0.05354,0.017051,0,1,0,0.6667,0,89.996,0,1,0,0.6667,0,89.996
1238,12,266.9,266.97,18,1,163,0,0,0,0,0,0,0,1,0,0.0666,0,900.9,0.14782,0.048351,0.14782,0.048351,0,2,0,0.0666,0,1801.8,0,1,0,0.0666,0,900.9
1238,12,268.23,268.33,6,1,164,1,0,0.1,0,600,0,0,0,0,0,0,0,0.063362,0.031284,0.063044,0.031071,0,2,0,0.1,0,1200,0,1,0,0.1,0,600
1238,12,268.83,268.9,10,1,165,0,1,0,0.0667,0,899.55,0,0,0,0,0,899.55,0.11422,0.035738,0.11422,0.035738,0,2,0,0.0667,0,1799.1,0,1,0,0.0667,0,899.55
1238,12,269.37,269.4,14,1,166,0,1,0,0.0333,0,1801.8,0,0,0,0,0,0,0,0,0,0,0,1,0,0.0333,0,1801.8,0,1,0,0.0333,0,1801.8
1239,12,54.4,54.433,20,1,1,0,0,0,0,0,0,0,0,0,0,0,0,0.14183,0,0.14183,0,1,0,0.0333,0,1801.8,0,0,1,0,0.0333,0,1801.8
1239,12,55.833,56.1,3,1,2,0,1,0,0.2667,0,224.97,0,0,0,0,0,0,0.077158,0,0.077119,0,0,1,0,0.2667,0,224.97,0,0.99988,0,0.26667,0,224.97
1239,12,56.133,56.367,3,1,3,0,1,0,0.2333,0,257.18,0,0,0,0,0,0,0.056934,0.01611,0.057813,0.016458,0,1,0,0.2333,0,257.18,0,1,0,0.2333,0,257.18
1239,12,61.8,62.2,20,1,4,1,0,0.4,0,150,0,0,0,0,0,0,0,0.23718,0,0.22939,0,0.41667,0,0.16667,0,150,0,0,1,0,0.4,0,150
1239,12,67.767,68.367,20,1,5,1,0,0.5999,0,100.02,0,0,0.55559,0,0.3333,0,100.02,0.13982,0.029289,0.13862,0.029606,0.16658,0,0.099933,0,100.02,0,0,1,0,0.5999,0,100.02
1239,12,69,69.3,23,1,6,0,0.44444,0,0.13333,0,200,0,0.66667,0,0.2,0,200,0.21859,0.022246,0.19897,0.022246,0,0.44444,0,0.13333,0,200,0,1,0,0.3,0,200
1239,12,71.267,72.467,20,1,7,0,0.19446,0,0.23333,0,50.004,0.22221,0,0.26663,0,50.004,0,0.17906,0.032466,0.18703,0.026577,0.38887,0,0.4666,0,50.004,0,0,1,0,1.1999,0,50.004
1239,12,72.8,73.167,17,1,8,0,1,0,0.3666,0,163.67,0,0,0,0,0,0,0.062921,0,0.060469,0,0,1,0,0.3666,0,163.67,0,1,0,0.3666,0,163.67
1239,12,73.167,73.2,23,1,9,0,1,0,0.0333,0,1801.8,0,0,0,0,0,0,0,0,0,0,0,1,0,0.0333,0,1801.8,0,1,0,0.0333,0,1801.8
1239,12,73.567,73.6,23,1,10,0,1,0,0.0333,0,1801.8,0,0,0,0,0,0,0,0,0,0,0,1,0,0.0333,0,1801.8,0,1,0,0.0333,0,1801.8
1239,12,73.733,73.767,8,1,11,0,1,0,0.0333,0,1801.8,0,0,0,0,0,0,0.053252,0,0.053252,0,0,1,0,0.0333,0,1801.8,0,1,0,0.0333,0,1801.8
1239,12,79,79.033,22,1,12,0,0,0,0,0,0,0,0,0,0,0,0,0.63064,0,0.63064,0,0,1,0,0.0333,0,1801.8,0,1,0,0.0333,0,1801.8
1239,12,79.033,79.067,17,1,13,0,0,0,0,0,0,0,0,0,0,0,0,0.12863,0,0.12863,0,0,1,0,0.0333,0,1801.8,0,1,0,0.0333,0,1801.8
1239,12,79.6,79.633,8,1,14,0,0,0,0,0,1801.8,0,0,0,0,0,0,0.062754,0.031536,0.062754,0.031536,0,1,0,0.0333,0,1801.8,0,1,0,0.0333,0,1801.8
1239,12,79.633,79.667,2,1,15,0,0,0,0,0,0,0,0,0,0,0,0,0.10306,0.039066,0.10306,0.039066,0,1,0,0.0333,0,1801.8,0,1,0,0.0333,0,1801.8
1239,12,79.7,79.733,23,1,16,0,0,0,0,0,0,0,0,0,0,0,0,0.19354,0.046604,0.19354,0.046604,0,1,0,0.0333,0,1801.8,0,1,0,0.0333,0,1801.8
1239,12,79.733,80,24,1,17,0,0.87489,0,0.23333,0,224.97,0,0,0,0,0,0,0.075956,0.033743,0.075894,0.033634,0,1,0,0.2667,0,224.97,0,1,0,0.2667,0,224.97
1239,12,80.067,80.133,24,1,18,0,0,0,0,0,0,0,0,0,0,0,0,0.067497,0.035645,0.067497,0.035645,0,1,0,0.0666,0,900.9,0,1,0,0.0666,0,900.9
1239,12,80.167,80.233,24,1,19,0,1,0,0.0666,0,900.9,0,0,0,0,0,0,0.069857,0.033804,0.069857,0.033804,0,1,0,0.0666,0,900.9,0,1,0,0.0666,0,900.9
1239,12,80.267,80.333,2,1,20,1,0,0.0666,0,900.9,0,0,0,0,0,0,0,0.11566,0.040358,0.11566,0.040358,0,1,0,0.0666,0,900.9,0,1,0,0.0666,0,900.9
1239,12,80.333,80.433,24,1,21,0,1,0,0.1,0,600,0,0,0,0,0,0,0.07602,0.031727,0.076188,0.031901,0,1,0,0.1,0,600,0,1,0,0.1,0,600
1239,12,80.467,80.533,24,1,22,0,1,0,0.0666,0,900.9,0,0,0,0,0,0,0.058594,0.032393,0.058594,0.032393,0,0,0,0,0,0,0,1,0,0.0666,0,900.9
1239,12,80.7,81.233,20,1,23,0.43746,0,0.2333,0,112.51,0,0,0.31252,0,0.16667,0,112.51,0.12268,0.040403,0.11668,0.037774,0,0,0,0,0,0,0,1,0,0.5333,0,112.51
1239,12,81.733,81.833,23,1,24,0,1,0,0.1,0,600,0,0.99967,0,0.099967,0,600,0.13777,0.043577,0.13684,0.042041,0,1,0,0.1,0,600,0,1,0,0.1,0,600
1239,12,82.133,82.167,17,1,25,0,0,0,0,0,0,0,0,0,0,0,0,0.057969,0.025381,0.057969,0.025381,0,2,0,0.0333,0,3603.6,0,1,0,0.0333,0,1801.8
1239,12,82.267,82.633,8,1,26,0,1,0,0.3666,0,163.67,0,0,0,0,0,0,0.1429,0.056391,0.14156,0.053613,0,1.4545,0,0.26662,0,327.33,0,1,0,0.3666,0,163.67
1239,12,83.333,83.4,11,1,27,0,1,0,0.0667,0,899.55,0,0,0,0,0,0,0.07034,0.012244,0.07034,0.012244,0,1,0,0.0667,0,899.55,0,1,0,0.0667,0,899.55
1239,12,88.867,89.067,17,1,28,0,0.66683,0,0.1333,0,300.15,0,1,0,0.1999,0,300.15,0.11417,0.05646,0.11777,0.057784,0,1,0,0.1999,0,300.15,0,1,0,0.1999,0,300.15
1239,12,89.933,90.167,17,1,29,0,0.42835,0,0.099933,0,257.18,0,0,0,0,0,0,0.090361,0.042433,0.092402,0.040071,0,1,0,0.2333,0,257.18,0,1,0,0.2333,0,257.18
1239,12,90.2,90.233,17,1,30,0,1,0,0.0333,0,1801.8,0,0,0,0,0,0,0.065964,0.033615,0.065964,0.033615,0,1,0,0.0333,0,1801.8,0,1,0,0.0333,0,1801.8
1239,12,90.5,90.7,17,1,31,0,0.16667,0,0.033333,0,300,0,0,0,0,0,0,0.080581,0.029452,0.080781,0.02985,0,0,0,0,0,0,0,1,0,0.2,0,300
1239,12,91.433,91.467,24,1,32,0,1,0,0.0333,0,1801.8,0,1,0,0.0333,0,1801.8,0.083984,0.046634,0.083984,0.046634,0,0.999,0,0.033267,0,1801.8,0,1,0,0.0333,0,1801.8
1239,12,91.567,92.2,23,1,33,0,1,0,0.6333,0,94.742,0,1,0,0.6333,0,94.742,0.20375,0.045477,0.2041,0.045112,0,1,0,0.6333,0,94.742,0,1,0,0.6333,0,94.742
1239,12,92.333,92.367,22,1,34,0,0,0,0,0,0,0,1,0,0.0333,0,1801.8,0.064818,0,0.064818,0,0,1,0,0.0333,0,1801.8,0,1,0,0.0333,0,1801.8
1239,12,92.433,92.467,5,1,35,0,0,0,0,0,0,0,1,0,0.0333,0,1801.8,0.082725,0.05263,0.082725,0.05263,0,1,0,0.0333,0,1801.8,0,1,0,0.0333,0,1801.8
1239,12,92.467,92.5,16,1,36,0,0,0,0,0,0,0,1,0,0.0333,0,1801.8,0,0,0,0,0,1,0,0.0333,0,1801.8,0,1,0,0.0333,0,1801.8
1239,12,93.567,94.1,20,1,37,0,0,0,0,0,0,0,0,0,0,0,0,0.16,0.033447,0.164,0.033193,0,0,0,0,0,0,0,1,0,0.5333,0,112.51
1239,12,97.367,97.467,20,1,38,0,0,0,0,0,0,0,0,0,0,0,0,0.095739,0.035747,0.095739,0.035747,0,0,0,0,0,0,0,1,0,0.0999,0,600.6
1239,12,97.7,98,7,1,39,0,0,0,0,0,0,0,0,0,0,0,0,0.056878,0.01306,0.055781,0.01306,0,0,0,0,0,0,0,1,0,0.3,0,200
1239,12,98.033,98.167,7,1,40,0,0.74969,0,0.099933,0,450.11,0,0,0,0,0,0,0.059989,0.032852,0.060091,0.032852,0,0,0,0,0,0,0,1,0,0.1333,0,450.11
1239,12,99.733,100.3,20,1,41,0,0,0,0,0,0,0,0,0,0,0,0,0.34573,0,0.39609,0,0.88236,0,0.50003,0,105.88,0,0,1,0,0.5667,0,105.88
1239,12,100.3,100.57,22,1,42,0,0,0,0,0,0,0,0,0,0,0,0,0.083772,0,0.077813,0,0,0,0,0,0,0,0,1,0,0.2666,0,225.06
1239,12,102.23,102.27,23,1,43,0,0,0,0,0,0,0,0,0,0,0,0,0.1647,0.035563,0.1647,0.035563,0,0,0,0,0,0,0,1,0,0.0333,0,1801.8
1239,12,102.43,102.77,20,1,44,0,0,0,0,0,0,0.49985,0,0.1666,0,180.02,0,0.063791,0,0.058382,0,0,0,0,0,0,0,0,1.8999,0,0.31662,0,360.04
1239,12,102.77,102.9,16,1,45,0,0,0,0,0,0,0,1,0,0.1333,0,450.11,0.48652,0.090872,0.48598,0.091794,0,0,0,0,0,0,0,1,0,0.1333,0,450.11
1239,12,102.93,102.97,20,1,46,0,0,0,0,0,0,1,0,0.0333,0,1801.8,0,0.08252,0,0.08252,0,0,0,0,0,0,0,0,1,0,0.0333,0,1801.8
1239,12,103.27,103.73,2,1,47,0,0,0,0,0,0,0,1,0,0.4666,0,128.59,0.63991,0,0.62789,0,0,0.85719,0,0.39997,0,128.59,0,1,0,0.4666,0,128.59
1239,12,109.47,109.5,20,1,48,0,0,0,0,0,0,0,0,0,0,0,0,0,0,0,0,1,0,0.0333,0,1801.8,0,0,1,0,0.0333,0,1801.8
1239,12,109.83,109.97,5,1,49,0,0,0,0,0,0,0,0,0,0,0,0,0.058276,0,0.05736,0,0,1,0,0.1333,0,450.11,0,1,0,0.1333,0,450.11
1239,12,115.1,115.9,3,1,50,0.375,0,0.3,0,75,0,0,1,0,0.8,0,75,0.083434,0,0.081849,0,1,0,0.8,0,75,0,0,1,0,0.8,0,75
1239,12,121.03,121.1,17,1,51,0,0,0,0,0,0,0,0,0,0,0,0,0.065474,0,0.065474,0,0,0,0,0,0,0,0,1,0,0.0667,0,899.55
1239,12,145.77,145.8,23,1,52,0,1,0,0.0333,0,1801.8,0,0,0,0,0,0,0,0,0,0,0,0,0,0,0,0,0,1,0,0.0333,0,1801.8
1239,12,145.87,145.97,16,1,53,0,1,0,0.0999,0,600.6,0,0,0,0,0,0,0.092228,0,0.092228,0,0,0,0,0,0,0,0,1,0,0.0999,0,600.6
1239,12,145.97,146,21,1,54,0,1,0,0.0333,0,1801.8,0,0,0,0,0,0,0,0,0,0,0,0,0,0,0,0,0,1,0,0.0333,0,1801.8
1239,12,146,146.03,16,1,55,0,1,0,0.0333,0,1801.8,0,0,0,0,0,0,0.1049,0,0.1049,0,0,0,0,0,0,0,0,1,0,0.0333,0,1801.8
1239,12,146.07,146.2,16,1,56,0,1,0,0.1333,0,450.11,0,0,0,0,0,0,0.19563,0,0.19585,0,0,0,0,0,0,0,0,1,0,0.1333,0,450.11
1239,12,146.2,146.23,3,1,57,0,1,0,0.0333,0,1801.8,0,0,0,0,0,0,0.29004,0.24999,0.29004,0.24999,0,0,0,0,0,0,0,1,0,0.0333,0,1801.8
1239,12,146.23,146.67,16,1,58,0,1,0,0.4333,0,138.47,0,0,0,0,0,0,0.23888,0,0.24696,0,0,0,0,0,0,0,0,1,0,0.4333,0,138.47
1239,12,147.37,147.4,16,1,59,0,1,0,0.0333,0,1801.8,0,0,0,0,0,0,0,0,0,0,0,0,0,0,0,0,0,1,0,0.0333,0,1801.8
1239,12,168,168.2,8,1,60,0,0,0,0,0,0,0,0,0,0,0,0,0.060333,0.02946,0.062269,0.02946,0,0,0,0,0,0,0,1.3333,0,0.13333,0,600
1239,12,168.33,168.37,23,1,61,0,0,0,0,0,0,0,0,0,0,0,0,0.10764,0.057852,0.10764,0.057852,0,0,0,0,0,0,0,2,0,0.0333,0,3603.6
1239,12,168.93,169.07,16,1,62,0,0,0,0,0,0,0,0,0,0,0,0,0.22208,0.18173,0.21947,0.18173,0,0,0,0,0,0,0,1,0,0.1333,0,450.11
1239,12,183.83,184.2,17,1,63,0,0,0,0,0,0,0,1,0,0.3667,0,163.62,0.23908,0,0.24497,0,0,1,0,0.3667,0,163.62,0,1.7272,0,0.31668,0,327.24
1239,12,184.2,184.23,23,1,64,0,0,0,0,0,0,0,1,0,0.0333,0,1801.8,0.058271,0,0.058271,0,0,1,0,0.0333,0,1801.8,0,2,0,0.0333,0,3603.6
1239,12,184.3,184.33,15,1,65,0,0,0,0,0,0,0,1,0,0.0333,0,1801.8,0.39684,0,0.39684,0,0,1,0,0.0333,0,1801.8,0,2,0,0.0333,0,3603.6
1239,12,204.23,204.57,3,1,66,0,0.9999,0,0.33327,0,180.02,0,0,0,0,0,0,0.059517,0,0.059798,0,0,0,0,0,0,0,0,1.4998,0,0.24995,0,360.04
1239,12,204.57,204.63,23,1,67,0,0,0,0,0,0,0,0,0,0,0,0,0.24313,0.074922,0.24313,0.074922,0,0,0,0,0,0,0,2,0,0.0666,0,1801.8
1239,12,204.63,205.37,3,1,68,0,0,0,0,0,0,0,0.49993,0,0.3666,0,81.822,0.085452,0.019991,0.083698,0.021328,0,0,0,0,0,0,0,1.4092,0,0.34444,0,245.47
1239,12,205.77,205.97,3,1,69,0,1,0,0.1999,0,300.15,0,1,0,0.1999,0,300.15,0.058025,0.021463,0.058271,0.021299,0,0,0,0,0,0,0,1,0,0.1999,0,300.15
1239,12,206.37,207.03,3,1,70,0,1,0,0.6666,0,90.009,0,1,0,0.6666,0,90.009,0.055775,0.019046,0.054505,0.01959,0,0,0,0,0,0,0,1,0,0.6666,0,90.009
1239,12,219.83,219.9,21,1,71,0,1,0,0.0667,0,899.55,0,0,0,0,0,0,0.10485,0,0.10485,0,0,0,0,0,0,0,0,1,0,0.0667,0,899.55
1239,12,240.57,240.77,9,1,72,0,0,0,0,0,0,0,0,0,0,0,0,0.14058,0,0.13955,0,0,0,0,0,0,0,0,1,0,0.1999,0,300.15
1239,12,336.63,336.67,21,1,73,0,0,0,0,0,0,0,0,0,0,0,0,0.18907,0.044082,0.18907,0.044082,0,0,0,0,0,0,0,1,0,0.0333,0,1801.8
1239,12,336.73,337.77,16,1,74,0,0,0,0,0,0,0,0,0,0,0,0,0.14208,0.04179,0.14754,0.050781,0,0,0,0,0,0,0,1,0,1.0333,0,58.066
1239,12,337.9,338.43,10,1,75,0,0,0,0,0,0,0,0,0,0,0,0,0.059441,0,0.059245,0,0,0,0,0,0,0,0,1,0,0.5333,0,112.51
1239,12,364.97,365.03,17,1,76,0,0,0,0,0,0,0,0,0,0,0,0,0.071777,0,0.071777,0,0,0,0,0,0,0,0,1,0,0.0666,0,900.9
1239,12,365.5,365.73,17,1,77,0,0,0,0,0,0,0,0.28561,0,0.066633,0,257.18,0.087091,0.016178,0.09486,0.0094434,0,0,0,0,0,0,0,2,0,0.2333,0,514.36
1239,12,366.4,366.5,3,1,78,0,1,0,0.1,0,600,0,0,0,0,0,0,0.069034,0.0076497,0.069316,0.0076497,0,0,0,0,0,0,0,1,0,0.1,0,600
1239,12,366.53,367.1,3,1,79,0,5.882e-05,0,3.3333e-05,0,105.88,0,0.35292,0,0.2,0,105.88,0.10331,0.0090673,0.092344,0.0086263,0,0,0,0,0,0,0,1,0,0.5667,0,105.88
